0.0 0.0 0.0 -1.25496218107 0.769129356329 5.79591993221 9.76354123194 0.0002 0.0002
0.0 0.0 0.0 -1.25496218107 0.769129356329 5.79591993221 9.76354123194 0.0002 0.0002
0.0 0.0 0.0 -1.25496218107 0.769129356329 5.79591993221 9.76354123194 0.0002 0.0002
0.423 0.0667594163758 0.0447878985559 -1.4428866926 0.700175904917 6.93711000577 9.14202510643 0.0002 0.0002
0.423 0.0667594163758 0.0447878985559 -1.4428866926 0.700175904917 6.93711000577 9.14202510643 0.0002 0.0002
0.877 0.126486659391 0.0961923158198 -1.64458344965 0.626169127279 8.33882145036 8.53986446181 0.0002 0.0002
0.877 0.126486659391 0.0961923158198 -1.64458344965 0.626169127279 8.33882145036 8.53986446181 0.0002 0.0002
1.357 0.179022448202 0.154383895826 -1.85783112231 0.547924076032 10.0199804449 7.97629972422 0.0002 0.0002
1.357 0.179022448202 0.154383895826 -1.85783112231 0.547924076032 10.0199804449 7.97629972422 0.0002 0.0002
1.89 0.227394322413 0.223635578898 -2.09462489216 0.461039467042 12.1266395006 7.43852215576 0.0002 0.0002
1.89 0.227394322413 0.223635578898 -2.09462489216 0.461039467042 12.1266395006 7.43852215576 0.0002 0.0002
2.475 0.271179996266 0.30505861889 -2.3545204932 0.365678310835 14.729389551 6.95489225571 0.0002 0.0002
2.475 0.271179996266 0.30505861889 -2.3545204932 0.365678310835 14.729389551 6.95489225571 0.0002 0.0002
3.06 0.307484137912 0.391624494297 -2.61441609425 0.270317154627 17.6362174547 6.58283490841 0.0002 0.0002
3.06 0.307484137912 0.391624494297 -2.61441609425 0.270317154627 17.6362174547 6.58283490841 0.0002 0.0002
3.645 0.337998020731 0.482428938122 -2.8743116953 0.174955998419 20.8471232116 6.32235011388 0.0002 0.0002
3.645 0.337998020731 0.482428938122 -2.8743116953 0.174955998419 20.8471232116 6.32235011388 0.0002 0.0002
4.6635 0.380811662332 0.646702367221 -3.32679660072 0.00892978030411 27.1629520111 6.13506244825 0.0002 0.0002
5.0 0.393012521176 0.700154293621 2.95767002299 -1.53097501429 27.2904668731 6.63442543722 0.0002 0.0002
5.0 0.393012521176 0.700154293621 2.95767002299 -1.53097501429 27.2904668731 6.63442543722 0.0002 0.0002
5.3365 0.40616238419 0.746093615405 8.35066556162 -3.55674282081 23.383999719 8.30363863041 0.0002 0.0002
5.7585 0.427407908084 0.789108157882 7.07416940936 -4.25047207404 16.8747193613 11.598283316 0.0002 0.0002
6.025 0.444839792891 0.810381711869 3.5266368738 -2.00462090205 14.0984795228 13.2953539966 0.0002 0.0002
6.025 0.444839792891 0.810381711869 3.5266368738 -2.00462090205 14.0984795228 13.2953539966 0.0002 0.0002
6.2915 0.464715101572 0.829983634169 0.740062401505 0.658759508858 12.9810757905 13.6604999535 0.0002 0.0002
6.973 0.519282589956 0.881521585913 0.658809325174 0.587221385729 12.0277447088 12.8113639738 0.0002 0.0002
6.973 0.519282589956 0.881521585913 0.658809325174 0.587221385729 12.0277447088 12.8113639738 0.0002 0.0002
7.482 0.562787632981 0.922178592962 0.598122874914 0.533790857962 11.3879662189 12.2407687418 0.0002 0.0002
7.482 0.562787632981 0.922178592962 0.598122874914 0.533790857962 11.3879662189 12.2407687418 0.0002 0.0002
7.992 0.608771932377 0.964764560211 0.537317197836 0.480255358629 10.8088917818 11.7236051713 0.0002 0.0002
7.992 0.608771932377 0.964764560211 0.537317197836 0.480255358629 10.8088917818 11.7236051713 0.0002 0.0002
8.498 0.656756286595 1.00881042157 0.476988428029 0.427139745564 10.2956531351 11.2644632486 0.0002 0.0002
8.498 0.656756286595 1.00881042157 0.476988428029 0.427139745564 10.2956531351 11.2644632486 0.0002 0.0002
8.9873 0.705345246495 1.053040216 0.41865074608 0.375777157674 9.85741688723 10.8715960079 0.0002 0.0002
8.9873 0.705345246495 1.053040216 0.41865074608 0.375777157674 9.85741688723 10.8715960079 0.0002 0.0002
9.4566 0.753884123975 1.09689140452 0.362697600486 0.32651400113 9.49073010819 10.542010767 0.0002 0.0002
9.4566 0.753884123975 1.09689140452 0.362697600486 0.32651400113 9.49073010819 10.542010767 0.0002 0.0002
9.9277 0.804389090118 1.14220992919 0.306529846621 0.277061895765 9.17545705786 10.257666162 0.0002 0.0002
9.9277 0.804389090118 1.14220992919 0.306529846621 0.277061895765 9.17545705786 10.257666162 0.0002 0.0002
16.240021 1.5214050987 1.78048184098 -0.446068099142 -0.38555233304 10.0562672996 10.9424926275 0.0002 0.0002
16.240021 1.5214050987 1.78048184098 -0.446068099142 -0.38555233304 10.0562672996 10.9424926275 0.0002 0.0002
17.480021 1.63872057671 1.88872641104 -0.382727428512 -0.515833917675 11.0930605476 12.0612148883 0.0002 0.0002
17.480021 1.63872057671 1.88872641104 -0.382727428512 -0.515833917675 11.0930605476 12.0612148883 0.0002 0.0002
17.480021 1.63872057671 1.88872641104 -0.382727428512 -0.515833917675 11.0930605476 12.0612148883 0.0002 0.0002
17.480021 1.63872057671 1.88872641104 -0.382727428512 -0.515833917675 11.0930605476 12.0612148883 0.0002 0.0002
18.720021 1.74640654073 1.98613167349 -0.283560979823 -0.64611550231 11.9265632633 13.5033255051 0.0002 0.0002
18.720021 1.74640654073 1.98613167349 -0.729111450256 -0.141660623028 11.9265632633 13.5033255051 0.0002 0.0002
20.0 1.84561306288 2.07939426865 -0.893485736618 -0.238352750845 14.0034535879 13.9897346434 0.0002 0.0002
20.0 1.84561306288 2.07939426865 -0.893485736618 -0.238352750845 14.0034535879 13.9897346434 0.0002 0.0002
22.328798 1.98940176165 2.23815869125 -1.19254885354 -0.414274726029 18.8614067694 15.5095722063 0.0002 0.0002
22.595298 2.0031035815 2.2554654536 -4.46257701832 2.03226893073 20.3472646412 15.0720890986 0.0002 0.0002
22.595298 2.0031035815 2.2554654536 -4.46257701832 2.03226893073 20.3472646412 15.0720890986 0.0002 0.0002
22.861798 2.01531245148 2.27408161005 -8.51110963145 4.134297156 23.7560401257 13.404735478 0.0002 0.0002
23.218798 2.0286352899 2.3040002717 -9.61473289008 3.65245315077 30.2269659059 10.6248656185 0.0002 0.0002
23.355298 2.03297869048 2.31742681096 -7.36544736707 2.67311133613 32.5534258504 9.76462542643 0.0002 0.0002
23.355298 2.03297869048 2.31742681096 -7.36544736707 2.67311133613 32.5534258504 9.76462542643 0.0002 0.0002
23.555298 2.03890174121 2.33891062725 -3.50958575783 1.44365390719 34.7459796215 8.94778871324 0.0002 0.0002
23.555298 2.03890174121 2.33891062725 -3.50958575783 1.44365390719 34.7459796215 8.94778871324 0.0002 0.0002
23.891798 2.04847812213 2.37773232362 3.52680402474 -0.364355406318 34.7400509644 8.59260257427 0.0002 0.0002
27.336298 2.19977858347 2.71421094009 2.19438269322 -0.818440660329 15.0334233144 12.6667436258 0.0002 0.0002
27.336298 2.19977858347 2.71421094009 2.19438269322 -0.818440660329 15.0334233144 12.6667436258 0.0002 0.0002
28.003298 2.24889243029 2.76465007153 1.93636991106 -0.906370654356 12.2782113274 13.8171927727 0.0002 0.0002
28.003298 2.24889243029 2.76465007153 1.93636991106 -0.906370654356 12.2782113274 13.8171927727 0.0002 0.0002
28.805298 2.32353038535 2.81973690981 1.62613565126 -1.01209757371 9.4210818664 15.3558042916 0.0002 0.0002
28.855298 2.32888120868 2.82298384437 1.34162213525 -0.576854363525 9.27276469666 15.4352897955 0.0002 0.0002
28.855298 2.32888120868 2.82298384437 1.34162213525 -0.576854363525 9.27276469666 15.4352897955 0.0002 0.0002
29.055298 2.3509160118 2.83594260283 0.264693244258 1.17202107361 8.95393053804 15.3153398673 0.0002 0.0002
29.055298 2.3509160118 2.83594260283 0.264693244258 1.17202107361 8.95393053804 15.3153398673 0.0002 0.0002
29.305298 2.37870440047 2.85278814638 -1.05842920224 3.19046252551 9.15003226254 14.2115284342 0.0002 0.0002
32.666098 2.63726414857 3.61946947222 -1.83720365869 0.546795083237 18.8816751815 1.65135306277 0.0002 0.0002
32.716098 2.63990077392 3.65023121445 -1.24699275873 0.456917994146 19.0359662641 1.60119382111 0.0002 0.0002
32.716098 2.63990077392 3.65023121445 -1.24699275873 0.456917994146 19.0359662641 1.60119382111 0.0002 0.0002
32.916098 2.65035807444 3.78078017287 1.1547312441 0.120870125986 19.0545756338 1.48660013581 0.0002 0.0002
32.916098 2.65035807444 3.78078017287 1.1547312441 0.120870125986 19.0545756338 1.48660013581 0.0002 0.0002
33.166098 2.66386028207 3.94857526892 3.96662308894 -0.285706213702 17.7571100347 1.52727505424 0.0002 0.0002
36.526898 3.31329762642 4.88220812135 0.799443356374 -2.66585084357 1.73931392528 11.4468680123 0.0002 0.0002
36.576898 3.34269101253 4.88652884822 0.681664238997 -2.20431531012 1.6653109327 11.6905488721 0.0002 0.0002
36.576898 3.34269101253 4.88652884822 0.681664238997 -2.20431531012 1.6653109327 11.6905488721 0.0002 0.0002
36.776898 3.47119461083 4.90319580613 0.259180720186 -0.212384629982 1.47924495571 12.1794396543 0.0002 0.0002
36.776898 3.47119461083 4.90319580613 0.259180720186 -0.212384629982 1.47924495571 12.1794396543 0.0002 0.0002
37.026898 3.64302911539 4.92399806734 -0.225050094563 2.28539965715 1.47086018832 11.6518136014 0.0002 0.0002
37.333412 3.83951642576 4.95197956856 -0.443995568909 2.12169531882 1.67593205081 10.3009772919 0.0002 0.0002
37.333412 3.83951642576 4.95197956856 -0.443995568909 2.12169531882 1.67593205081 10.3009772919 0.0002 0.0002
40.387698 4.62857270201 5.62635583408 -2.62569721078 0.490448887344 11.0516517321 2.32274181304 0.0002 0.0002
40.437698 4.63304700542 5.64809231008 -2.16538556193 0.363742862995 11.2913812981 2.28006344721 0.0002 0.0002
40.437698 4.63304700542 5.64809231008 -2.16538556193 0.363742862995 11.2913812981 2.28006344721 0.0002 0.0002
40.637698 4.65029862571 5.73738199986 -0.176821115189 -0.121890056659 11.7653846524 2.2322512991 0.0002 0.0002
40.637698 4.65029862571 5.73738199986 -0.176821115189 -0.121890056659 11.7653846524 2.2322512991 0.0002 0.0002
40.887698 4.6718589231 5.84549370633 2.31016234155 -0.761476774439 11.2220747838 2.44914019686 0.0002 0.0002
41.194212 4.70100366911 5.95926275229 2.1370808667 -0.95919725879 9.85893247908 2.97655087749 0.0002 0.0002
41.194212 4.70100366911 5.95926275229 2.1370808667 -0.95919725879 9.85893247908 2.97655087749 0.0002 0.0002
44.248498 5.44299161031 0.153335720046 0.412395124774 -2.9294006011 2.072103651 14.8534408806 0.0002 0.0002
44.298498 5.46734197713 0.156671400647 0.297693341071 -2.31884433158 2.03662435317 15.1160391448 0.0002 0.0002
44.298498 5.46734197713 0.156671400647 0.297693341071 -2.31884433158 2.03662435317 15.1160391448 0.0002 0.0002
44.498498 5.56700502015 0.169650842312 -0.145275364136 0.266234791437 2.00648157509 15.5312773846 0.0002 0.0002
44.498498 5.56700502015 0.169650842312 -0.145275364136 0.266234791437 2.00648157509 15.5312773846 0.0002 0.0002
44.748498 5.68672593065 0.186108928215 -0.734364701374 3.40629472543 2.2225786808 14.5965347713 0.0002 0.0002
44.854298 5.73268804936 0.193540576606 -0.807638616783 3.31494558741 2.38572263186 13.8854275462 0.0002 0.0002
44.854298 5.73268804936 0.193540576606 -0.807638616783 3.31494558741 2.38572263186 13.8854275462 0.0002 0.0002
45.055012 5.81130418958 0.208721930136 -0.946647129614 3.14164642967 2.73783234116 12.5894991361 0.0002 0.0002
45.055012 5.81130418958 0.208721930136 -0.946647129614 3.14164642967 2.73783234116 12.5894991361 0.0002 0.0002
48.109298 0.0252495052428 1.00408514017 -3.06195425627 0.504534961177 14.9812474336 1.45301836053 0.0002 0.0002
48.159298 0.0285556330121 1.03906391995 -2.42608537226 0.39960903588 15.2558504524 1.40784422306 0.0002 0.0002
48.159298 0.0285556330121 1.03906391995 -2.42608537226 0.39960903588 15.2558504524 1.40784422306 0.0002 0.0002
48.359298 0.0414067668035 1.18674904898 0.272027743522 0.00622541076216 15.6917795402 1.32761478018 0.0002 0.0002
48.359298 0.0414067668035 1.18674904898 0.272027743522 0.00622541076216 15.6917795402 1.32761478018 0.0002 0.0002
48.609298 0.0577073047973 1.36982470894 3.54735810928 -0.490691848422 14.7190670822 1.44656258659 0.0002 0.0002
48.715098 0.0650832025027 1.44031271918 3.44971872121 -0.58144102545 13.9787763536 1.55999424464 0.0002 0.0002
48.715098 0.0650832025027 1.44031271918 3.44971872121 -0.58144102545 13.9787763536 1.55999424464 0.0002 0.0002
48.915812 0.0801888138092 1.55945371209 3.26448628133 -0.753601992541 12.6311414107 1.82795606896 0.0002 0.0002
48.915812 0.0801888138092 1.55945371209 3.26448628133 -0.753601992541 12.6311414107 1.82795606896 0.0002 0.0002
51.970098 0.934390951285 2.19626247904 0.445784806364 -3.37339349453 1.29891237132 14.4329806072 0.0002 0.0002
52.020098 0.973508616599 2.19968913512 0.346201524377 -2.78949550614 1.25934107442 14.7413434646 0.0002 0.0002
52.020098 0.973508616599 2.19968913512 0.346201524377 -2.78949550614 1.25934107442 14.7413434646 0.0002 0.0002
52.220098 1.13807313505 2.21290553721 -0.0308249574113 -0.269354314221 1.19697087402 15.3601408899 0.0002 0.0002
52.220098 1.13807313505 2.21290553721 -0.0308249574113 -0.269354314221 1.19697087402 15.3601408899 0.0002 0.0002
52.470098 1.33926329699 2.22940071711 -0.514100376547 2.89090427548 1.33084046309 14.692898157 0.0002 0.0002
52.575898 1.4154923827 2.23675442498 -0.614610436746 2.82352442692 1.45025806714 14.0883116003 0.0002 0.0002
52.575898 1.4154923827 2.23675442498 -0.614610436746 2.82352442692 1.45025806714 14.0883116003 0.0002 0.0002
55.830898 2.1716980602 2.82331955054 -3.70686228879 0.750543263868 15.5166517888 2.45472126674 0.0002 0.0002
55.880898 2.17488466279 2.84398639065 -3.05776957874 0.614019226459 15.8551311 2.38654302422 0.0002 0.0002
55.880898 2.17488466279 2.84398639065 -3.05776957874 0.614019226459 15.8551311 2.38654302422 0.0002 0.0002
56.080898 2.18716859122 2.93104048557 -0.253265639933 0.110533288007 16.525201742 2.24330562655 0.0002 0.0002
56.080898 2.18716859122 2.93104048557 -0.253265639933 0.110533288007 16.525201742 2.24330562655 0.0002 0.0002
56.330898 2.20251884248 3.04137856263 3.25491932237 -0.504764778593 15.7607522758 2.34009923077 0.0002 0.0002
56.436698 2.20938156425 3.08555279503 3.17708686508 -0.561495926494 15.0802460212 2.45290961337 0.0002 0.0002
56.436698 2.20938156425 3.08555279503 3.17708686508 -0.561495926494 15.0802460212 2.45290961337 0.0002 0.0002
59.691698 2.81124686785 3.73568382664 0.782524970274 -2.30686347299 2.19170949709 11.7894194587 0.0002 0.0002
59.741698 2.8344538772 3.73988674875 0.655785600695 -1.82376464041 2.11984483884 11.9960972052 0.0002 0.0002
59.741698 2.8344538772 3.73988674875 0.655785600695 -1.82376464041 2.11984483884 11.9960972052 0.0002 0.0002
59.941698 2.93350039333 3.75624566697 0.19446410233 0.22069180831 1.95169529466 12.320393556 0.0002 0.0002
59.941698 2.93350039333 3.75624566697 0.19446410233 0.22069180831 1.95169529466 12.320393556 0.0002 0.0002
60.191698 3.06182356912 3.77699580168 -0.351558567251 2.70219836993 1.99028825722 11.5764571867 0.0002 0.0002
60.498212 3.20689226939 3.80550579176 -0.524597379187 2.48238662714 2.25884232099 9.9873093009 0.0002 0.0002
60.498212 3.20689226939 3.80550579176 -0.524597379187 2.48238662714 2.25884232099 9.9873093009 0.0002 0.0002
62.097498 3.68346402073 4.06528296424 -1.42745515856 1.3354835725 5.38073261587 3.8814429408 0.0002 0.0002
62.097498 3.68346402073 4.06528296424 -1.42745515856 1.3354835725 5.38073261587 3.8814429408 0.0002 0.0002
63.552498 3.87614449308 4.70920137489 -2.2488580027 0.292052976292 10.7297682655 1.5133772623 0.0002 0.0002
63.602498 3.88075848055 4.74253181235 -1.92986049373 0.209019701479 10.9388147423 1.48833686796 0.0002 0.0002
63.602498 3.88075848055 4.74253181235 -1.92986049373 0.209019701479 10.9388147423 1.48833686796 0.0002 0.0002
63.802498 3.89856273738 4.87875336181 -0.55279279915 -0.115008182227 11.4395894074 1.46969204296 0.0002 0.0002
63.802498 3.89856273738 4.87875336181 -0.55279279915 -0.115008182227 11.4395894074 1.46969204296 0.0002 0.0002
64.052498 3.9204388642 5.04199739681 1.22981153175 -0.540556121639 11.268061175 1.631450374 0.0002 0.0002
68.445984 4.56337337244 5.87344824079 0.250197204687 -4.02044539348 4.76566351153 21.6701466767 0.0002 0.0002
68.445984 4.56337337244 5.87344824079 0.250197204687 -4.02044539348 4.76566351153 21.6701466767 0.0002 0.0002
68.646698 4.60591291973 5.88237771161 0.205444061046 -4.17942222767 4.67420993052 23.3159749064 0.0002 0.0002
68.646698 4.60591291973 5.88237771161 0.205444061046 -4.17942222767 4.67420993052 23.3159749064 0.0002 0.0002
68.752498 4.62864959041 5.8868308894 0.18185386506 -4.26322180844 4.63323380994 24.2092066454 0.0002 0.0002
68.802498 4.63945698249 5.88887912883 0.042561062224 -3.62005706359 4.62201824818 24.6035529166 0.0002 0.0002
68.802498 4.63945698249 5.88887912883 0.042561062224 -3.62005706359 4.62201824818 24.6035529166 0.0002 0.0002
69.002498 4.68246300014 5.896832733 -0.519985105169 -0.883871091239 4.71680297087 25.5110613235 0.0002 0.0002
69.002498 4.68246300014 5.896832733 -0.519985105169 -0.883871091239 4.71680297087 25.5110613235 0.0002 0.0002
69.252498 4.7334268575 5.90666081511 -1.29477998366 2.61665643287 5.1653222964 25.0727877685 0.0002 0.0002
69.7 4.81116757497 5.92538112841 -1.52665691 2.47660422174 6.42792094919 22.793543439 0.0002 0.0002
69.7 4.81116757497 5.92538112841 -1.52665691 2.47660422174 6.42792094919 22.793543439 0.0002 0.0002
70.002498 4.8550450242 5.93910249755 -1.68339879376 2.38193310572 7.39895637947 21.3238456145 0.0002 0.0002
70.002498 4.8550450242 5.93910249755 -1.68339879376 2.38193310572 7.39895637947 21.3238456145 0.0002 0.0002
70.251298 4.88685915345 5.95110314432 -1.81231660702 2.304067554 8.26869037118 20.1579686504 0.0002 0.0002
70.251298 4.88685915345 5.95110314432 -1.81231660702 2.304067554 8.26869037118 20.1579686504 0.0002 0.0002
71.491298 5.00502011664 6.02272787901 -2.21258848609 1.91564317572 13.3026075026 14.9208288121 0.0002 0.0002
71.491298 5.00502011664 6.02272787901 -2.21258848609 1.91564317572 13.3026075026 14.9208288121 0.0002 0.0002
71.491298 5.00502011664 6.02272787901 -2.21258848609 1.91564317572 13.3026075026 14.9208288121 0.0002 0.0002
71.491298 5.00502011664 6.02272787901 -2.21258848609 1.91564317572 13.3026075026 14.9208288121 0.0002 0.0002
72.731298 5.08269191272 6.12135319679 -2.41137316664 1.52721879743 19.0857599598 10.647846432 0.0002 0.0002
72.731298 5.08269191272 6.12135319679 -2.41137316664 1.52721879743 19.0857599598 10.647846432 0.0002 0.0002
73.630098 5.12495702499 6.21795533172 -2.73229676844 1.24592636218 23.7088904974 8.15534356253 0.0002 0.0002
73.680098 5.12705459543 6.22413118103 -2.23838566248 1.05865548387 23.9575131099 8.04015546272 0.0002 0.0002
73.680098 5.12705459543 6.22413118103 -2.23838566248 1.05865548387 23.9575131099 8.04015546272 0.0002 0.0002
73.880098 5.13529550677 6.24952526827 -0.188821590431 0.347070176376 24.4457378762 7.76060041723 0.0002 0.0002
73.880098 5.13529550677 6.24952526827 -0.188821590431 0.347070176376 24.4457378762 7.76060041723 0.0002 0.0002
74.130098 5.14559378287 0.0 2.37463530752 -0.514398478362 23.8943699033 7.80206422373 0.0002 0.0002
74.436612 5.15882391998 0.037106025636 2.2894724173 -0.564080122782 22.4647555882 8.13263301368 0.0002 0.0002
74.436612 5.15882391998 0.037106025636 2.2894724173 -0.564080122782 22.4647555882 8.13263301368 0.0002 0.0002
75.985612 5.24051980244 0.20742861878 1.85909299919 -0.815151418733 16.038627758 10.2690626715 0.0002 0.0002
75.985612 5.24051980244 0.20742861878 1.85909299919 -0.815151418733 16.038627758 10.2690626715 0.0002 0.0002
78.030098 5.40605509038 0.377074896996 1.29104606892 -1.14653408469 9.59821253523 14.2797012196 0.0002 0.0002
78.080098 5.41129780933 0.380563546661 1.08233938924 -0.858908453186 9.47958390665 14.3800077181 0.0002 0.0002
78.080098 5.41129780933 0.380563546661 1.08233938924 -0.858908453186 9.47958390665 14.3800077181 0.0002 0.0002
78.280098 5.43276519085 0.394381628419 0.283700122571 0.31488735085 9.20786401436 14.4894123827 0.0002 0.0002
78.280098 5.43276519085 0.394381628419 0.283700122571 0.31488735085 9.20786401436 14.4894123827 0.0002 0.0002
78.530098 5.45988621988 0.411879050978 -0.694232917795 1.74421704771 9.30962699702 13.970180886 0.0002 0.0002
78.635898 5.47116136111 0.419553551542 -0.711074763194 1.71360365663 9.45830854967 13.6043434555 0.0002 0.0002
78.635898 5.47116136111 0.419553551542 -0.711074763194 1.71360365663 9.45830854967 13.6043434555 0.0002 0.0002
78.836612 5.49206377913 0.434688742456 -0.743025558634 1.65552675513 9.75016684167 12.928111814 0.0002 0.0002
78.836612 5.49206377913 0.434688742456 -0.743025558634 1.65552675513 9.75016684167 12.928111814 0.0002 0.0002
83.821298 5.84688408204 1.2520468999 -1.53651621059 0.213200271649 21.1129667851 3.61309436582 0.0002 0.0002
83.871298 5.84924440448 1.26592137044 -1.16484329848 0.134531446154 21.2480749835 3.59571295391 0.0002 0.0002
83.871298 5.84924440448 1.26592137044 -1.16484329848 0.134531446154 21.2480749835 3.59571295391 0.0002 0.0002
84.071298 5.85859878174 1.32163738627 0.349980226305 -0.178127906729 21.411828308 3.60439095157 0.0002 0.0002
84.071298 5.85859878174 1.32163738627 0.349980226305 -0.178127906729 21.411828308 3.60439095157 0.0002 0.0002
84.271298 5.86801481047 1.37627008898 1.84489514849 -0.501017041472 20.9707503505 3.73957665684 0.0002 0.0002
84.271298 5.86801481047 1.37627008898 1.84489514849 -0.501017041472 20.9707503505 3.73957665684 0.0002 0.0002
84.321298 5.87041032962 1.38954690922 2.20545280468 -0.585482949085 20.7681726437 3.79388549008 0.0002 0.0002
84.427098 5.87556250445 1.41697899807 2.17557951992 -0.622929311761 20.3046594238 3.92173550728 0.0002 0.0002
84.427098 5.87556250445 1.41697899807 2.17557951992 -0.622929311761 20.3046594238 3.92173550728 0.0002 0.0002
84.627812 5.88566454148 1.46653700279 2.11890667986 -0.69396909662 19.4426959207 4.18605545442 0.0002 0.0002
84.627812 5.88566454148 1.46653700279 2.11890667986 -0.69396909662 19.4426959207 4.18605545442 0.0002 0.0002
89.612498 0.113956550765 2.04431394783 0.711449739099 -2.45822580533 5.33425790406 19.8987572514 0.0002 0.0002
89.662498 0.123389105285 2.04681214401 0.581885826223 -2.03472415003 5.26961473699 20.1234868447 0.0002 0.0002
89.662498 0.123389105285 2.04681214401 0.581885826223 -2.03472415003 5.26961473699 20.1234868447 0.0002 0.0002
89.862498 0.161950228772 2.05660966094 0.0836175861982 -0.270653485334 5.13728654372 20.5872761607 0.0002 0.0002
89.862498 0.161950228772 2.05660966094 0.0836175861982 -0.270653485334 5.13728654372 20.5872761607 0.0002 0.0002
90.112498 0.210331929012 2.06882408192 -0.534967405934 1.94630834943 5.24910473213 20.1644945216 0.0002 0.0002
90.218298 0.23027008885 2.0741250119 -0.560891620102 1.92118584053 5.36504661709 19.7553136363 0.0002 0.0002
90.218298 0.23027008885 2.0741250119 -0.560891620102 1.92118584053 5.36504661709 19.7553136363 0.0002 0.0002
90.419012 0.26689622259 2.08448690534 -0.610072647726 1.87352573419 5.60007553914 18.9936618973 0.0002 0.0002
90.419012 0.26689622259 2.08448690534 -0.610072647726 1.87352573419 5.60007553914 18.9936618973 0.0002 0.0002
95.297898 0.784106486936 2.54426338047 -1.80554793664 0.715020470109 17.3856129895 6.36444006082 0.0002 0.0002
95.297898 0.784106486936 2.54426338047 -1.80554793664 0.715020470109 17.3856129895 6.36444006082 0.0002 0.0002
95.403698 0.790125767211 2.56108537723 -1.83147215081 0.689897961212 17.7704097148 6.21579969079 0.0002 0.0002
95.453698 0.792926044266 2.569171064 -1.4406970892 0.539827367273 17.9340794607 6.154336435 0.0002 0.0002
95.453698 0.792926044266 2.569171064 -1.4406970892 0.539827367273 17.9340794607 6.154336435 0.0002 0.0002
95.653698 0.803966379936 2.60203668755 0.169169726569 -0.0427913452046 18.1899193908 6.05552048302 0.0002 0.0002
95.653698 0.803966379936 2.60203668755 0.169169726569 -0.0427913452046 18.1899193908 6.05552048302 0.0002 0.0002
95.903698 0.817872106572 2.64284505548 2.15098722526 -0.780332242075 17.6043891786 6.25939661904 0.0002 0.0002
101.194898 1.52251329529 3.1139388615 0.459804511572 -2.14038491147 3.79016794071 21.7134952219 0.0002 0.0002
101.244898 1.53578114904 3.11623094612 0.378087869516 -1.76875938565 3.74828556725 21.9090096081 0.0002 0.0002
101.244898 1.53578114904 3.11623094612 0.378087869516 -1.76875938565 3.74828556725 21.9090096081 0.0002 0.0002
101.444898 1.58992596415 3.12525590379 0.0616872749995 -0.233547833336 3.66073972713 22.3113551351 0.0002 0.0002
101.444898 1.58992596415 3.12525590379 0.0616872749995 -0.233547833336 3.66073972713 22.3113551351 0.0002 0.0002
101.694898 1.6579031366 3.13651343969 -0.330979121791 1.69362659316 3.72757484047 21.943643555 0.0002 0.0002
101.800698 1.6860146397 3.14137453788 -0.362471471795 1.67497546739 3.80094191327 21.587245457 0.0002 0.0002
101.800698 1.6860146397 3.14137453788 -0.362471471795 1.67497546739 3.80094191327 21.587245457 0.0002 0.0002
102.001412 1.73778295538 3.15081915309 -0.42221585307 1.63959227214 3.95843964499 20.9219653077 0.0002 0.0002
102.001412 1.73778295538 3.15081915309 -0.42221585307 1.63959227214 3.95843964499 20.9219653077 0.0002 0.0002
104.444898 2.19312839871 3.29427808291 -1.1495420945 1.20883835253 7.79900818527 13.9618649544 0.0002 0.0002
104.444898 2.19312839871 3.29427808291 -1.1495420945 1.20883835253 7.79900818527 13.9618649544 0.0002 0.0002
106.986098 2.42587960215 3.52352814594 -1.90595381314 0.760858760873 15.5636343858 8.95647064977 0.0002 0.0002
107.036098 2.42907384582 3.52913234956 -1.56717797595 0.552394300473 15.7373560229 8.89083257031 0.0002 0.0002
107.036098 2.42907384582 3.52913234956 -1.56717797595 0.552394300473 15.7373560229 8.89083257031 0.0002 0.0002
107.236098 2.44160734248 3.55176943398 -0.157336601385 -0.265862874886 16.0843400532 8.83386713051 0.0002 0.0002
107.236098 2.44160734248 3.55176943398 -0.157336601385 -0.265862874886 16.0843400532 8.83386713051 0.0002 0.0002
107.486098 2.45725763434 3.57959301529 1.60878825684 -1.32272747015 15.7180420771 9.22733861678 0.0002 0.0002
107.792612 2.47738729537 3.6114021953 1.53881558316 -1.41406402659 14.7532574337 10.0662035256 0.0002 0.0002
107.792612 2.47738729537 3.6114021953 1.53881558316 -1.41406402659 14.7532574337 10.0662035256 0.0002 0.0002
112.046858 2.95563315594 3.87001335781 0.567633297471 -2.68176527312 5.79190570904 27.4908689406 0.0002 0.0002
112.046858 2.95563315594 3.87001335781 0.567633297471 -2.68176527312 5.79190570904 27.4908689406 0.0002 0.0002
112.777298 3.09064489251 3.89481121104 0.400884503734 -2.89942539397 5.08446156633 31.5675938514 0.0002 0.0002
112.827298 3.10051447888 3.89638833092 0.300913747969 -2.35573665831 5.04938191036 31.8304288109 0.0002 0.0002
112.827298 3.10051447888 3.89638833092 0.300913747969 -2.35573665831 5.04938191036 31.8304288109 0.0002 0.0002
113.027298 3.14039119067 3.90260860251 -0.0918682758658 -0.117813586408 5.0077673223 32.3274663622 0.0002 0.0002
113.027298 3.14039119067 3.90260860251 -0.0918682758658 -0.117813586408 5.0077673223 32.3274663622 0.0002 0.0002
113.227298 3.17997800996 3.90881977072 -0.489831994832 2.12669270126 5.12356613343 31.923800272 0.0002 0.0002
113.227298 3.17997800996 3.90881977072 -0.489831994832 2.12669270126 5.12356613343 31.923800272 0.0002 0.0002
113.277298 3.18968728025 3.91039169456 -0.592738762932 2.67405742979 5.1776788498 31.6836925544 0.0002 0.0002
113.383098 3.2098738725 3.91376102516 -0.620351848999 2.64684053597 5.30602383654 31.1207415496 0.0002 0.0002
113.383098 3.2098738725 3.91376102516 -0.620351848999 2.64684053597 5.30602383654 31.1207415496 0.0002 0.0002
113.583812 3.24681730443 3.92032246707 -0.672736848591 2.59520715577 5.56556484139 30.0685891892 0.0002 0.0002
113.583812 3.24681730443 3.92032246707 -0.672736848591 2.59520715577 5.56556484139 30.0685891892 0.0002 0.0002
115.622798 3.5326848113 4.00243095256 -1.20489843562 2.07068101724 9.39403689899 20.5549085269 0.0002 0.0002
115.622798 3.5326848113 4.00243095256 -1.20489843562 2.07068101724 9.39403689899 20.5549085269 0.0002 0.0002
117.267498 3.67626955332 4.09804354302 -1.63415403726 1.64758437017 14.0634265011 14.4394774442 0.0002 0.0002
117.267498 3.67626955332 4.09804354302 -1.63415403726 1.64758437017 14.0634265011 14.4394774442 0.0002 0.0002
118.462698 3.75075423169 4.19359551782 -1.94609317212 1.34012093453 18.3425379658 10.868572064 0.0002 0.0002
118.462698 3.75075423169 4.19359551782 -1.94609317212 1.34012093453 18.3425379658 10.868572064 0.0002 0.0002
118.568498 3.75645815522 4.20345835622 -1.97370625818 1.31290404072 18.7572527455 10.5878820217 0.0002 0.0002
118.618498 3.75911082162 4.20820837243 -1.56125699458 1.0649527585 18.9340671139 10.4690336762 0.0002 0.0002
118.618498 3.75911082162 4.20820837243 -1.56125699458 1.0649527585 18.9340671139 10.4690336762 0.0002 0.0002
118.818498 3.76956371735 4.22758826386 0.139714023491 0.11016174887 19.2200912019 10.2354086398 0.0002 0.0002
118.818498 3.76956371735 4.22758826386 0.139714023491 0.11016174887 19.2200912019 10.2354086398 0.0002 0.0002
119.068498 3.78271744647 4.25184711574 2.23758761286 -1.08009064142 18.6201395778 10.4756463853 0.0002 0.0002
122.440498 4.07826980985 4.48630340556 1.14979104356 -1.77749495878 7.19789874838 20.1114250291 0.0002 0.0002
122.440498 4.07826980985 4.48630340556 1.14979104356 -1.77749495878 7.19789874838 20.1114250291 0.0002 0.0002
124.359698 4.44535638902 4.5677120355 0.530663174105 -2.17442804475 3.97277101384 27.6959556575 0.0002 0.0002
124.409698 4.45802227888 4.56951081611 0.445716602225 -1.69533920358 3.92396629458 27.8895006154 0.0002 0.0002
124.409698 4.45802227888 4.56951081611 0.445716602225 -1.69533920358 3.92396629458 27.8895006154 0.0002 0.0002
124.609698 4.50988114101 4.57662864812 0.11866883611 0.263402129002 3.81161433934 28.1772354203 0.0002 0.0002
124.609698 4.50988114101 4.57662864812 0.11866883611 0.263402129002 3.81161433934 28.1772354203 0.0002 0.0002
124.859698 4.57540796745 4.58558734136 -0.282839630807 2.67829524194 3.85235962666 27.436387585 0.0002 0.0002
124.965498 4.60265322269 4.58948375691 -0.312500365172 2.64677755482 3.91534659824 26.8729948831 0.0002 0.0002
124.965498 4.60265322269 4.58948375691 -0.312500365172 2.64677755482 3.91534659824 26.8729948831 0.0002 0.0002
125.166212 4.65306559588 4.59710322482 -0.368769974221 2.58698510631 4.05208709314 25.8225054444 0.0002 0.0002
125.166212 4.65306559588 4.59710322482 -0.368769974221 2.58698510631 4.05208709314 25.8225054444 0.0002 0.0002
129.341898 5.29447126733 4.86826298652 -1.53941187627 1.34305349133 12.0200553317 9.41189829272 0.0002 0.0002
129.341898 5.29447126733 4.86826298652 -1.53941187627 1.34305349133 12.0200553317 9.41189829272 0.0002 0.0002
130.150898 5.35538136953 4.96513173538 -1.7662127657 1.10205340739 14.6943056671 7.43380681164 0.0002 0.0002
130.200898 5.3587649672 4.97190533451 -1.44640019856 0.922502063851 14.8549964838 7.3326169216 0.0002 0.0002
130.200898 5.3587649672 4.97190533451 -1.44640019856 0.922502063851 14.8549964838 7.3326169216 0.0002 0.0002
130.400898 5.37204864973 4.99970688337 -0.116950443918 0.237947576471 15.1695532372 7.10190741394 0.0002 0.0002
130.400898 5.37204864973 4.99970688337 -0.116950443918 0.237947576471 15.1695532372 7.10190741394 0.0002 0.0002
130.650898 5.38865121095 5.03486021508 1.54532555052 -0.59918027129 14.8090790121 7.19137967201 0.0002 0.0002
130.756698 5.39587510607 5.04944268393 1.52112055535 -0.619174209156 14.4846490141 7.32028157604 0.0002 0.0002
130.756698 5.39587510607 5.04944268393 1.52112055535 -0.619174209156 14.4846490141 7.32028157604 0.0002 0.0002
135.061658 5.89289567834 5.45647554775 0.53622891101 -1.43271960384 5.62784185541 16.1536023652 0.0002 0.0002
135.061658 5.89289567834 5.45647554775 0.53622891101 -1.43271960384 5.62784185541 16.1536023652 0.0002 0.0002
135.792098 6.03150041963 5.49891719643 0.369118356511 -1.57075714614 4.96653999732 18.3474619225 0.0002 0.0002
135.842098 6.04160203264 5.50163153705 0.271137087697 -1.25574830441 4.93453658229 18.4888285327 0.0002 0.0002
135.842098 6.04160203264 5.50163153705 0.271137087697 -1.25574830441 4.93453658229 18.4888285327 0.0002 0.0002
136.042098 6.08236768353 5.51235303235 -0.114667626756 0.0370776941257 4.90338827711 18.7337093704 0.0002 0.0002
136.042098 6.08236768353 5.51235303235 -0.114667626756 0.0370776941257 4.90338827711 18.7337093704 0.0002 0.0002
136.242098 6.12275595165 5.5230830583 -0.506940000233 1.3278318564 5.0271314277 18.4594431402 0.0002 0.0002
136.242098 6.12275595165 5.5230830583 -0.506940000233 1.3278318564 5.0271314277 18.4594431402 0.0002 0.0002
136.292098 6.13264888411 5.52580226748 -0.608585924373 1.6416838083 5.08289142078 18.3109239278 0.0002 0.0002
136.397898 6.15320053622 5.53163550541 -0.637110214257 1.62033347648 5.21468607225 17.965802499 0.0002 0.0002
136.397898 6.15320053622 5.53163550541 -0.637110214257 1.62033347648 5.21468607225 17.965802499 0.0002 0.0002
139.002498 0.232200971387 5.71890297233 -1.33932538846 1.09472785958 10.3625102431 10.8941537431 0.0002 0.0002
139.002498 0.232200971387 5.71890297233 -1.33932538846 1.09472785958 10.3625102431 10.8941537431 0.0002 0.0002
141.496798 0.412253033656 6.01543473189 -2.01180304684 0.591380669898 18.7212298993 6.68849323808 0.0002 0.0002
141.633298 0.419460008137 6.03602683457 -0.785642508549 0.130812829378 19.1042306014 6.59020842418 0.0002 0.0002
141.633298 0.419460008137 6.03602683457 -0.785642508549 0.130812829378 19.1042306014 6.59020842418 0.0002 0.0002
141.833298 0.429909934805 6.06629115604 1.04923360463 -0.540082996818 19.051170301 6.671539463 0.0002 0.0002
141.833298 0.429909934805 6.06629115604 1.04923360463 -0.540082996818 19.051170301 6.671539463 0.0002 0.0002
142.169798 0.448246164467 6.11450139265 3.88493307517 -1.79184312156 17.3598835583 7.44223623228 0.0002 0.0002
147.464298 2.56392114979 0.13442376964 -1.0230967701 -4.787389062 2.20789124117 42.2759810281 0.0002 0.0002
147.774298 2.68517201781 0.141567612199 -1.55738534549 -1.23069441709 3.0009834399 44.1579150103 0.0002 0.0002
147.774298 2.68517201781 0.141567612199 -1.55738534549 -1.23069441709 3.0009834399 44.1579150103 0.0002 0.0002
147.974298 2.74528118085 0.146087892104 -1.98458613885 1.15523291462 3.70683492121 44.1730619561 0.0002 0.0002
147.974298 2.74528118085 0.146087892104 -1.98458613885 1.15523291462 3.70683492121 44.1730619561 0.0002 0.0002
148.484298 2.85101456532 0.158075048046 -3.51755807708 6.78043005338 6.44894722121 40.0282525766 0.0002 0.0002
148.795099 2.89219948917 0.166270901471 -4.16206769988 6.41569671506 8.83578259232 35.9268831809 0.0002 0.0002
148.795099 2.89219948917 0.166270901471 -4.16206769988 6.41569671506 8.83578259232 35.9268831809 0.0002 0.0002
149.451742 2.94889859352 0.186973049732 -5.52375164635 5.64510848184 15.1959080653 28.007239874 0.0002 0.0002
149.761742 2.96743736651 0.198625379665 -3.97105335017 2.25954417925 18.1762631898 25.5866718287 0.0002 0.0002
149.761742 2.96743736651 0.198625379665 -3.97105335017 2.25954417925 18.1762631898 25.5866718287 0.0002 0.0002
149.961742 2.97803200107 0.206540867274 -2.64196661496 0.284596900468 19.5057206623 25.0804478752 0.0002 0.0002
149.961742 2.97803200107 0.206540867274 -2.64196661496 0.284596900468 19.5057206623 25.0804478752 0.0002 0.0002
150.471742 3.00327974891 0.226329054837 1.26638203617 -4.95767171775 20.2317451903 27.3869904609 0.0002 0.0002
150.968217 3.02860079312 0.242960768586 1.20248821023 -5.42136232314 19.0060128347 32.5399213863 0.0002 0.0002
150.968217 3.02860079312 0.242960768586 1.20248821023 -5.42136232314 19.0060128347 32.5399213863 0.0002 0.0002
150.968217 3.02860079312 0.242960768586 1.20248821023 -5.42136232314 19.0060128347 32.5399213863 0.0002 0.0002
153.973287 3.22140574053 0.304422845396 0.815750872994 -8.22799453534 12.9410631129 73.557194201 0.0002 0.0002
154.283287 3.24564496763 0.308526267373 -0.156473825416 -2.79551905543 12.7382310935 77.0007744327 0.0002 0.0002
154.283287 3.24564496763 0.308526267373 -0.156473825416 -2.79551905543 12.7382310935 77.0007744327 0.0002 0.0002
154.483287 3.26125660078 0.311113068398 -0.785781501611 0.876427243744 12.9260864709 77.3858153076 0.0002 0.0002
154.483287 3.26125660078 0.311113068398 -0.785781501611 0.876427243744 12.9260864709 77.3858153076 0.0002 0.0002
154.993287 3.29875987094 0.317882677319 -2.58591252513 9.76829512068 14.6110285333 71.8421526978 0.0002 0.0002
155.304088 3.31891973352 0.322399698769 -2.74942666436 9.35116807575 16.2692572887 65.8998044169 0.0002 0.0002
155.304088 3.31891973352 0.322399698769 -2.74942666436 9.35116807575 16.2692572887 65.8998044169 0.0002 0.0002
155.960731 3.35523326525 0.33338736424 -3.09489020833 8.46988534447 20.106887053 54.1977344359 0.0002 0.0002
156.270731 3.36999372536 0.339377731686 -2.56446783289 6.49196417786 21.8670458154 49.5746641476 0.0002 0.0002
156.270731 3.36999372536 0.339377731686 -2.56446783289 6.49196417786 21.8670458154 49.5746641476 0.0002 0.0002
156.470731 3.37894196139 0.343514751105 -2.16757131681 5.35591783636 22.8147435065 47.2083067162 0.0002 0.0002
156.470731 3.37894196139 0.343514751105 -2.16757131681 5.35591783636 22.8147435065 47.2083067162 0.0002 0.0002
156.980731 3.40044131675 0.354874420653 -1.01214260669 2.81565660656 24.4508996717 43.0772896478 0.0002 0.0002
157.477206 3.42033477583 0.366785620929 -1.0532486689 2.7127603897 25.4763148052 40.3325688196 0.0002 0.0002
157.477206 3.42033477583 0.366785620929 -1.0532486689 2.7127603897 25.4763148052 40.3325688196 0.0002 0.0002
157.477206 3.42033477583 0.366785620929 -1.0532486689 2.7127603897 25.4763148052 40.3325688196 0.0002 0.0002
158.548502 3.4605802708 0.395401880433 -1.14194751582 2.49073046766 27.8280196971 34.758089878 0.0002 0.0002
158.548502 3.4605802708 0.395401880433 -1.14194751582 2.49073046766 27.8280196971 34.758089878 0.0002 0.0002
158.813005 3.46998285038 0.403158573909 -1.16384726258 2.43591127627 28.4379093334 33.4549783568 0.0002 0.0002
158.813005 3.46998285038 0.403158573909 -1.16384726258 2.43591127627 28.4379093334 33.4549783568 0.0002 0.0002
165.740498 3.65754401012 0.798929212504 -1.73741483038 1.00016361111 48.5363821736 9.65159362707 0.0002 0.0002
165.740498 3.65754401012 0.798929212504 -1.73741483038 1.00016361111 48.5363821736 9.65159362707 0.0002 0.0002
168.065698 3.70174052859 1.10626239189 -1.92993170607 0.518257606873 57.0636963401 6.12096061102 0.0002 0.0002
168.065698 3.70174052859 1.10626239189 -1.92993170607 0.518257606873 57.0636963401 6.12096061102 0.0002 0.0002
168.277698 3.70542921061 1.14151592618 -1.9474844231 0.474319849734 57.8857085595 5.91053419022 0.0002 0.0002
168.277698 3.70542921061 1.14151592618 -1.9474844231 0.474319849734 57.8857085595 5.91053419022 0.0002 0.0002
