0.0 0.0 0.0 -1.25496218107 0.769129356329 5.79591993221 9.76354123194 0.0002 0.0002
0.0 0.0 0.0 -1.25496218107 0.769129356329 5.79591993221 9.76354123194 0.0002 0.0002
0.0 0.0 0.0 -1.25496218107 0.769129356329 5.79591993221 9.76354123194 0.0002 0.0002
0.423 0.0667594163758 0.0447878985559 -1.4428866926 0.700175904917 6.93711000577 9.14202510643 0.0002 0.0002
0.423 0.0667594163758 0.0447878985559 -1.4428866926 0.700175904917 6.93711000577 9.14202510643 0.0002 0.0002
0.877 0.126486659391 0.0961923158198 -1.64458344965 0.626169127279 8.33882145036 8.53986446181 0.0002 0.0002
0.877 0.126486659391 0.0961923158198 -1.64458344965 0.626169127279 8.33882145036 8.53986446181 0.0002 0.0002
1.357 0.179022448202 0.154383895826 -1.85783112231 0.547924076032 10.0199804449 7.97629972422 0.0002 0.0002
1.357 0.179022448202 0.154383895826 -1.85783112231 0.547924076032 10.0199804449 7.97629972422 0.0002 0.0002
1.89 0.227394322413 0.223635578898 -2.09462489216 0.461039467042 12.1266395006 7.43852215576 0.0002 0.0002
1.89 0.227394322413 0.223635578898 -2.09462489216 0.461039467042 12.1266395006 7.43852215576 0.0002 0.0002
2.475 0.271179996266 0.30505861889 -2.3545204932 0.365678310835 14.729389551 6.95489225571 0.0002 0.0002
2.475 0.271179996266 0.30505861889 -2.3545204932 0.365678310835 14.729389551 6.95489225571 0.0002 0.0002
3.06 0.307484137912 0.391624494297 -2.61441609425 0.270317154627 17.6362174547 6.58283490841 0.0002 0.0002
3.06 0.307484137912 0.391624494297 -2.61441609425 0.270317154627 17.6362174547 6.58283490841 0.0002 0.0002
3.645 0.337998020731 0.482428938122 -2.8743116953 0.174955998419 20.8471232116 6.32235011388 0.0002 0.0002
3.645 0.337998020731 0.482428938122 -2.8743116953 0.174955998419 20.8471232116 6.32235011388 0.0002 0.0002
4.6635 0.380811662332 0.646702367221 -3.32679660072 0.00892978030411 27.1629520111 6.13506244825 0.0002 0.0002
5.0 0.393012521176 0.700154293621 2.95767002299 -1.53097501429 27.2904668731 6.63442543722 0.0002 0.0002
5.0 0.393012521176 0.700154293621 2.95767002299 -1.53097501429 27.2904668731 6.63442543722 0.0002 0.0002
5.3365 0.40616238419 0.746093615405 8.35066556162 -3.55674282081 23.383999719 8.30363863041 0.0002 0.0002
5.7585 0.427407908084 0.789108157882 7.07416940936 -4.25047207404 16.8747193613 11.598283316 0.0002 0.0002
6.025 0.444839792891 0.810381711869 3.5266368738 -2.00462090205 14.0984795228 13.2953539966 0.0002 0.0002
6.025 0.444839792891 0.810381711869 3.5266368738 -2.00462090205 14.0984795228 13.2953539966 0.0002 0.0002
6.2915 0.464715101572 0.829983634169 0.740062401505 0.658759508858 12.9810757905 13.6604999535 0.0002 0.0002
6.973 0.519282589956 0.881521585913 0.658809325174 0.587221385729 12.0277447088 12.8113639738 0.0002 0.0002
6.973 0.519282589956 0.881521585913 0.658809325174 0.587221385729 12.0277447088 12.8113639738 0.0002 0.0002
7.482 0.562787632981 0.922178592962 0.598122874914 0.533790857962 11.3879662189 12.2407687418 0.0002 0.0002
7.482 0.562787632981 0.922178592962 0.598122874914 0.533790857962 11.3879662189 12.2407687418 0.0002 0.0002
7.992 0.608771932377 0.964764560211 0.537317197836 0.480255358629 10.8088917818 11.7236051713 0.0002 0.0002
7.992 0.608771932377 0.964764560211 0.537317197836 0.480255358629 10.8088917818 11.7236051713 0.0002 0.0002
8.498 0.656756286595 1.00881042157 0.476988428029 0.427139745564 10.2956531351 11.2644632486 0.0002 0.0002
8.498 0.656756286595 1.00881042157 0.476988428029 0.427139745564 10.2956531351 11.2644632486 0.0002 0.0002
8.9873 0.705345246495 1.053040216 0.41865074608 0.375777157674 9.85741688723 10.8715960079 0.0002 0.0002
8.9873 0.705345246495 1.053040216 0.41865074608 0.375777157674 9.85741688723 10.8715960079 0.0002 0.0002
9.4566 0.753884123975 1.09689140452 0.362697600486 0.32651400113 9.49073010819 10.542010767 0.0002 0.0002
9.4566 0.753884123975 1.09689140452 0.362697600486 0.32651400113 9.49073010819 10.542010767 0.0002 0.0002
9.9277 0.804389090118 1.14220992919 0.306529846621 0.277061895765 9.17545705786 10.257666162 0.0002 0.0002
9.9277 0.804389090118 1.14220992919 0.306529846621 0.277061895765 9.17545705786 10.257666162 0.0002 0.0002
16.240021 1.5214050987 1.78048184098 -0.446068099142 -0.38555233304 10.0562672996 10.9424926275 0.0002 0.0002
16.240021 1.5214050987 1.78048184098 -0.446068099142 -0.38555233304 10.0562672996 10.9424926275 0.0002 0.0002
17.480021 1.63872057671 1.88872641104 -0.382727428512 -0.515833917675 11.0930605476 12.0612148883 0.0002 0.0002
17.480021 1.63872057671 1.88872641104 -0.382727428512 -0.515833917675 11.0930605476 12.0612148883 0.0002 0.0002
17.480021 1.63872057671 1.88872641104 -0.382727428512 -0.515833917675 11.0930605476 12.0612148883 0.0002 0.0002
17.480021 1.63872057671 1.88872641104 -0.382727428512 -0.515833917675 11.0930605476 12.0612148883 0.0002 0.0002
18.720021 1.74640654073 1.98613167349 -0.283560979823 -0.64611550231 11.9265632633 13.5033255051 0.0002 0.0002
18.720021 1.74640654073 1.98613167349 -0.729111450256 -0.141660623028 11.9265632633 13.5033255051 0.0002 0.0002
20.0 1.84561306288 2.07939426865 -0.893485736618 -0.238352750845 14.0034535879 13.9897346434 0.0002 0.0002
20.0 1.84561306288 2.07939426865 -0.893485736618 -0.238352750845 14.0034535879 13.9897346434 0.0002 0.0002
22.328798 1.98940176165 2.23815869125 -1.19254885354 -0.414274726029 18.8614067694 15.5095722063 0.0002 0.0002
22.595298 2.0031035815 2.2554654536 -4.46257701832 2.03226893073 20.3472646412 15.0720890986 0.0002 0.0002
22.595298 2.0031035815 2.2554654536 -4.46257701832 2.03226893073 20.3472646412 15.0720890986 0.0002 0.0002
22.861798 2.01531245148 2.27408161005 -8.51110963145 4.134297156 23.7560401257 13.404735478 0.0002 0.0002
23.218798 2.0286352899 2.3040002717 -9.61473289008 3.65245315077 30.2269659059 10.6248656185 0.0002 0.0002
23.355298 2.03297869048 2.31742681096 -7.36544736707 2.67311133613 32.5534258504 9.76462542643 0.0002 0.0002
23.355298 2.03297869048 2.31742681096 -7.36544736707 2.67311133613 32.5534258504 9.76462542643 0.0002 0.0002
23.555298 2.03890174121 2.33891062725 -3.50958575783 1.44365390719 34.7459796215 8.94778871324 0.0002 0.0002
23.555298 2.03890174121 2.33891062725 -3.50958575783 1.44365390719 34.7459796215 8.94778871324 0.0002 0.0002
23.891798 2.04847812213 2.37773232362 3.52680402474 -0.364355406318 34.7400509644 8.59260257427 0.0002 0.0002
27.336298 2.19977858347 2.71421094009 2.19438269322 -0.818440660329 15.0334233144 12.6667436258 0.0002 0.0002
27.336298 2.19977858347 2.71421094009 2.19438269322 -0.818440660329 15.0334233144 12.6667436258 0.0002 0.0002
28.003298 2.24889243029 2.76465007153 1.93636991106 -0.906370654356 12.2782113274 13.8171927727 0.0002 0.0002
28.003298 2.24889243029 2.76465007153 1.93636991106 -0.906370654356 12.2782113274 13.8171927727 0.0002 0.0002
28.805298 2.32353038535 2.81973690981 1.62613565126 -1.01209757371 9.4210818664 15.3558042916 0.0002 0.0002
28.855298 2.32888120868 2.82298384437 1.34162213525 -0.576854363525 9.27276469666 15.4352897955 0.0002 0.0002
28.855298 2.32888120868 2.82298384437 1.34162213525 -0.576854363525 9.27276469666 15.4352897955 0.0002 0.0002
29.055298 2.3509160118 2.83594260283 0.264693244258 1.17202107361 8.95393053804 15.3153398673 0.0002 0.0002
29.055298 2.3509160118 2.83594260283 0.264693244258 1.17202107361 8.95393053804 15.3153398673 0.0002 0.0002
29.305298 2.37870440047 2.85278814638 -1.05842920224 3.19046252551 9.15003226254 14.2115284342 0.0002 0.0002
32.666098 2.63726414857 3.61946947222 -1.83720365869 0.546795083237 18.8816751815 1.65135306277 0.0002 0.0002
32.716098 2.63990077392 3.65023121445 -1.24699275873 0.456917994146 19.0359662641 1.60119382111 0.0002 0.0002
32.716098 2.63990077392 3.65023121445 -1.24699275873 0.456917994146 19.0359662641 1.60119382111 0.0002 0.0002
32.916098 2.65035807444 3.78078017287 1.1547312441 0.120870125986 19.0545756338 1.48660013581 0.0002 0.0002
32.916098 2.65035807444 3.78078017287 1.1547312441 0.120870125986 19.0545756338 1.48660013581 0.0002 0.0002
33.166098 2.66386028207 3.94857526892 3.96662308894 -0.285706213702 17.7571100347 1.52727505424 0.0002 0.0002
36.526898 3.31329762642 4.88220812135 0.799443356374 -2.66585084357 1.73931392528 11.4468680123 0.0002 0.0002
36.576898 3.34269101253 4.88652884822 0.681664238997 -2.20431531012 1.6653109327 11.6905488721 0.0002 0.0002
36.576898 3.34269101253 4.88652884822 0.681664238997 -2.20431531012 1.6653109327 11.6905488721 0.0002 0.0002
36.776898 3.47119461083 4.90319580613 0.259180720186 -0.212384629982 1.47924495571 12.1794396543 0.0002 0.0002
36.776898 3.47119461083 4.90319580613 0.259180720186 -0.212384629982 1.47924495571 12.1794396543 0.0002 0.0002
37.026898 3.64302911539 4.92399806734 -0.225050094563 2.28539965715 1.47086018832 11.6518136014 0.0002 0.0002
37.333412 3.83951642576 4.95197956856 -0.443995568909 2.12169531882 1.67593205081 10.3009772919 0.0002 0.0002
37.333412 3.83951642576 4.95197956856 -0.443995568909 2.12169531882 1.67593205081 10.3009772919 0.0002 0.0002
40.387698 4.62857270201 5.62635583408 -2.62569721078 0.490448887344 11.0516517321 2.32274181304 0.0002 0.0002
40.437698 4.63304700542 5.64809231008 -2.16538556193 0.363742862995 11.2913812981 2.28006344721 0.0002 0.0002
40.437698 4.63304700542 5.64809231008 -2.16538556193 0.363742862995 11.2913812981 2.28006344721 0.0002 0.0002
40.637698 4.65029862571 5.73738199986 -0.176821115189 -0.121890056659 11.7653846524 2.2322512991 0.0002 0.0002
40.637698 4.65029862571 5.73738199986 -0.176821115189 -0.121890056659 11.7653846524 2.2322512991 0.0002 0.0002
40.887698 4.6718589231 5.84549370633 2.31016234155 -0.761476774439 11.2220747838 2.44914019686 0.0002 0.0002
41.194212 4.70100366911 5.95926275229 2.1370808667 -0.95919725879 9.85893247908 2.97655087749 0.0002 0.0002
41.194212 4.70100366911 5.95926275229 2.1370808667 -0.95919725879 9.85893247908 2.97655087749 0.0002 0.0002
44.248498 5.44299161031 0.153335720046 0.412395124774 -2.9294006011 2.072103651 14.8534408806 0.0002 0.0002
44.298498 5.46734197713 0.156671400647 0.297693341071 -2.31884433158 2.03662435317 15.1160391448 0.0002 0.0002
44.298498 5.46734197713 0.156671400647 0.297693341071 -2.31884433158 2.03662435317 15.1160391448 0.0002 0.0002
44.498498 5.56700502015 0.169650842312 -0.145275364136 0.266234791437 2.00648157509 15.5312773846 0.0002 0.0002
44.498498 5.56700502015 0.169650842312 -0.145275364136 0.266234791437 2.00648157509 15.5312773846 0.0002 0.0002
44.748498 5.68672593065 0.186108928215 -0.734364701374 3.40629472543 2.2225786808 14.5965347713 0.0002 0.0002
44.854298 5.73268804936 0.193540576606 -0.807638616783 3.31494558741 2.38572263186 13.8854275462 0.0002 0.0002
44.854298 5.73268804936 0.193540576606 -0.807638616783 3.31494558741 2.38572263186 13.8854275462 0.0002 0.0002
45.055012 5.81130418958 0.208721930136 -0.946647129614 3.14164642967 2.73783234116 12.5894991361 0.0002 0.0002
45.055012 5.81130418958 0.208721930136 -0.946647129614 3.14164642967 2.73783234116 12.5894991361 0.0002 0.0002
48.109298 0.0252495052428 1.00408514017 -3.06195425627 0.504534961177 14.9812474336 1.45301836053 0.0002 0.0002
48.159298 0.0285556330121 1.03906391995 -2.42608537226 0.39960903588 15.2558504524 1.40784422306 0.0002 0.0002
48.159298 0.0285556330121 1.03906391995 -2.42608537226 0.39960903588 15.2558504524 1.40784422306 0.0002 0.0002
48.359298 0.0414067668035 1.18674904898 0.272027743522 0.00622541076216 15.6917795402 1.32761478018 0.0002 0.0002
48.359298 0.0414067668035 1.18674904898 0.272027743522 0.00622541076216 15.6917795402 1.32761478018 0.0002 0.0002
48.609298 0.0577073047973 1.36982470894 3.54735810928 -0.490691848422 14.7190670822 1.44656258659 0.0002 0.0002
48.715098 0.0650832025027 1.44031271918 3.44971872121 -0.58144102545 13.9787763536 1.55999424464 0.0002 0.0002
48.715098 0.0650832025027 1.44031271918 3.44971872121 -0.58144102545 13.9787763536 1.55999424464 0.0002 0.0002
48.915812 0.0801888138092 1.55945371209 3.26448628133 -0.753601992541 12.6311414107 1.82795606896 0.0002 0.0002
48.915812 0.0801888138092 1.55945371209 3.26448628133 -0.753601992541 12.6311414107 1.82795606896 0.0002 0.0002
51.970098 0.934390951285 2.19626247904 0.445784806364 -3.37339349453 1.29891237132 14.4329806072 0.0002 0.0002
52.020098 0.973508616599 2.19968913512 0.346201524377 -2.78949550614 1.25934107442 14.7413434646 0.0002 0.0002
52.020098 0.973508616599 2.19968913512 0.346201524377 -2.78949550614 1.25934107442 14.7413434646 0.0002 0.0002
52.220098 1.13807313505 2.21290553721 -0.0308249574113 -0.269354314221 1.19697087402 15.3601408899 0.0002 0.0002
52.220098 1.13807313505 2.21290553721 -0.0308249574113 -0.269354314221 1.19697087402 15.3601408899 0.0002 0.0002
52.470098 1.33926329699 2.22940071711 -0.514100376547 2.89090427548 1.33084046309 14.692898157 0.0002 0.0002
52.575898 1.4154923827 2.23675442498 -0.614610436746 2.82352442692 1.45025806714 14.0883116003 0.0002 0.0002
52.575898 1.4154923827 2.23675442498 -0.614610436746 2.82352442692 1.45025806714 14.0883116003 0.0002 0.0002
55.830898 2.1716980602 2.82331955054 -3.70686228879 0.750543263868 15.5166517888 2.45472126674 0.0002 0.0002
55.880898 2.17488466279 2.84398639065 -3.05776957874 0.614019226459 15.8551311 2.38654302422 0.0002 0.0002
55.880898 2.17488466279 2.84398639065 -3.05776957874 0.614019226459 15.8551311 2.38654302422 0.0002 0.0002
56.080898 2.18716859122 2.93104048557 -0.253265639933 0.110533288007 16.525201742 2.24330562655 0.0002 0.0002
56.080898 2.18716859122 2.93104048557 -0.253265639933 0.110533288007 16.525201742 2.24330562655 0.0002 0.0002
56.330898 2.20251884248 3.04137856263 3.25491932237 -0.504764778593 15.7607522758 2.34009923077 0.0002 0.0002
56.436698 2.20938156425 3.08555279503 3.17708686508 -0.561495926494 15.0802460212 2.45290961337 0.0002 0.0002
56.436698 2.20938156425 3.08555279503 3.17708686508 -0.561495926494 15.0802460212 2.45290961337 0.0002 0.0002
59.691698 2.81124686785 3.73568382664 0.782524970274 -2.30686347299 2.19170949709 11.7894194587 0.0002 0.0002
59.741698 2.8344538772 3.73988674875 0.655785600695 -1.82376464041 2.11984483884 11.9960972052 0.0002 0.0002
59.741698 2.8344538772 3.73988674875 0.655785600695 -1.82376464041 2.11984483884 11.9960972052 0.0002 0.0002
59.941698 2.93350039333 3.75624566697 0.19446410233 0.22069180831 1.95169529466 12.320393556 0.0002 0.0002
59.941698 2.93350039333 3.75624566697 0.19446410233 0.22069180831 1.95169529466 12.320393556 0.0002 0.0002
60.191698 3.06182356912 3.77699580168 -0.351558567251 2.70219836993 1.99028825722 11.5764571867 0.0002 0.0002
60.498212 3.20689226939 3.80550579176 -0.524597379187 2.48238662714 2.25884232099 9.9873093009 0.0002 0.0002
60.498212 3.20689226939 3.80550579176 -0.524597379187 2.48238662714 2.25884232099 9.9873093009 0.0002 0.0002
62.097498 3.68346402073 4.06528296424 -1.42745515856 1.3354835725 5.38073261587 3.8814429408 0.0002 0.0002
62.097498 3.68346402073 4.06528296424 -1.42745515856 1.3354835725 5.38073261587 3.8814429408 0.0002 0.0002
63.552498 3.87614449308 4.70920137489 -2.2488580027 0.292052976292 10.7297682655 1.5133772623 0.0002 0.0002
63.602498 3.88075848055 4.74253181235 -1.92986049373 0.209019701479 10.9388147423 1.48833686796 0.0002 0.0002
63.602498 3.88075848055 4.74253181235 -1.92986049373 0.209019701479 10.9388147423 1.48833686796 0.0002 0.0002
63.802498 3.89856273738 4.87875336181 -0.55279279915 -0.115008182227 11.4395894074 1.46969204296 0.0002 0.0002
63.802498 3.89856273738 4.87875336181 -0.55279279915 -0.115008182227 11.4395894074 1.46969204296 0.0002 0.0002
64.052498 3.9204388642 5.04199739681 1.22981153175 -0.540556121639 11.268061175 1.631450374 0.0002 0.0002
68.445984 4.56337337244 5.87344824079 0.250197204687 -4.02044539348 4.76566351153 21.6701466767 0.0002 0.0002
68.445984 4.56337337244 5.87344824079 0.250197204687 -4.02044539348 4.76566351153 21.6701466767 0.0002 0.0002
68.646698 4.60591291973 5.88237771161 0.205444061046 -4.17942222767 4.67420993052 23.3159749064 0.0002 0.0002
68.646698 4.60591291973 5.88237771161 0.205444061046 -4.17942222767 4.67420993052 23.3159749064 0.0002 0.0002
68.752498 4.62864959041 5.8868308894 0.18185386506 -4.26322180844 4.63323380994 24.2092066454 0.0002 0.0002
68.802498 4.63945698249 5.88887912883 0.042561062224 -3.62005706359 4.62201824818 24.6035529166 0.0002 0.0002
68.802498 4.63945698249 5.88887912883 0.042561062224 -3.62005706359 4.62201824818 24.6035529166 0.0002 0.0002
69.002498 4.68246300014 5.896832733 -0.519985105169 -0.883871091239 4.71680297087 25.5110613235 0.0002 0.0002
69.002498 4.68246300014 5.896832733 -0.519985105169 -0.883871091239 4.71680297087 25.5110613235 0.0002 0.0002
69.252498 4.7334268575 5.90666081511 -1.29477998366 2.61665643287 5.1653222964 25.0727877685 0.0002 0.0002
69.7 4.81116757497 5.92538112841 -1.52665691 2.47660422174 6.42792094919 22.793543439 0.0002 0.0002
69.7 4.81116757497 5.92538112841 -1.52665691 2.47660422174 6.42792094919 22.793543439 0.0002 0.0002
70.002498 4.8550450242 5.93910249755 -1.68339879376 2.38193310572 7.39895637947 21.3238456145 0.0002 0.0002
70.002498 4.8550450242 5.93910249755 -1.68339879376 2.38193310572 7.39895637947 21.3238456145 0.0002 0.0002
70.251298 4.88685915345 5.95110314432 -1.81231660702 2.304067554 8.26869037118 20.1579686504 0.0002 0.0002
70.251298 4.88685915345 5.95110314432 -1.81231660702 2.304067554 8.26869037118 20.1579686504 0.0002 0.0002
71.491298 5.00502011664 6.02272787901 -2.21258848609 1.91564317572 13.3026075026 14.9208288121 0.0002 0.0002
71.491298 5.00502011664 6.02272787901 -2.21258848609 1.91564317572 13.3026075026 14.9208288121 0.0002 0.0002
71.491298 5.00502011664 6.02272787901 -2.21258848609 1.91564317572 13.3026075026 14.9208288121 0.0002 0.0002
71.491298 5.00502011664 6.02272787901 -2.21258848609 1.91564317572 13.3026075026 14.9208288121 0.0002 0.0002
72.731298 5.08269191272 6.12135319679 -2.41137316664 1.52721879743 19.0857599598 10.647846432 0.0002 0.0002
72.731298 5.08269191272 6.12135319679 -2.41137316664 1.52721879743 19.0857599598 10.647846432 0.0002 0.0002
73.630098 5.12495702499 6.21795533172 -2.73229676844 1.24592636218 23.7088904974 8.15534356253 0.0002 0.0002
73.680098 5.12705459543 6.22413118103 -2.23838566248 1.05865548387 23.9575131099 8.04015546272 0.0002 0.0002
73.680098 5.12705459543 6.22413118103 -2.23838566248 1.05865548387 23.9575131099 8.04015546272 0.0002 0.0002
73.880098 5.13529550677 6.24952526827 -0.188821590431 0.347070176376 24.4457378762 7.76060041723 0.0002 0.0002
73.880098 5.13529550677 6.24952526827 -0.188821590431 0.347070176376 24.4457378762 7.76060041723 0.0002 0.0002
74.130098 5.14559378287 0.0 2.37463530752 -0.514398478362 23.8943699033 7.80206422373 0.0002 0.0002
74.436612 5.15882391998 0.037106025636 2.2894724173 -0.564080122782 22.4647555882 8.13263301368 0.0002 0.0002
74.436612 5.15882391998 0.037106025636 2.2894724173 -0.564080122782 22.4647555882 8.13263301368 0.0002 0.0002
75.985612 5.24051980244 0.20742861878 1.85909299919 -0.815151418733 16.038627758 10.2690626715 0.0002 0.0002
75.985612 5.24051980244 0.20742861878 1.85909299919 -0.815151418733 16.038627758 10.2690626715 0.0002 0.0002
78.030098 5.40605509038 0.377074896996 1.29104606892 -1.14653408469 9.59821253523 14.2797012196 0.0002 0.0002
78.080098 5.41129780933 0.380563546661 1.08233938924 -0.858908453186 9.47958390665 14.3800077181 0.0002 0.0002
78.080098 5.41129780933 0.380563546661 1.08233938924 -0.858908453186 9.47958390665 14.3800077181 0.0002 0.0002
78.280098 5.43276519085 0.394381628419 0.283700122571 0.31488735085 9.20786401436 14.4894123827 0.0002 0.0002
78.280098 5.43276519085 0.394381628419 0.283700122571 0.31488735085 9.20786401436 14.4894123827 0.0002 0.0002
78.530098 5.45988621988 0.411879050978 -0.694232917795 1.74421704771 9.30962699702 13.970180886 0.0002 0.0002
78.635898 5.47116136111 0.419553551542 -0.711074763194 1.71360365663 9.45830854967 13.6043434555 0.0002 0.0002
78.635898 5.47116136111 0.419553551542 -0.711074763194 1.71360365663 9.45830854967 13.6043434555 0.0002 0.0002
78.836612 5.49206377913 0.434688742456 -0.743025558634 1.65552675513 9.75016684167 12.928111814 0.0002 0.0002
78.836612 5.49206377913 0.434688742456 -0.743025558634 1.65552675513 9.75016684167 12.928111814 0.0002 0.0002
83.821298 5.84688408204 1.2520468999 -1.53651621059 0.213200271649 21.1129667851 3.61309436582 0.0002 0.0002
83.871298 5.84924440448 1.26592137044 -1.16484329848 0.134531446154 21.2480749835 3.59571295391 0.0002 0.0002
83.871298 5.84924440448 1.26592137044 -1.16484329848 0.134531446154 21.2480749835 3.59571295391 0.0002 0.0002
84.071298 5.85859878174 1.32163738627 0.349980226305 -0.178127906729 21.411828308 3.60439095157 0.0002 0.0002
84.071298 5.85859878174 1.32163738627 0.349980226305 -0.178127906729 21.411828308 3.60439095157 0.0002 0.0002
84.271298 5.86801481047 1.37627008898 1.84489514849 -0.501017041472 20.9707503505 3.73957665684 0.0002 0.0002
84.271298 5.86801481047 1.37627008898 1.84489514849 -0.501017041472 20.9707503505 3.73957665684 0.0002 0.0002
84.321298 5.87041032962 1.38954690922 2.20545280468 -0.585482949085 20.7681726437 3.79388549008 0.0002 0.0002
84.427098 5.87556250445 1.41697899807 2.17557951992 -0.622929311761 20.3046594238 3.92173550728 0.0002 0.0002
84.427098 5.87556250445 1.41697899807 2.17557951992 -0.622929311761 20.3046594238 3.92173550728 0.0002 0.0002
84.627812 5.88566454148 1.46653700279 2.11890667986 -0.69396909662 19.4426959207 4.18605545442 0.0002 0.0002
84.627812 5.88566454148 1.46653700279 2.11890667986 -0.69396909662 19.4426959207 4.18605545442 0.0002 0.0002
89.612498 0.113956550765 2.04431394783 0.711449739099 -2.45822580533 5.33425790406 19.8987572514 0.0002 0.0002
89.662498 0.123389105285 2.04681214401 0.581885826223 -2.03472415003 5.26961473699 20.1234868447 0.0002 0.0002
89.662498 0.123389105285 2.04681214401 0.581885826223 -2.03472415003 5.26961473699 20.1234868447 0.0002 0.0002
89.862498 0.161950228772 2.05660966094 0.0836175861982 -0.270653485334 5.13728654372 20.5872761607 0.0002 0.0002
89.862498 0.161950228772 2.05660966094 0.0836175861982 -0.270653485334 5.13728654372 20.5872761607 0.0002 0.0002
90.112498 0.210331929012 2.06882408192 -0.534967405934 1.94630834943 5.24910473213 20.1644945216 0.0002 0.0002
90.218298 0.23027008885 2.0741250119 -0.560891620102 1.92118584053 5.36504661709 19.7553136363 0.0002 0.0002
90.218298 0.23027008885 2.0741250119 -0.560891620102 1.92118584053 5.36504661709 19.7553136363 0.0002 0.0002
90.419012 0.26689622259 2.08448690534 -0.610072647726 1.87352573419 5.60007553914 18.9936618973 0.0002 0.0002
90.419012 0.26689622259 2.08448690534 -0.610072647726 1.87352573419 5.60007553914 18.9936618973 0.0002 0.0002
95.297898 0.784106486936 2.54426338047 -1.80554793664 0.715020470109 17.3856129895 6.36444006082 0.0002 0.0002
95.297898 0.784106486936 2.54426338047 -1.80554793664 0.715020470109 17.3856129895 6.36444006082 0.0002 0.0002
95.403698 0.790125767211 2.56108537723 -1.83147215081 0.689897961212 17.7704097148 6.21579969079 0.0002 0.0002
95.453698 0.792925997915 2.56917119913 -1.45858466115 0.545969807993 17.9349714364 6.15402840123 0.0002 0.0002
95.453698 0.792925997915 2.56917119913 -1.45858466115 0.545969807993 17.9349714364 6.15402840123 0.0002 0.0002
95.653698 0.803960700985 2.60205395622 0.0792003953081 -0.0123401442584 18.2124384619 6.04790924973 0.0002 0.0002
95.653698 0.803960700985 2.60205395622 0.0792003953081 -0.0123401442584 18.2124384619 6.04790924973 0.0002 0.0002
95.903698 0.817826018166 2.64298117615 1.98144782952 -0.715914653382 17.692618548 6.22836177513 0.0002 0.0002
101.194898 1.45103057833 3.12897501712 0.508225078871 -2.00086229828 4.51926125512 20.6033719818 0.0002 0.0002
101.244898 1.46215215556 3.13139099336 0.391582362365 -1.53554326286 4.47428809754 20.7802599781 0.0002 0.0002
101.244898 1.46215215556 3.13139099336 0.391582362365 -1.53554326286 4.47428809754 20.7802599781 0.0002 0.0002
101.444898 1.50733605939 3.14093271722 -0.0622444682882 0.37445031291 4.40882100311 21.0139113989 0.0002 0.0002
101.444898 1.50733605939 3.14093271722 -0.0622444682882 0.37445031291 4.40882100311 21.0139113989 0.0002 0.0002
101.694898 1.56325002767 3.15299846244 -0.639930873922 2.70717081208 4.58270394759 20.23604764 0.0002 0.0002
101.800698 1.58599679256 3.15830176949 -0.672471993942 2.66362553662 4.72155617101 19.6678173863 0.0002 0.0002
101.800698 1.58599679256 3.15830176949 -0.672471993942 2.66362553662 4.72155617101 19.6678173863 0.0002 0.0002
102.001412 1.62730196524 3.16879174179 -0.734206004942 2.58101545706 5.00389613887 18.6151445139 0.0002 0.0002
102.001412 1.62730196524 3.16879174179 -0.734206004942 2.58101545706 5.00389613887 18.6151445139 0.0002 0.0002
104.444898 1.97236721333 3.36476449735 -1.48575393683 1.57532291503 10.4283371772 8.45918989043 0.0002 0.0002
104.444898 1.97236721333 3.36476449735 -1.48575393683 1.57532291503 10.4283371772 8.45918989043 0.0002 0.0002
106.986098 2.1494023835 3.8830518094 -2.26735596136 0.529413141948 19.9657400504 3.11063462243 0.0002 0.0002
107.036098 2.1518934151 3.8992563922 -1.84956505275 0.443133230854 20.1716597802 3.06202469417 0.0002 0.0002
107.036098 2.1518934151 3.8992563922 -1.84956505275 0.443133230854 20.1716597802 3.06202469417 0.0002 0.0002
107.236098 2.16168455965 3.96602634917 -0.117416189151 0.113453333166 20.5673235905 2.95134026652 0.0002 0.0002
107.236098 2.16168455965 3.96602634917 -0.117416189151 0.113453333166 20.5673235905 2.95134026652 0.0002 0.0002
107.486098 2.17393141455 4.05058927518 2.04501398199 -0.290219791952 20.0810670298 2.9951408072 0.0002 0.0002
107.792612 2.18968574961 4.14964929962 1.96591555874 -0.401176484074 18.8516609725 3.20706344535 0.0002 0.0002
107.792612 2.18968574961 4.14964929962 1.96591555874 -0.401176484074 18.8516609725 3.20706344535 0.0002 0.0002
112.046858 2.5750302839 4.86323400018 0.868072880304 -1.94119443964 6.79517699168 13.1720855781 0.0002 0.0002
112.046858 2.5750302839 4.86323400018 0.868072880304 -1.94119443964 6.79517699168 13.1720855781 0.0002 0.0002
112.777298 2.69303617205 4.91325662287 0.679576915088 -2.20561044085 5.66471167513 16.201077735 0.0002 0.0002
112.827298 2.70191235961 4.91632312792 0.538018256227 -1.84680918974 5.60385521075 16.4037763159 0.0002 0.0002
112.827298 2.70191235961 4.91632312792 0.538018256227 -1.84680918974 5.60385521075 16.4037763159 0.0002 0.0002
113.027298 2.73805949267 4.92831832199 -0.009844714925 -0.343814396973 5.49886277675 16.8446043423 0.0002 0.0002
113.027298 2.73805949267 4.92831832199 -0.009844714925 -0.343814396973 5.49886277675 16.8446043423 0.0002 0.0002
113.227298 2.77418092869 4.94021539084 -0.558435694913 1.1842956514 5.61182781335 16.675470907 0.0002 0.0002
113.227298 2.77418092869 4.94021539084 -0.558435694913 1.1842956514 5.61182781335 16.675470907 0.0002 0.0002
113.277298 2.78304296309 4.9432256397 -0.700407778326 1.5570890553 5.6747459037 16.5383491772 0.0002 0.0002
113.383098 2.80144456956 4.94968716731 -0.728197994909 1.53518149479 5.8258923945 16.211186953 0.0002 0.0002
113.383098 2.80144456956 4.94968716731 -0.728197994909 1.53518149479 5.8258923945 16.211186953 0.0002 0.0002
113.583812 2.83504080767 4.96230759461 -0.780919030177 1.49362049196 6.12879330908 15.603263991 0.0002 0.0002
113.583812 2.83504080767 4.96230759461 -0.780919030177 1.49362049196 6.12879330908 15.603263991 0.0002 0.0002
115.622798 3.09322721581 5.12327107178 -1.31649429057 1.07141624649 10.4053897063 10.3731899919 0.0002 0.0002
115.622798 3.09322721581 5.12327107178 -1.31649429057 1.07141624649 10.4053897063 10.3731899919 0.0002 0.0002
117.267498 3.22332496813 5.3119972086 -1.74850345139 0.730855142826 15.4463914925 7.40899423785 0.0002 0.0002
117.267498 3.22332496813 5.3119972086 -1.74850345139 0.730855142826 15.4463914925 7.40899423785 0.0002 0.0002
118.462698 3.29137587299 5.49287718896 -2.06244359185 0.483370111452 20.0012353986 5.95775221394 0.0002 0.0002
118.462698 3.29137587299 5.49287718896 -2.06244359185 0.483370111452 20.0012353986 5.95775221394 0.0002 0.0002
118.568498 3.29660841277 5.51078740436 -2.09023380843 0.461462550944 20.4405886675 5.85778891825 0.0002 0.0002
118.618498 3.2990429449 5.51935351577 -1.66039320017 0.326255113851 20.6281871416 5.81841712042 0.0002 0.0002
118.618498 3.2990429449 5.51935351577 -1.66039320017 0.326255113851 20.6281871416 5.81841712042 0.0002 0.0002
118.818498 3.30863863772 5.55390335546 0.111371899492 -0.206293875347 20.9397771339 5.79456127861 0.0002 0.0002
118.818498 3.30863863772 5.55390335546 0.111371899492 -0.206293875347 20.9397771339 5.79456127861 0.0002 0.0002
119.068498 3.3207011846 5.59626616838 2.30113018276 -0.896391360446 20.3311984306 6.06779303234 0.0002 0.0002
122.440498 3.58275286371 5.95147243745 1.2570493397 -1.89864388951 8.33301708091 15.4926518952 0.0002 0.0002
122.440498 3.58275286371 5.95147243745 1.2570493397 -1.89864388951 8.33301708091 15.4926518952 0.0002 0.0002
124.359698 3.89622705765 6.05142808012 0.662802615496 -2.46908370379 4.6484372085 23.8751946923 0.0002 0.0002
124.409698 3.9070559982 6.05351232153 0.541984493431 -1.93031662074 4.5882209022 24.0952489521 0.0002 0.0002
124.409698 3.9070559982 6.05351232153 0.541984493431 -1.93031662074 4.5882209022 24.0952489521 0.0002 0.0002
124.609698 3.95139356026 6.06173124071 0.078222928571 0.288108657468 4.46493360792 24.425717089 0.0002 0.0002
124.609698 3.95139356026 6.06173124071 0.078222928571 0.288108657468 4.46493360792 24.425717089 0.0002 0.0002
124.859698 4.00703983072 6.07209593284 -0.497287296914 3.01252989853 4.56870846573 23.5925688823 0.0002 0.0002
124.965498 4.02992971673 6.0766417773 -0.526171559405 2.96734742623 4.67699041273 22.9598978613 0.0002 0.0002
124.965498 4.02992971673 6.0766417773 -0.526171559405 2.96734742623 4.67699041273 22.9598978613 0.0002 0.0002
125.166212 4.07187264937 6.0856162824 -0.580968117644 2.88163140784 4.89920884587 21.7859259236 0.0002 0.0002
125.166212 4.07187264937 6.0856162824 -0.580968117644 2.88163140784 4.89920884587 21.7859259236 0.0002 0.0002
129.341898 4.58997733436 0.206956272063 -1.72096443622 1.09838171948 14.511356384 5.16664082806 0.0002 0.0002
129.341898 4.58997733436 0.206956272063 -1.72096443622 1.09838171948 14.511356384 5.16664082806 0.0002 0.0002
130.150898 4.64080245789 0.393854114414 -1.94182803126 0.75289381692 17.4745554902 3.66895891911 0.0002 0.0002
130.200898 4.64364895617 0.407617389704 -1.57644810173 0.654325554211 17.6505322621 3.59862311345 0.0002 0.0002
130.200898 4.64364895617 0.407617389704 -1.57644810173 0.654325554211 17.6505322621 3.59862311345 0.0002 0.0002
130.400898 4.65484377189 0.464888639584 -0.063345923943 0.28409214151 17.9803814435 3.41200663316 0.0002 0.0002
130.400898 4.65484377189 0.464888639584 -0.063345923943 0.28409214151 17.9803814435 3.41200663316 0.0002 0.0002
130.650898 4.66886015349 0.538905296988 1.82187474189 -0.153943137033 17.5367742874 3.37975732068 0.0002 0.0002
130.756698 4.67496016307 0.570049114799 1.79581668412 -0.185989017818 17.1540225345 3.41572214266 0.0002 0.0002
130.756698 4.67496016307 0.570049114799 1.79581668412 -0.185989017818 17.1540225345 3.41572214266 0.0002 0.0002
135.061658 5.10349725857 1.36583991663 0.735524657938 -1.48992318556 6.25669931059 10.6304571417 0.0002 0.0002
135.061658 5.10349725857 1.36583991663 0.735524657938 -1.48992318556 6.25669931059 10.6304571417 0.0002 0.0002
135.792098 5.23052138093 1.42809022777 0.555620615252 -1.71116697725 5.31359515724 12.9686614402 0.0002 0.0002
135.842098 5.23997674154 1.43192184539 0.422436383853 -1.42473362853 5.26471101879 13.1255165195 0.0002 0.0002
135.842098 5.23997674154 1.43192184539 0.422436383853 -1.42473362853 5.26471101879 13.1255165195 0.0002 0.0002
136.042098 5.27832774984 1.44692450094 -0.096891095453 -0.227144482694 5.19999783357 13.4579306194 0.0002 0.0002
136.042098 5.27832774984 1.44692450094 -0.096891095453 -0.227144482694 5.19999783357 13.4579306194 0.0002 0.0002
136.242098 5.3163959825 1.46182560499 -0.623383594184 0.987037312529 5.3431768967 13.305014318 0.0002 0.0002
136.242098 5.3163959825 1.46182560499 -0.623383594184 0.987037312529 5.3431768967 13.305014318 0.0002 0.0002
136.292098 5.32569563274 1.46559900997 -0.760636725293 1.28271471948 5.41235143456 13.1914832532 0.0002 0.0002
136.397898 5.34495473605 1.47370252801 -0.791494388645 1.26149809276 5.57656690642 12.9223055377 0.0002 0.0002
136.397898 5.34495473605 1.47370252801 -0.791494388645 1.26149809276 5.57656690642 12.9223055377 0.0002 0.0002
139.002498 5.67359054698 1.73767703036 -1.55115289493 0.739184047837 11.6782260212 7.71132883428 0.0002 0.0002
139.002498 5.67359054698 1.73767703036 -1.55115289493 0.739184047837 11.6782260212 7.71132883428 0.0002 0.0002
141.496798 5.83266830884 2.13963105703 -2.27864126637 0.238989038143 21.2308815978 5.27147170592 0.0002 0.0002
141.633298 5.83902123605 2.16561159286 -1.0576031942 -0.0920360739169 21.6874843401 5.25146538475 0.0002 0.0002
141.633298 5.83902123605 2.16561159286 -1.0576031942 -0.0920360739169 21.6874843401 5.25146538475 0.0002 0.0002
141.833298 5.84820539238 2.20333249624 0.780692796807 -0.585287977917 21.743182269 5.38616805775 0.0002 0.0002
141.833298 5.84820539238 2.20333249624 0.780692796807 -0.585287977917 21.743182269 5.38616805775 0.0002 0.0002
142.169798 5.86412873444 2.2626186827 3.69220279457 -1.52400085336 20.2134451248 6.0847775714 0.0002 0.0002
147.464298 1.02677762854 2.62057765459 -0.140446086284 -4.41505022973 1.40866923281 37.5290835308 0.0002 0.0002
147.774298 1.23531563117 2.62861739477 -0.502194277318 -1.11739616121 1.60610488195 39.2598273577 0.0002 0.0002
147.774298 1.23531563117 2.62861739477 -0.502194277318 -1.11739616121 1.60610488195 39.2598273577 0.0002 0.0002
147.974298 1.35157143431 2.63370183405 -0.762089401075 1.09717034316 1.85801378799 39.2638878222 0.0002 0.0002
147.974298 1.35157143431 2.63370183405 -0.762089401075 1.09717034316 1.85801378799 39.2638878222 0.0002 0.0002
148.484298 1.57052207686 2.6472151597 -1.61318308166 6.29484101667 3.04058862536 35.39886152 0.0002 0.0002
148.795099 1.6580460213 2.65650850824 -1.98140684392 5.93815446339 4.15779076883 31.5968342918 0.0002 0.0002
148.795099 1.6580460213 2.65650850824 -1.98140684392 5.93815446339 4.15779076883 31.5968342918 0.0002 0.0002
149.451742 1.77776006309 2.68021165703 -2.75936944997 5.18456702833 7.27078833678 24.2931770833 0.0002 0.0002
149.761742 1.81632459776 2.69369447873 -2.04866562524 2.183379391 8.78031850955 22.0374221074 0.0002 0.0002
149.761742 1.81632459776 2.69369447873 -2.04866562524 2.183379391 8.78031850955 22.0374221074 0.0002 0.0002
149.961742 1.83819331881 2.70290400613 -1.41929045335 0.450242957656 9.47756476347 21.5134386664 0.0002 0.0002
149.961742 1.83819331881 2.70290400613 -1.41929045335 0.450242957656 9.47756476347 21.5134386664 0.0002 0.0002
150.471742 1.88978541835 2.72606964215 0.481248323457 -4.0937555432 9.97295067843 23.3108394539 0.0002 0.0002
150.968217 1.94074535157 2.74565713723 0.419936621002 -4.47198376401 9.52553488313 27.5635148765 0.0002 0.0002
150.968217 1.94074535157 2.74565713723 0.419936621002 -4.47198376401 9.52553488313 27.5635148765 0.0002 0.0002
150.968217 1.94074535157 2.74565713723 0.419936621002 -4.47198376401 9.52553488313 27.5635148765 0.0002 0.0002
153.973287 2.28952982422 2.81881689801 0.0488283925979 -6.76132820132 8.11686320371 61.3204036642 0.0002 0.0002
154.283287 2.32748627082 2.82374143442 -0.594013602422 -2.24524861017 8.28459752277 64.133861523 0.0002 0.0002
154.283287 2.32748627082 2.82374143442 -0.594013602422 -2.24524861017 8.28459752277 64.133861523 0.0002 0.0002
154.483287 2.35120774968 2.82684798583 -1.03387115862 0.803079487713 8.60914824884 64.4232114276 0.0002 0.0002
154.483287 2.35120774968 2.82684798583 -1.03387115862 0.803079487713 8.60914824884 64.4232114276 0.0002 0.0002
154.993287 2.40591631422 2.83498401973 -2.37711404723 8.17326369988 10.313822466 59.7487057685 0.0002 0.0002
155.304088 2.43402899553 2.84041674789 -2.57752812886 7.8205698035 11.8537302089 54.7778063219 0.0002 0.0002
155.304088 2.43402899553 2.84041674789 -2.57752812886 7.8205698035 11.8537302089 54.7778063219 0.0002 0.0002
155.960731 2.4824652493 2.85364341698 -3.00095181091 7.07541783101 15.516800012 44.9964603136 0.0002 0.0002
156.270731 2.50137053971 2.86086060194 -2.64500597338 5.40810688082 17.2728778296 41.1393578405 0.0002 0.0002
156.270731 2.50137053971 2.86086060194 -2.64500597338 5.40810688082 17.2728778296 41.1393578405 0.0002 0.0002
156.470731 2.51261991439 2.86584628397 -2.35858844435 4.45087944171 18.2749811492 39.1702794148 0.0002 0.0002
156.470731 2.51261991439 2.86584628397 -2.35858844435 4.45087944171 18.2749811492 39.1702794148 0.0002 0.0002
156.980731 2.53902026146 2.8795361578 -1.4643122506 2.31034029825 20.2423612012 35.7526954007 0.0002 0.0002
157.477206 2.56269205527 2.89388181136 -1.54142883925 2.22233306364 21.7346365087 33.5023363934 0.0002 0.0002
157.477206 2.56269205527 2.89388181136 -1.54142883925 2.22233306364 21.7346365087 33.5023363934 0.0002 0.0002
157.477206 2.56269205527 2.89388181136 -1.54142883925 2.22233306364 21.7346365087 33.5023363934 0.0002 0.0002
158.548502 2.60846941191 2.92829117788 -1.70783136295 2.03243065485 25.2155559663 28.9442250408 0.0002 0.0002
158.548502 2.60846941191 2.92829117788 -1.70783136295 2.03243065485 25.2155559663 28.9442250408 0.0002 0.0002
158.813005 2.6187741116 2.93760221736 -1.74891614879 1.98554374699 26.1298760534 27.8814587576 0.0002 0.0002
158.813005 2.6187741116 2.93760221736 -1.74891614879 1.98554374699 26.1298760534 27.8814587576 0.0002 0.0002
165.740498 2.79796362722 3.39352892478 -2.82495145382 0.757547369127 57.8153118534 8.87871425231 0.0002 0.0002
165.740498 2.79796362722 3.39352892478 -2.82495145382 0.757547369127 57.8153118534 8.87871425231 0.0002 0.0002
168.065698 2.83406256337 3.70929631209 -3.18612068073 0.345372693841 71.7922567806 6.3142045219 0.0002 0.0002
168.065698 2.83406256337 3.70929631209 -3.18612068073 0.345372693841 71.7922567806 6.3142045219 0.0002 0.0002
168.277698 2.83698799571 3.74325224971 -3.21905026791 0.307792687321 73.1501530217 6.17573346109 0.0002 0.0002
168.277698 2.83698799571 3.74325224971 -3.21905026791 0.307792687321 73.1501530217 6.17573346109 0.0002 0.0002
