0.0 0.0 0.0 -1.25496218107 0.769129356329 5.79591993221 9.76354123194 0.0002 0.0002
0.0 0.0 0.0 -1.25496218107 0.769129356329 5.79591993221 9.76354123194 0.0002 0.0002
0.0 0.0 0.0 -1.25496218107 0.769129356329 5.79591993221 9.76354123194 0.0002 0.0002
0.423 0.0667594163758 0.0447878985559 -1.4428866926 0.700175904917 6.93711000577 9.14202510643 0.0002 0.0002
0.423 0.0667594163758 0.0447878985559 -1.4428866926 0.700175904917 6.93711000577 9.14202510643 0.0002 0.0002
0.877 0.126486659391 0.0961923158198 -1.64458344965 0.626169127279 8.33882145036 8.53986446181 0.0002 0.0002
0.877 0.126486659391 0.0961923158198 -1.64458344965 0.626169127279 8.33882145036 8.53986446181 0.0002 0.0002
1.357 0.179022448202 0.154383895826 -1.85783112231 0.547924076032 10.0199804449 7.97629972422 0.0002 0.0002
1.357 0.179022448202 0.154383895826 -1.85783112231 0.547924076032 10.0199804449 7.97629972422 0.0002 0.0002
1.89 0.227394322413 0.223635578898 -2.09462489216 0.461039467042 12.1266395006 7.43852215576 0.0002 0.0002
1.89 0.227394322413 0.223635578898 -2.09462489216 0.461039467042 12.1266395006 7.43852215576 0.0002 0.0002
2.475 0.271179996266 0.30505861889 -2.3545204932 0.365678310835 14.729389551 6.95489225571 0.0002 0.0002
2.475 0.271179996266 0.30505861889 -2.3545204932 0.365678310835 14.729389551 6.95489225571 0.0002 0.0002
3.06 0.307484137912 0.391624494297 -2.61441609425 0.270317154627 17.6362174547 6.58283490841 0.0002 0.0002
3.06 0.307484137912 0.391624494297 -2.61441609425 0.270317154627 17.6362174547 6.58283490841 0.0002 0.0002
3.645 0.337998020731 0.482428938122 -2.8743116953 0.174955998419 20.8471232116 6.32235011388 0.0002 0.0002
3.645 0.337998020731 0.482428938122 -2.8743116953 0.174955998419 20.8471232116 6.32235011388 0.0002 0.0002
4.6635 0.380811662332 0.646702367221 -3.32679660072 0.00892978030411 27.1629520111 6.13506244825 0.0002 0.0002
5.0 0.393012521176 0.700154293621 2.95767002299 -1.53097501429 27.2904668731 6.63442543722 0.0002 0.0002
5.0 0.393012521176 0.700154293621 2.95767002299 -1.53097501429 27.2904668731 6.63442543722 0.0002 0.0002
5.3365 0.40616238419 0.746093615405 8.35066556162 -3.55674282081 23.383999719 8.30363863041 0.0002 0.0002
5.7585 0.427407908084 0.789108157882 7.07416940936 -4.25047207404 16.8747193613 11.598283316 0.0002 0.0002
6.025 0.444839792891 0.810381711869 3.5266368738 -2.00462090205 14.0984795228 13.2953539966 0.0002 0.0002
6.025 0.444839792891 0.810381711869 3.5266368738 -2.00462090205 14.0984795228 13.2953539966 0.0002 0.0002
6.2915 0.464715101572 0.829983634169 0.740062401505 0.658759508858 12.9810757905 13.6604999535 0.0002 0.0002
6.973 0.519282589956 0.881521585913 0.658809325174 0.587221385729 12.0277447088 12.8113639738 0.0002 0.0002
6.973 0.519282589956 0.881521585913 0.658809325174 0.587221385729 12.0277447088 12.8113639738 0.0002 0.0002
7.482 0.562787632981 0.922178592962 0.598122874914 0.533790857962 11.3879662189 12.2407687418 0.0002 0.0002
7.482 0.562787632981 0.922178592962 0.598122874914 0.533790857962 11.3879662189 12.2407687418 0.0002 0.0002
7.992 0.608771932377 0.964764560211 0.537317197836 0.480255358629 10.8088917818 11.7236051713 0.0002 0.0002
7.992 0.608771932377 0.964764560211 0.537317197836 0.480255358629 10.8088917818 11.7236051713 0.0002 0.0002
8.498 0.656756286595 1.00881042157 0.476988428029 0.427139745564 10.2956531351 11.2644632486 0.0002 0.0002
8.498 0.656756286595 1.00881042157 0.476988428029 0.427139745564 10.2956531351 11.2644632486 0.0002 0.0002
8.9873 0.705345246495 1.053040216 0.41865074608 0.375777157674 9.85741688723 10.8715960079 0.0002 0.0002
8.9873 0.705345246495 1.053040216 0.41865074608 0.375777157674 9.85741688723 10.8715960079 0.0002 0.0002
9.4566 0.753884123975 1.09689140452 0.362697600486 0.32651400113 9.49073010819 10.542010767 0.0002 0.0002
9.4566 0.753884123975 1.09689140452 0.362697600486 0.32651400113 9.49073010819 10.542010767 0.0002 0.0002
9.9277 0.804389090118 1.14220992919 0.306529846621 0.277061895765 9.17545705786 10.257666162 0.0002 0.0002
9.9277 0.804389090118 1.14220992919 0.306529846621 0.277061895765 9.17545705786 10.257666162 0.0002 0.0002
16.240021 1.5214050987 1.78048184098 -0.446068099142 -0.38555233304 10.0562672996 10.9424926275 0.0002 0.0002
16.240021 1.5214050987 1.78048184098 -0.446068099142 -0.38555233304 10.0562672996 10.9424926275 0.0002 0.0002
17.480021 1.63872057671 1.88872641104 -0.382727428512 -0.515833917675 11.0930605476 12.0612148883 0.0002 0.0002
17.480021 1.63872057671 1.88872641104 -0.382727428512 -0.515833917675 11.0930605476 12.0612148883 0.0002 0.0002
17.480021 1.63872057671 1.88872641104 -0.382727428512 -0.515833917675 11.0930605476 12.0612148883 0.0002 0.0002
17.480021 1.63872057671 1.88872641104 -0.382727428512 -0.515833917675 11.0930605476 12.0612148883 0.0002 0.0002
18.720021 1.74640654073 1.98613167349 -0.283560979823 -0.64611550231 11.9265632633 13.5033255051 0.0002 0.0002
18.720021 1.74640654073 1.98613167349 -0.729111450256 -0.141660623028 11.9265632633 13.5033255051 0.0002 0.0002
20.0 1.84561306288 2.07939426865 -0.893485736618 -0.238352750845 14.0034535879 13.9897346434 0.0002 0.0002
20.0 1.84561306288 2.07939426865 -0.893485736618 -0.238352750845 14.0034535879 13.9897346434 0.0002 0.0002
22.328798 1.98940176165 2.23815869125 -1.19254885354 -0.414274726029 18.8614067694 15.5095722063 0.0002 0.0002
22.595298 2.0031035815 2.2554654536 -4.46257701832 2.03226893073 20.3472646412 15.0720890986 0.0002 0.0002
22.595298 2.0031035815 2.2554654536 -4.46257701832 2.03226893073 20.3472646412 15.0720890986 0.0002 0.0002
22.861798 2.01531245148 2.27408161005 -8.51110963145 4.134297156 23.7560401257 13.404735478 0.0002 0.0002
23.218798 2.0286352899 2.3040002717 -9.61473289008 3.65245315077 30.2269659059 10.6248656185 0.0002 0.0002
23.355298 2.03297869048 2.31742681096 -7.36544736707 2.67311133613 32.5534258504 9.76462542643 0.0002 0.0002
23.355298 2.03297869048 2.31742681096 -7.36544736707 2.67311133613 32.5534258504 9.76462542643 0.0002 0.0002
23.555298 2.03890174121 2.33891062725 -3.50958575783 1.44365390719 34.7459796215 8.94778871324 0.0002 0.0002
23.555298 2.03890174121 2.33891062725 -3.50958575783 1.44365390719 34.7459796215 8.94778871324 0.0002 0.0002
23.891798 2.04847812213 2.37773232362 3.52680402474 -0.364355406318 34.7400509644 8.59260257427 0.0002 0.0002
27.336298 2.19977858347 2.71421094009 2.19438269322 -0.818440660329 15.0334233144 12.6667436258 0.0002 0.0002
27.336298 2.19977858347 2.71421094009 2.19438269322 -0.818440660329 15.0334233144 12.6667436258 0.0002 0.0002
28.003298 2.24889243029 2.76465007153 1.93636991106 -0.906370654356 12.2782113274 13.8171927727 0.0002 0.0002
28.003298 2.24889243029 2.76465007153 1.93636991106 -0.906370654356 12.2782113274 13.8171927727 0.0002 0.0002
28.805298 2.32353038535 2.81973690981 1.62613565126 -1.01209757371 9.4210818664 15.3558042916 0.0002 0.0002
28.855298 2.32888120868 2.82298384437 1.34162213525 -0.576854363525 9.27276469666 15.4352897955 0.0002 0.0002
28.855298 2.32888120868 2.82298384437 1.34162213525 -0.576854363525 9.27276469666 15.4352897955 0.0002 0.0002
29.055298 2.3509160118 2.83594260283 0.264693244258 1.17202107361 8.95393053804 15.3153398673 0.0002 0.0002
29.055298 2.3509160118 2.83594260283 0.264693244258 1.17202107361 8.95393053804 15.3153398673 0.0002 0.0002
29.305298 2.37870440047 2.85278814638 -1.05842920224 3.19046252551 9.15003226254 14.2115284342 0.0002 0.0002
32.666098 2.63726414857 3.61946947222 -1.83720365869 0.546795083237 18.8816751815 1.65135306277 0.0002 0.0002
32.716098 2.63990077392 3.65023121445 -1.24699275873 0.456917994146 19.0359662641 1.60119382111 0.0002 0.0002
32.716098 2.63990077392 3.65023121445 -1.24699275873 0.456917994146 19.0359662641 1.60119382111 0.0002 0.0002
32.916098 2.65035807444 3.78078017287 1.1547312441 0.120870125986 19.0545756338 1.48660013581 0.0002 0.0002
32.916098 2.65035807444 3.78078017287 1.1547312441 0.120870125986 19.0545756338 1.48660013581 0.0002 0.0002
33.166098 2.66386028207 3.94857526892 3.96662308894 -0.285706213702 17.7571100347 1.52727505424 0.0002 0.0002
36.526898 3.31329762642 4.88220812135 0.799443356374 -2.66585084357 1.73931392528 11.4468680123 0.0002 0.0002
36.576898 3.34269101253 4.88652884822 0.681664238997 -2.20431531012 1.6653109327 11.6905488721 0.0002 0.0002
36.576898 3.34269101253 4.88652884822 0.681664238997 -2.20431531012 1.6653109327 11.6905488721 0.0002 0.0002
36.776898 3.47119461083 4.90319580613 0.259180720186 -0.212384629982 1.47924495571 12.1794396543 0.0002 0.0002
36.776898 3.47119461083 4.90319580613 0.259180720186 -0.212384629982 1.47924495571 12.1794396543 0.0002 0.0002
37.026898 3.64302911539 4.92399806734 -0.225050094563 2.28539965715 1.47086018832 11.6518136014 0.0002 0.0002
37.333412 3.83951642576 4.95197956856 -0.443995568909 2.12169531882 1.67593205081 10.3009772919 0.0002 0.0002
37.333412 3.83951642576 4.95197956856 -0.443995568909 2.12169531882 1.67593205081 10.3009772919 0.0002 0.0002
40.387698 4.62857270201 5.62635583408 -2.62569721078 0.490448887344 11.0516517321 2.32274181304 0.0002 0.0002
40.437698 4.63304700542 5.64809231008 -2.16538556193 0.363742862995 11.2913812981 2.28006344721 0.0002 0.0002
40.437698 4.63304700542 5.64809231008 -2.16538556193 0.363742862995 11.2913812981 2.28006344721 0.0002 0.0002
40.637698 4.65029862571 5.73738199986 -0.176821115189 -0.121890056659 11.7653846524 2.2322512991 0.0002 0.0002
40.637698 4.65029862571 5.73738199986 -0.176821115189 -0.121890056659 11.7653846524 2.2322512991 0.0002 0.0002
40.887698 4.6718589231 5.84549370633 2.31016234155 -0.761476774439 11.2220747838 2.44914019686 0.0002 0.0002
41.194212 4.70100366911 5.95926275229 2.1370808667 -0.95919725879 9.85893247908 2.97655087749 0.0002 0.0002
41.194212 4.70100366911 5.95926275229 2.1370808667 -0.95919725879 9.85893247908 2.97655087749 0.0002 0.0002
44.248498 5.44299161031 0.153335720046 0.412395124774 -2.9294006011 2.072103651 14.8534408806 0.0002 0.0002
44.298498 5.46734197713 0.156671400647 0.297693341071 -2.31884433158 2.03662435317 15.1160391448 0.0002 0.0002
44.298498 5.46734197713 0.156671400647 0.297693341071 -2.31884433158 2.03662435317 15.1160391448 0.0002 0.0002
44.498498 5.56700502015 0.169650842312 -0.145275364136 0.266234791437 2.00648157509 15.5312773846 0.0002 0.0002
44.498498 5.56700502015 0.169650842312 -0.145275364136 0.266234791437 2.00648157509 15.5312773846 0.0002 0.0002
44.748498 5.68672593065 0.186108928215 -0.734364701374 3.40629472543 2.2225786808 14.5965347713 0.0002 0.0002
44.854298 5.73268804936 0.193540576606 -0.807638616783 3.31494558741 2.38572263186 13.8854275462 0.0002 0.0002
44.854298 5.73268804936 0.193540576606 -0.807638616783 3.31494558741 2.38572263186 13.8854275462 0.0002 0.0002
45.055012 5.81130418958 0.208721930136 -0.946647129614 3.14164642967 2.73783234116 12.5894991361 0.0002 0.0002
45.055012 5.81130418958 0.208721930136 -0.946647129614 3.14164642967 2.73783234116 12.5894991361 0.0002 0.0002
48.109298 0.0252495052428 1.00408514017 -3.06195425627 0.504534961177 14.9812474336 1.45301836053 0.0002 0.0002
48.159298 0.0285556330121 1.03906391995 -2.42608537226 0.39960903588 15.2558504524 1.40784422306 0.0002 0.0002
48.159298 0.0285556330121 1.03906391995 -2.42608537226 0.39960903588 15.2558504524 1.40784422306 0.0002 0.0002
48.359298 0.0414067668035 1.18674904898 0.272027743522 0.00622541076216 15.6917795402 1.32761478018 0.0002 0.0002
48.359298 0.0414067668035 1.18674904898 0.272027743522 0.00622541076216 15.6917795402 1.32761478018 0.0002 0.0002
48.609298 0.0577073047973 1.36982470894 3.54735810928 -0.490691848422 14.7190670822 1.44656258659 0.0002 0.0002
48.715098 0.0650832025027 1.44031271918 3.44971872121 -0.58144102545 13.9787763536 1.55999424464 0.0002 0.0002
48.715098 0.0650832025027 1.44031271918 3.44971872121 -0.58144102545 13.9787763536 1.55999424464 0.0002 0.0002
48.915812 0.0801888138092 1.55945371209 3.26448628133 -0.753601992541 12.6311414107 1.82795606896 0.0002 0.0002
48.915812 0.0801888138092 1.55945371209 3.26448628133 -0.753601992541 12.6311414107 1.82795606896 0.0002 0.0002
51.970098 0.934390951285 2.19626247904 0.445784806364 -3.37339349453 1.29891237132 14.4329806072 0.0002 0.0002
52.020098 0.973508616599 2.19968913512 0.346201524377 -2.78949550614 1.25934107442 14.7413434646 0.0002 0.0002
52.020098 0.973508616599 2.19968913512 0.346201524377 -2.78949550614 1.25934107442 14.7413434646 0.0002 0.0002
52.220098 1.13807313505 2.21290553721 -0.0308249574113 -0.269354314221 1.19697087402 15.3601408899 0.0002 0.0002
52.220098 1.13807313505 2.21290553721 -0.0308249574113 -0.269354314221 1.19697087402 15.3601408899 0.0002 0.0002
52.470098 1.33926329699 2.22940071711 -0.514100376547 2.89090427548 1.33084046309 14.692898157 0.0002 0.0002
52.575898 1.4154923827 2.23675442498 -0.614610436746 2.82352442692 1.45025806714 14.0883116003 0.0002 0.0002
52.575898 1.4154923827 2.23675442498 -0.614610436746 2.82352442692 1.45025806714 14.0883116003 0.0002 0.0002
55.830898 2.1716980602 2.82331955054 -3.70686228879 0.750543263868 15.5166517888 2.45472126674 0.0002 0.0002
55.880898 2.17488466279 2.84398639065 -3.05776957874 0.614019226459 15.8551311 2.38654302422 0.0002 0.0002
55.880898 2.17488466279 2.84398639065 -3.05776957874 0.614019226459 15.8551311 2.38654302422 0.0002 0.0002
56.080898 2.18716859122 2.93104048557 -0.253265639933 0.110533288007 16.525201742 2.24330562655 0.0002 0.0002
56.080898 2.18716859122 2.93104048557 -0.253265639933 0.110533288007 16.525201742 2.24330562655 0.0002 0.0002
56.330898 2.20251884248 3.04137856263 3.25491932237 -0.504764778593 15.7607522758 2.34009923077 0.0002 0.0002
56.436698 2.20938156425 3.08555279503 3.17708686508 -0.561495926494 15.0802460212 2.45290961337 0.0002 0.0002
56.436698 2.20938156425 3.08555279503 3.17708686508 -0.561495926494 15.0802460212 2.45290961337 0.0002 0.0002
59.691698 2.81124686785 3.73568382664 0.782524970274 -2.30686347299 2.19170949709 11.7894194587 0.0002 0.0002
59.741698 2.8344538772 3.73988674875 0.655785600695 -1.82376464041 2.11984483884 11.9960972052 0.0002 0.0002
59.741698 2.8344538772 3.73988674875 0.655785600695 -1.82376464041 2.11984483884 11.9960972052 0.0002 0.0002
59.941698 2.93350039333 3.75624566697 0.19446410233 0.22069180831 1.95169529466 12.320393556 0.0002 0.0002
59.941698 2.93350039333 3.75624566697 0.19446410233 0.22069180831 1.95169529466 12.320393556 0.0002 0.0002
60.191698 3.06182356912 3.77699580168 -0.351558567251 2.70219836993 1.99028825722 11.5764571867 0.0002 0.0002
60.498212 3.20689226939 3.80550579176 -0.524597379187 2.48238662714 2.25884232099 9.9873093009 0.0002 0.0002
60.498212 3.20689226939 3.80550579176 -0.524597379187 2.48238662714 2.25884232099 9.9873093009 0.0002 0.0002
62.097498 3.68346402073 4.06528296424 -1.42745515856 1.3354835725 5.38073261587 3.8814429408 0.0002 0.0002
62.097498 3.68346402073 4.06528296424 -1.42745515856 1.3354835725 5.38073261587 3.8814429408 0.0002 0.0002
63.552498 3.87614449308 4.70920137489 -2.2488580027 0.292052976292 10.7297682655 1.5133772623 0.0002 0.0002
63.602498 3.88075848055 4.74253181235 -1.92986049373 0.209019701479 10.9388147423 1.48833686796 0.0002 0.0002
63.602498 3.88075848055 4.74253181235 -1.92986049373 0.209019701479 10.9388147423 1.48833686796 0.0002 0.0002
63.802498 3.89856273738 4.87875336181 -0.55279279915 -0.115008182227 11.4395894074 1.46969204296 0.0002 0.0002
63.802498 3.89856273738 4.87875336181 -0.55279279915 -0.115008182227 11.4395894074 1.46969204296 0.0002 0.0002
64.052498 3.9204388642 5.04199739681 1.22981153175 -0.540556121639 11.268061175 1.631450374 0.0002 0.0002
68.445984 4.56337337244 5.87344824079 0.250197204687 -4.02044539348 4.76566351153 21.6701466767 0.0002 0.0002
68.445984 4.56337337244 5.87344824079 0.250197204687 -4.02044539348 4.76566351153 21.6701466767 0.0002 0.0002
68.646698 4.60591291973 5.88237771161 0.205444061046 -4.17942222767 4.67420993052 23.3159749064 0.0002 0.0002
68.646698 4.60591291973 5.88237771161 0.205444061046 -4.17942222767 4.67420993052 23.3159749064 0.0002 0.0002
68.752498 4.62864959041 5.8868308894 0.18185386506 -4.26322180844 4.63323380994 24.2092066454 0.0002 0.0002
68.802498 4.63945698249 5.88887912883 0.042561062224 -3.62005706359 4.62201824818 24.6035529166 0.0002 0.0002
68.802498 4.63945698249 5.88887912883 0.042561062224 -3.62005706359 4.62201824818 24.6035529166 0.0002 0.0002
69.002498 4.68246300014 5.896832733 -0.519985105169 -0.883871091239 4.71680297087 25.5110613235 0.0002 0.0002
69.002498 4.68246300014 5.896832733 -0.519985105169 -0.883871091239 4.71680297087 25.5110613235 0.0002 0.0002
69.252498 4.7334268575 5.90666081511 -1.29477998366 2.61665643287 5.1653222964 25.0727877685 0.0002 0.0002
69.7 4.81116757497 5.92538112841 -1.52665691 2.47660422174 6.42792094919 22.793543439 0.0002 0.0002
69.7 4.81116757497 5.92538112841 -1.52665691 2.47660422174 6.42792094919 22.793543439 0.0002 0.0002
70.002498 4.8550450242 5.93910249755 -1.68339879376 2.38193310572 7.39895637947 21.3238456145 0.0002 0.0002
70.002498 4.8550450242 5.93910249755 -1.68339879376 2.38193310572 7.39895637947 21.3238456145 0.0002 0.0002
70.251298 4.88685915345 5.95110314432 -1.81231660702 2.304067554 8.26869037118 20.1579686504 0.0002 0.0002
70.251298 4.88685915345 5.95110314432 -1.81231660702 2.304067554 8.26869037118 20.1579686504 0.0002 0.0002
71.491298 5.00502011664 6.02272787901 -2.21258848609 1.91564317572 13.3026075026 14.9208288121 0.0002 0.0002
71.491298 5.00502011664 6.02272787901 -2.21258848609 1.91564317572 13.3026075026 14.9208288121 0.0002 0.0002
71.491298 5.00502011664 6.02272787901 -2.21258848609 1.91564317572 13.3026075026 14.9208288121 0.0002 0.0002
71.491298 5.00502011664 6.02272787901 -2.21258848609 1.91564317572 13.3026075026 14.9208288121 0.0002 0.0002
72.731298 5.08269191272 6.12135319679 -2.41137316664 1.52721879743 19.0857599598 10.647846432 0.0002 0.0002
72.731298 5.08269191272 6.12135319679 -2.41137316664 1.52721879743 19.0857599598 10.647846432 0.0002 0.0002
73.630098 5.12495702499 6.21795533172 -2.73229676844 1.24592636218 23.7088904974 8.15534356253 0.0002 0.0002
73.680098 5.12705459543 6.22413118103 -2.23838566248 1.05865548387 23.9575131099 8.04015546272 0.0002 0.0002
73.680098 5.12705459543 6.22413118103 -2.23838566248 1.05865548387 23.9575131099 8.04015546272 0.0002 0.0002
73.880098 5.13529550677 6.24952526827 -0.188821590431 0.347070176376 24.4457378762 7.76060041723 0.0002 0.0002
73.880098 5.13529550677 6.24952526827 -0.188821590431 0.347070176376 24.4457378762 7.76060041723 0.0002 0.0002
74.130098 5.14559378287 0.0 2.37463530752 -0.514398478362 23.8943699033 7.80206422373 0.0002 0.0002
74.436612 5.15882391998 0.037106025636 2.2894724173 -0.564080122782 22.4647555882 8.13263301368 0.0002 0.0002
74.436612 5.15882391998 0.037106025636 2.2894724173 -0.564080122782 22.4647555882 8.13263301368 0.0002 0.0002
75.985612 5.24051980244 0.20742861878 1.85909299919 -0.815151418733 16.038627758 10.2690626715 0.0002 0.0002
75.985612 5.24051980244 0.20742861878 1.85909299919 -0.815151418733 16.038627758 10.2690626715 0.0002 0.0002
78.030098 5.40605509038 0.377074896996 1.29104606892 -1.14653408469 9.59821253523 14.2797012196 0.0002 0.0002
78.080098 5.41129780933 0.380563546661 1.08233938924 -0.858908453186 9.47958390665 14.3800077181 0.0002 0.0002
78.080098 5.41129780933 0.380563546661 1.08233938924 -0.858908453186 9.47958390665 14.3800077181 0.0002 0.0002
78.280098 5.43276519085 0.394381628419 0.283700122571 0.31488735085 9.20786401436 14.4894123827 0.0002 0.0002
78.280098 5.43276519085 0.394381628419 0.283700122571 0.31488735085 9.20786401436 14.4894123827 0.0002 0.0002
78.530098 5.45988621988 0.411879050978 -0.694232917795 1.74421704771 9.30962699702 13.970180886 0.0002 0.0002
78.635898 5.47116136111 0.419553551542 -0.711074763194 1.71360365663 9.45830854967 13.6043434555 0.0002 0.0002
78.635898 5.47116136111 0.419553551542 -0.711074763194 1.71360365663 9.45830854967 13.6043434555 0.0002 0.0002
78.836612 5.49206377913 0.434688742456 -0.743025558634 1.65552675513 9.75016684167 12.928111814 0.0002 0.0002
78.836612 5.49206377913 0.434688742456 -0.743025558634 1.65552675513 9.75016684167 12.928111814 0.0002 0.0002
83.821298 5.84688408204 1.2520468999 -1.53651621059 0.213200271649 21.1129667851 3.61309436582 0.0002 0.0002
83.871298 5.84924440448 1.26592137044 -1.16484329848 0.134531446154 21.2480749835 3.59571295391 0.0002 0.0002
83.871298 5.84924440448 1.26592137044 -1.16484329848 0.134531446154 21.2480749835 3.59571295391 0.0002 0.0002
84.071298 5.85859878174 1.32163738627 0.349980226305 -0.178127906729 21.411828308 3.60439095157 0.0002 0.0002
84.071298 5.85859878174 1.32163738627 0.349980226305 -0.178127906729 21.411828308 3.60439095157 0.0002 0.0002
84.271298 5.86801481047 1.37627008898 1.84489514849 -0.501017041472 20.9707503505 3.73957665684 0.0002 0.0002
84.271298 5.86801481047 1.37627008898 1.84489514849 -0.501017041472 20.9707503505 3.73957665684 0.0002 0.0002
84.321298 5.87041032962 1.38954690922 2.20545280468 -0.585482949085 20.7681726437 3.79388549008 0.0002 0.0002
84.427098 5.87556250445 1.41697899807 2.17557951992 -0.622929311761 20.3046594238 3.92173550728 0.0002 0.0002
84.427098 5.87556250445 1.41697899807 2.17557951992 -0.622929311761 20.3046594238 3.92173550728 0.0002 0.0002
84.627812 5.88566454148 1.46653700279 2.11890667986 -0.69396909662 19.4426959207 4.18605545442 0.0002 0.0002
84.627812 5.88566454148 1.46653700279 2.11890667986 -0.69396909662 19.4426959207 4.18605545442 0.0002 0.0002
89.612498 0.113956550765 2.04431394783 0.711449739099 -2.45822580533 5.33425790406 19.8987572514 0.0002 0.0002
89.662498 0.123389105285 2.04681214401 0.581885826223 -2.03472415003 5.26961473699 20.1234868447 0.0002 0.0002
89.662498 0.123389105285 2.04681214401 0.581885826223 -2.03472415003 5.26961473699 20.1234868447 0.0002 0.0002
89.862498 0.161950228772 2.05660966094 0.0836175861982 -0.270653485334 5.13728654372 20.5872761607 0.0002 0.0002
89.862498 0.161950228772 2.05660966094 0.0836175861982 -0.270653485334 5.13728654372 20.5872761607 0.0002 0.0002
90.112498 0.210331929012 2.06882408192 -0.534967405934 1.94630834943 5.24910473213 20.1644945216 0.0002 0.0002
90.218298 0.23027008885 2.0741250119 -0.560891620102 1.92118584053 5.36504661709 19.7553136363 0.0002 0.0002
90.218298 0.23027008885 2.0741250119 -0.560891620102 1.92118584053 5.36504661709 19.7553136363 0.0002 0.0002
90.419012 0.26689622259 2.08448690534 -0.610072647726 1.87352573419 5.60007553914 18.9936618973 0.0002 0.0002
90.419012 0.26689622259 2.08448690534 -0.610072647726 1.87352573419 5.60007553914 18.9936618973 0.0002 0.0002
95.297898 0.784106486936 2.54426338047 -1.80554793664 0.715020470109 17.3856129895 6.36444006082 0.0002 0.0002
95.297898 0.784106486936 2.54426338047 -1.80554793664 0.715020470109 17.3856129895 6.36444006082 0.0002 0.0002
95.403698 0.790125767211 2.56108537723 -1.83147215081 0.689897961212 17.7704097148 6.21579969079 0.0002 0.0002
95.453698 0.792925957612 2.56917131664 -1.47413970803 0.551310615009 17.9357470751 6.15376055974 0.0002 0.0002
95.453698 0.792925957612 2.56917131664 -1.47413970803 0.551310615009 17.9357470751 6.15376055974 0.0002 0.0002
95.653698 0.803955767427 2.60206898631 0.000846855173556 0.0140971665076 18.2320349782 6.04129610526 0.0002 0.0002
95.653698 0.803955767427 2.60206898631 0.000846855173556 0.0140971665076 18.2320349782 6.04129610526 0.0002 0.0002
95.903698 0.817786091583 2.64309998035 1.83307938471 -0.660239174536 17.769577322 6.20145928355 0.0002 0.0002
101.194898 1.39810997272 3.14269020852 0.534760119143 -1.88538912104 5.24086493924 19.6708877211 0.0002 0.0002
101.244898 1.40769595174 3.14522070729 0.423555553188 -1.51870314732 5.19296437005 19.8411464198 0.0002 0.0002
101.244898 1.40769595174 3.14522070729 0.423555553188 -1.51870314732 5.19296437005 19.8411464198 0.0002 0.0002
101.444898 1.44662755563 3.1551984517 -0.00927008572046 -0.00835953135002 5.11052583063 20.1481206863 0.0002 0.0002
101.444898 1.44662755563 3.1551984517 -0.00927008572046 -0.00835953135002 5.11052583063 20.1481206863 0.0002 0.0002
101.694898 1.49510156915 3.16770407975 -0.554190707491 1.869460362 5.25028295798 19.6791151153 0.0002 0.0002
101.800698 1.51502766901 3.17313486813 -0.580531015948 1.84529471646 5.37033651632 19.286094028 0.0002 0.0002
101.800698 1.51502766901 3.17313486813 -0.580531015948 1.84529471646 5.37033651632 19.286094028 0.0002 0.0002
102.001412 1.55159223314 3.18374543403 -0.630501419271 1.79944988301 5.61340768053 18.5545427605 0.0002 0.0002
102.001412 1.55159223314 3.18374543403 -0.630501419271 1.79944988301 5.61340768053 18.5545427605 0.0002 0.0002
104.444898 1.8807228961 3.35465338728 -1.2388395568 1.24133630502 10.1811161848 11.1244242811 0.0002 0.0002
104.444898 1.8807228961 3.35465338728 -1.2388395568 1.24133630502 10.1811161848 11.1244242811 0.0002 0.0002
106.986098 2.06911049032 3.66331103811 -1.87150488621 0.660903994624 18.0851234834 6.2904512316 0.0002 0.0002
107.036098 2.07186189509 3.67129864308 -1.50780812663 0.521170602277 18.2541471671 6.23136778485 0.0002 0.0002
107.036098 2.07186189509 3.67129864308 -1.50780812663 0.521170602277 18.2541471671 6.23136778485 0.0002 0.0002
107.236098 2.08269845069 3.70374779581 -0.00624770168498 -0.0219242166922 18.5586327455 6.13206339916 0.0002 0.0002
107.236098 2.08269845069 3.70374779581 -0.00624770168498 -0.0219242166922 18.5586327455 6.13206339916 0.0002 0.0002
107.486098 2.09628410454 3.74411302132 1.85964746567 -0.707029977854 18.0912644882 6.3127537415 0.0002 0.0002
107.792612 2.11377615699 3.79102176346 1.78411223139 -0.779856786599 16.9744011284 6.76850535122 0.0002 0.0002
107.792612 2.11377615699 3.79102176346 1.78411223139 -0.779856786599 16.9744011284 6.76850535122 0.0002 0.0002
112.046858 2.53939932146 4.19016905538 0.73572465922 -1.79065289965 6.25439511584 17.7040859019 0.0002 0.0002
112.046858 2.53939932146 4.19016905538 0.73572465922 -1.79065289965 6.25439511584 17.7040859019 0.0002 0.0002
112.777298 2.66647730183 4.22857001189 0.555719972557 -1.96420325683 5.311072299 20.4467830329 0.0002 0.0002
112.827298 2.67593780544 4.2310044597 0.443163424406 -1.58289136428 5.26114398764 20.6241941213 0.0002 0.0002
112.827298 2.67593780544 4.2310044597 0.443163424406 -1.58289136428 5.26114398764 20.6241941213 0.0002 0.0002
113.027298 2.71438613487 4.24060300681 0.00563011098158 -0.0121681677666 5.17183869827 20.944837299 0.0002 0.0002
113.027298 2.71438613487 4.24060300681 0.00563011098158 -0.0121681677666 5.17183869827 20.944837299 0.0002 0.0002
113.227298 2.75285110899 4.25019931236 -0.431558085225 1.55929337557 5.25659397657 20.6338300087 0.0002 0.0002
113.227298 2.75285110899 4.25019931236 -0.431558085225 1.55929337557 5.25659397657 20.6338300087 0.0002 0.0002
113.277298 2.76232080715 4.2526324792 -0.543918963145 1.94101729051 5.30535234211 20.4587588613 0.0002 0.0002
113.383098 2.78204638432 4.25785624616 -0.569760922824 1.91636249132 5.42317967404 20.0506480804 0.0002 0.0002
113.383098 2.78204638432 4.25785624616 -0.569760922824 1.91636249132 5.42317967404 20.0506480804 0.0002 0.0002
113.583812 2.81827659117 4.2680620306 -0.618785904819 1.8695896807 5.66173766201 19.2907544762 0.0002 0.0002
113.583812 2.81827659117 4.2680620306 -0.618785904819 1.8695896807 5.66173766201 19.2907544762 0.0002 0.0002
115.622798 3.10468453869 4.39903654188 -1.11681420349 1.39444043333 9.20060198444 12.6354427701 0.0002 0.0002
115.622798 3.10468453869 4.39903654188 -1.11681420349 1.39444043333 9.20060198444 12.6354427701 0.0002 0.0002
117.267498 3.25260729246 4.55674688172 -1.51853699257 1.01117249173 13.5349640966 8.67893119224 0.0002 0.0002
117.267498 3.25260729246 4.55674688172 -1.51853699257 1.01117249173 13.5349640966 8.67893119224 0.0002 0.0002
118.462698 3.33031410727 4.71539425356 -1.81046809095 0.732652491859 17.5137909724 6.59471157185 0.0002 0.0002
118.462698 3.33031410727 4.71539425356 -1.81046809095 0.732652491859 17.5137909724 6.59471157185 0.0002 0.0002
118.568498 3.33628963498 4.7316268008 -1.83631005063 0.707997692674 17.8996200998 6.44229078232 0.0002 0.0002
118.618498 3.33906967753 4.73942804686 -1.47626900181 0.565000100033 18.0653059395 6.37866273593 0.0002 0.0002
118.618498 3.33906967753 4.73942804686 -1.47626900181 0.565000100033 18.0653059395 6.37866273593 0.0002 0.0002
118.818498 3.35002141291 4.77116008337 0.00952786177958 0.0105311306714 18.3602762543 6.26418464062 0.0002 0.0002
118.818498 3.35002141291 4.77116008337 0.00952786177958 0.0105311306714 18.3602762543 6.26418464062 0.0002 0.0002
119.068498 3.36375678474 4.81072629397 1.85439283844 -0.685841427592 17.8902549527 6.43157794139 0.0002 0.0002
122.440498 3.64579222969 5.1787797673 1.01776183913 -1.45674340921 8.20534937996 13.6563740111 0.0002 0.0002
122.440498 3.64579222969 5.1787797673 1.01776183913 -1.45674340921 8.20534937996 13.6563740111 0.0002 0.0002
124.359698 3.94363190262 5.29490830982 0.541586805352 -1.89550826185 5.21264746148 20.0900154182 0.0002 0.0002
124.409698 3.95327067157 5.29738620081 0.430796402967 -1.52067383032 5.16404373882 20.2608788002 0.0002 0.0002
124.409698 3.95327067157 5.29738620081 0.430796402967 -1.52067383032 5.16404373882 20.2608788002 0.0002 0.0002
124.609698 3.99243479658 5.30716013556 -7.90815083765e-05 0.0220284918463 5.07833542977 20.5621405361 0.0002 0.0002
124.609698 3.99243479658 5.30716013556 -7.90815083765e-05 0.0220284918463 5.07833542977 20.5621405361 0.0002 0.0002
124.859698 4.04123731414 5.31941857782 -0.541752564362 1.93748268889 5.21272780498 20.0683351254 0.0002 0.0002
124.965498 4.06131034676 5.32474492017 -0.568005970467 1.91242051103 5.33014025796 19.6610153668 0.0002 0.0002
124.965498 4.06131034676 5.32474492017 -0.568005970467 1.91242051103 5.33014025796 19.6610153668 0.0002 0.0002
125.166212 4.09816150717 5.33515655171 -0.617811510664 1.86487485918 5.56815042787 18.9028593039 0.0002 0.0002
125.166212 4.09816150717 5.33515655171 -0.617811510664 1.86487485918 5.56815042787 18.9028593039 0.0002 0.0002
129.341898 4.57174621888 5.69450192825 -1.65397389557 0.875727551081 15.0544129437 7.4589641878 0.0002 0.0002
129.341898 4.57174621888 5.69450192825 -1.65397389557 0.875727551081 15.0544129437 7.4589641878 0.0002 0.0002
130.150898 4.62105811448 5.81377604458 -1.8547206398 0.684089537051 17.8929468228 6.1970721635 0.0002 0.0002
130.200898 4.62383904618 5.82188617327 -1.49497336114 0.545904789511 18.0604890473 6.13559355252 0.0002 0.0002
130.200898 4.62383904618 5.82188617327 -1.49497336114 0.545904789511 18.0604890473 6.13559355252 0.0002 0.0002
130.400898 4.63479141098 5.85487706848 -0.00957393547312 0.0100942015337 18.3630624038 6.02500058711 0.0002 0.0002
130.400898 4.63479141098 5.85487706848 -0.00957393547312 0.0100942015337 18.3630624038 6.02500058711 0.0002 0.0002
130.650898 4.6485210973 5.8960122056 1.8365504094 -0.662852519684 17.9023572567 6.18680379074 0.0002 0.0002
130.756698 4.65449570997 5.91291983563 1.81070718356 -0.687467121588 17.5164774034 6.32966760878 0.0002 0.0002
130.756698 4.65449570997 5.91291983563 1.81070718356 -0.687467121588 17.5164774034 6.32966760878 0.0002 0.0002
135.061658 5.07137176738 0.0637069720517 0.759156583421 -1.68902550169 6.45331668108 16.5603732923 0.0002 0.0002
135.061658 5.07137176738 0.0637069720517 0.759156583421 -1.68902550169 6.45331668108 16.5603732923 0.0002 0.0002
135.792098 5.19457322754 0.104733487928 0.580735733897 -1.85896396875 5.47460573682 19.1519667211 0.0002 0.0002
135.842098 5.20375181585 0.107332392582 0.465216645854 -1.50226736048 5.42232472359 19.3200816918 0.0002 0.0002
135.842098 5.20375181585 0.107332392582 0.465216645854 -1.50226736048 5.42232472359 19.3200816918 0.0002 0.0002
136.042098 5.24107012547 0.117576757952 0.0165656510306 -0.0321241455829 5.32645501058 19.628529219 0.0002 0.0002
136.042098 5.24107012547 0.117576757952 0.0165656510306 -0.0321241455829 5.32645501058 19.628529219 0.0002 0.0002
136.242098 5.27843461123 0.127814385326 -0.431069894645 1.439968316 5.40893708419 19.3455205792 0.0002 0.0002
136.242098 5.27843461123 0.127814385326 -0.431069894645 1.439968316 5.40893708419 19.3455205792 0.0002 0.0002
136.292098 5.28763871067 0.130409439566 -0.546013256069 1.79775266957 5.45777572935 19.183583088 0.0002 0.0002
136.397898 5.30681851009 0.135979743586 -0.571177757351 1.77441310005 5.57597453857 18.8056479496 0.0002 0.0002
136.397898 5.30681851009 0.135979743586 -0.571177757351 1.77441310005 5.57597453857 18.8056479496 0.0002 0.0002
139.002498 5.66008278025 0.317585837192 -1.19068116038 1.19983613623 10.1649122757 11.0589183888 0.0002 0.0002
139.002498 5.66008278025 0.317585837192 -1.19068116038 1.19983613623 10.1649122757 11.0589183888 0.0002 0.0002
141.496798 5.84774792314 0.617488766744 -1.78394973834 0.649591445737 17.5845341263 6.44589117107 0.0002 0.0002
141.633298 5.85542713634 0.638891636427 -0.623953232327 0.200703325769 17.9142090407 6.33017516475 0.0002 0.0002
141.633298 5.85542713634 0.638891636427 -0.623953232327 0.200703325769 17.9142090407 6.33017516475 0.0002 0.0002
141.833298 5.86658569911 0.670471621205 1.10441287245 -0.448323181839 17.8174892654 6.37938055109 0.0002 0.0002
141.833298 5.86658569911 0.670471621205 1.10441287245 -0.448323181839 17.8174892654 6.37938055109 0.0002 0.0002
142.169798 5.88624122822 0.721053628037 3.75398726457 -1.64679500201 16.1519589074 7.07172820016 0.0002 0.0002
147.464298 1.78677751683 1.0445665071 -1.19320336248 -4.42586580829 2.59388853784 39.2234308603 0.0002 0.0002
147.774298 1.89024827087 1.05226463581 -1.7599745339 -1.26260611511 3.50183590481 41.0016692837 0.0002 0.0002
147.774298 1.89024827087 1.05226463581 -1.7599745339 -1.26260611511 3.50183590481 41.0016692837 0.0002 0.0002
147.974298 1.9419360068 1.05712933669 -2.21537163506 0.865045014183 4.2941645394 41.0814578684 0.0002 0.0002
147.974298 1.9419360068 1.05712933669 -2.21537163506 0.865045014183 4.2941645394 41.0814578684 0.0002 0.0002
148.484298 2.03406208806 1.06997126842 -3.8494697896 5.92753058853 7.3194476372 37.5371096256 0.0002 0.0002
148.795099 2.07054259259 1.07867822039 -4.5211570905 5.6283336979 9.92104684216 33.9455354495 0.0002 0.0002
148.795099 2.07054259259 1.07867822039 -4.5211570905 5.6283336979 9.92104684216 33.9455354495 0.0002 0.0002
149.451742 2.12144130105 1.10038221246 -5.94026051784 4.99620721231 16.7904634848 26.9690050326 0.0002 0.0002
149.761742 2.13826263063 1.11242169297 -4.23740243719 1.80763840975 19.9844785235 24.8850953791 0.0002 0.0002
149.761742 2.13826263063 1.11242169297 -4.23740243719 1.80763840975 19.9844785235 24.8850953791 0.0002 0.0002
149.961742 2.14790986225 1.12053529892 -2.79500190285 -0.0805814012049 21.3981226681 24.5414219312 0.0002 0.0002
149.961742 2.14790986225 1.12053529892 -2.79500190285 -0.0805814012049 21.3981226681 24.5414219312 0.0002 0.0002
150.471742 2.17096752104 1.14062315029 1.41840731636 -5.19026097703 22.1242460955 27.1444288278 0.0002 0.0002
150.968217 2.19414143057 1.15732596735 1.3508198028 -5.70126528996 20.7493940616 32.5517993312 0.0002 0.0002
150.968217 2.19414143057 1.15732596735 1.3508198028 -5.70126528996 20.7493940616 32.5517993312 0.0002 0.0002
150.968217 2.19414143057 1.15732596735 1.3508198028 -5.70126528996 20.7493940616 32.5517993312 0.0002 0.0002
153.973287 2.37228396085 1.21773542309 0.941725267584 -8.79427849438 13.8601356469 76.1119230912 0.0002 0.0002
154.283287 2.39494807351 1.22169725835 -0.114803523805 -3.0701804032 13.6057622705 79.8187367185 0.0002 0.0002
154.283287 2.39494807351 1.22169725835 -0.114803523805 -3.0701804032 13.6057622705 79.8187367185 0.0002 0.0002
154.483287 2.40957474703 1.22419180882 -0.795989955229 0.808340986587 13.7873344308 80.2725725317 0.0002 0.0002
154.483287 2.40957474703 1.22419180882 -0.795989955229 0.808340986587 13.7873344308 80.2725725317 0.0002 0.0002
154.993287 2.44477664518 1.23071629569 -2.73872884759 10.2113265885 15.5530823693 74.5313588438 0.0002 0.0002
155.304088 2.46372071226 1.23507180564 -2.90859910312 9.7723383311 17.3082775437 68.3204158031 0.0002 0.0002
155.304088 2.46372071226 1.23507180564 -2.90859910312 9.7723383311 17.3082775437 68.3204158031 0.0002 0.0002
155.960731 2.49787521331 1.24567893778 -3.26749149472 8.84486845071 21.3637642022 56.0955572903 0.0002 0.0002
156.270731 2.51177262455 1.25146872583 -2.68034245658 6.74716030754 23.2138112906 51.2781992195 0.0002 0.0002
156.270731 2.51177262455 1.25146872583 -2.68034245658 6.74716030754 23.2138112906 51.2781992195 0.0002 0.0002
156.470731 2.52020504707 1.25546866918 -2.24272001491 5.54345035846 24.1998027287 48.823508139 0.0002 0.0002
156.470731 2.52020504707 1.25546866918 -2.24272001491 5.54345035846 24.1998027287 48.823508139 0.0002 0.0002
156.980731 2.54050223887 1.26645027724 -0.975490454949 2.85232541723 25.8561763294 44.5801705459 0.0002 0.0002
157.477206 2.55934837091 1.27795181536 -1.01296357071 2.75058339758 26.8433940418 41.7984663921 0.0002 0.0002
157.477206 2.55934837091 1.27795181536 -1.01296357071 2.75058339758 26.8433940418 41.7984663921 0.0002 0.0002
157.477206 2.55934837091 1.27795181536 -1.01296357071 2.75058339758 26.8433940418 41.7984663921 0.0002 0.0002
158.548502 2.5976879901 1.30551875529 -1.09382322933 2.5310440075 29.1003863135 36.1402800795 0.0002 0.0002
158.548502 2.5976879901 1.30551875529 -1.09382322933 2.5310440075 29.1003863135 36.1402800795 0.0002 0.0002
158.813005 2.60668759903 1.31297553701 -1.11378748038 2.47683972848 29.6843059691 34.8156798077 0.0002 0.0002
158.813005 2.60668759903 1.31297553701 -1.11378748038 2.47683972848 29.6843059691 34.8156798077 0.0002 0.0002
165.740498 2.78983863528 1.68685089699 -1.63666324872 1.05719698925 48.7380341418 10.3336651839 0.0002 0.0002
165.740498 2.78983863528 1.68685089699 -1.63666324872 1.05719698925 48.7380341418 10.3336651839 0.0002 0.0002
168.065698 2.83406255229 1.97394039285 -1.81216551723 0.580696573112 56.7572507884 6.52523507267 0.0002 0.0002
168.065698 2.83406255229 1.97394039285 -1.81216551723 0.580696573112 56.7572507884 6.52523507267 0.0002 0.0002
168.277698 2.83777262794 2.00704228994 -1.82816692826 0.537251670213 57.5290012668 6.28823004508 0.0002 0.0002
168.277698 2.83777262794 2.00704228994 -1.82816692826 0.537251670213 57.5290012668 6.28823004508 0.0002 0.0002
