0.0 0.0 0.0 -1.25496218107 0.769129356329 5.79591993221 9.76354123194 0.0002 0.0002
0.0 0.0 0.0 -1.25496218107 0.769129356329 5.79591993221 9.76354123194 0.0002 0.0002
0.0 0.0 0.0 -1.25496218107 0.769129356329 5.79591993221 9.76354123194 0.0002 0.0002
0.423 0.0667594163758 0.0447878985559 -1.4428866926 0.700175904917 6.93711000577 9.14202510643 0.0002 0.0002
0.423 0.0667594163758 0.0447878985559 -1.4428866926 0.700175904917 6.93711000577 9.14202510643 0.0002 0.0002
0.877 0.126486659391 0.0961923158198 -1.64458344965 0.626169127279 8.33882145036 8.53986446181 0.0002 0.0002
0.877 0.126486659391 0.0961923158198 -1.64458344965 0.626169127279 8.33882145036 8.53986446181 0.0002 0.0002
1.357 0.179022448202 0.154383895826 -1.85783112231 0.547924076032 10.0199804449 7.97629972422 0.0002 0.0002
1.357 0.179022448202 0.154383895826 -1.85783112231 0.547924076032 10.0199804449 7.97629972422 0.0002 0.0002
1.89 0.227394322413 0.223635578898 -2.09462489216 0.461039467042 12.1266395006 7.43852215576 0.0002 0.0002
1.89 0.227394322413 0.223635578898 -2.09462489216 0.461039467042 12.1266395006 7.43852215576 0.0002 0.0002
2.475 0.271179996266 0.30505861889 -2.3545204932 0.365678310835 14.729389551 6.95489225571 0.0002 0.0002
2.475 0.271179996266 0.30505861889 -2.3545204932 0.365678310835 14.729389551 6.95489225571 0.0002 0.0002
3.06 0.307484137912 0.391624494297 -2.61441609425 0.270317154627 17.6362174547 6.58283490841 0.0002 0.0002
3.06 0.307484137912 0.391624494297 -2.61441609425 0.270317154627 17.6362174547 6.58283490841 0.0002 0.0002
3.645 0.337998020731 0.482428938122 -2.8743116953 0.174955998419 20.8471232116 6.32235011388 0.0002 0.0002
3.645 0.337998020731 0.482428938122 -2.8743116953 0.174955998419 20.8471232116 6.32235011388 0.0002 0.0002
4.6635 0.380811662332 0.646702367221 -3.32679660072 0.00892978030411 27.1629520111 6.13506244825 0.0002 0.0002
5.0 0.393012521176 0.700154293621 2.95767002299 -1.53097501429 27.2904668731 6.63442543722 0.0002 0.0002
5.0 0.393012521176 0.700154293621 2.95767002299 -1.53097501429 27.2904668731 6.63442543722 0.0002 0.0002
5.3365 0.40616238419 0.746093615405 8.35066556162 -3.55674282081 23.383999719 8.30363863041 0.0002 0.0002
5.7585 0.427407908084 0.789108157882 7.07416940936 -4.25047207404 16.8747193613 11.598283316 0.0002 0.0002
6.025 0.444839792891 0.810381711869 3.5266368738 -2.00462090205 14.0984795228 13.2953539966 0.0002 0.0002
6.025 0.444839792891 0.810381711869 3.5266368738 -2.00462090205 14.0984795228 13.2953539966 0.0002 0.0002
6.2915 0.464715101572 0.829983634169 0.740062401505 0.658759508858 12.9810757905 13.6604999535 0.0002 0.0002
6.973 0.519282589956 0.881521585913 0.658809325174 0.587221385729 12.0277447088 12.8113639738 0.0002 0.0002
6.973 0.519282589956 0.881521585913 0.658809325174 0.587221385729 12.0277447088 12.8113639738 0.0002 0.0002
7.482 0.562787632981 0.922178592962 0.598122874914 0.533790857962 11.3879662189 12.2407687418 0.0002 0.0002
7.482 0.562787632981 0.922178592962 0.598122874914 0.533790857962 11.3879662189 12.2407687418 0.0002 0.0002
7.992 0.608771932377 0.964764560211 0.537317197836 0.480255358629 10.8088917818 11.7236051713 0.0002 0.0002
7.992 0.608771932377 0.964764560211 0.537317197836 0.480255358629 10.8088917818 11.7236051713 0.0002 0.0002
8.498 0.656756286595 1.00881042157 0.476988428029 0.427139745564 10.2956531351 11.2644632486 0.0002 0.0002
8.498 0.656756286595 1.00881042157 0.476988428029 0.427139745564 10.2956531351 11.2644632486 0.0002 0.0002
8.9873 0.705345246495 1.053040216 0.41865074608 0.375777157674 9.85741688723 10.8715960079 0.0002 0.0002
8.9873 0.705345246495 1.053040216 0.41865074608 0.375777157674 9.85741688723 10.8715960079 0.0002 0.0002
9.4566 0.753884123975 1.09689140452 0.362697600486 0.32651400113 9.49073010819 10.542010767 0.0002 0.0002
9.4566 0.753884123975 1.09689140452 0.362697600486 0.32651400113 9.49073010819 10.542010767 0.0002 0.0002
9.9277 0.804389090118 1.14220992919 0.306529846621 0.277061895765 9.17545705786 10.257666162 0.0002 0.0002
9.9277 0.804389090118 1.14220992919 0.306529846621 0.277061895765 9.17545705786 10.257666162 0.0002 0.0002
16.240021 1.5214050987 1.78048184098 -0.446068099142 -0.38555233304 10.0562672996 10.9424926275 0.0002 0.0002
16.240021 1.5214050987 1.78048184098 -0.446068099142 -0.38555233304 10.0562672996 10.9424926275 0.0002 0.0002
17.480021 1.63872057671 1.88872641104 -0.382727428512 -0.515833917675 11.0930605476 12.0612148883 0.0002 0.0002
17.480021 1.63872057671 1.88872641104 -0.382727428512 -0.515833917675 11.0930605476 12.0612148883 0.0002 0.0002
17.480021 1.63872057671 1.88872641104 -0.382727428512 -0.515833917675 11.0930605476 12.0612148883 0.0002 0.0002
17.480021 1.63872057671 1.88872641104 -0.382727428512 -0.515833917675 11.0930605476 12.0612148883 0.0002 0.0002
18.720021 1.74640654073 1.98613167349 -0.283560979823 -0.64611550231 11.9265632633 13.5033255051 0.0002 0.0002
18.720021 1.74640654073 1.98613167349 -0.729111450256 -0.141660623028 11.9265632633 13.5033255051 0.0002 0.0002
20.0 1.84561306288 2.07939426865 -0.893485736618 -0.238352750845 14.0034535879 13.9897346434 0.0002 0.0002
20.0 1.84561306288 2.07939426865 -0.893485736618 -0.238352750845 14.0034535879 13.9897346434 0.0002 0.0002
22.328798 1.98940176165 2.23815869125 -1.19254885354 -0.414274726029 18.8614067694 15.5095722063 0.0002 0.0002
22.595298 2.0031035815 2.2554654536 -4.46257701832 2.03226893073 20.3472646412 15.0720890986 0.0002 0.0002
22.595298 2.0031035815 2.2554654536 -4.46257701832 2.03226893073 20.3472646412 15.0720890986 0.0002 0.0002
22.861798 2.01531245148 2.27408161005 -8.51110963145 4.134297156 23.7560401257 13.404735478 0.0002 0.0002
23.218798 2.0286352899 2.3040002717 -9.61473289008 3.65245315077 30.2269659059 10.6248656185 0.0002 0.0002
23.355298 2.03297869048 2.31742681096 -7.36544736707 2.67311133613 32.5534258504 9.76462542643 0.0002 0.0002
23.355298 2.03297869048 2.31742681096 -7.36544736707 2.67311133613 32.5534258504 9.76462542643 0.0002 0.0002
23.555298 2.03890174121 2.33891062725 -3.50958575783 1.44365390719 34.7459796215 8.94778871324 0.0002 0.0002
23.555298 2.03890174121 2.33891062725 -3.50958575783 1.44365390719 34.7459796215 8.94778871324 0.0002 0.0002
23.891798 2.04847812213 2.37773232362 3.52680402474 -0.364355406318 34.7400509644 8.59260257427 0.0002 0.0002
27.336298 2.19977858347 2.71421094009 2.19438269322 -0.818440660329 15.0334233144 12.6667436258 0.0002 0.0002
27.336298 2.19977858347 2.71421094009 2.19438269322 -0.818440660329 15.0334233144 12.6667436258 0.0002 0.0002
28.003298 2.24889243029 2.76465007153 1.93636991106 -0.906370654356 12.2782113274 13.8171927727 0.0002 0.0002
28.003298 2.24889243029 2.76465007153 1.93636991106 -0.906370654356 12.2782113274 13.8171927727 0.0002 0.0002
28.805298 2.32353038535 2.81973690981 1.62613565126 -1.01209757371 9.4210818664 15.3558042916 0.0002 0.0002
28.855298 2.32888120868 2.82298384437 1.34162213525 -0.576854363525 9.27276469666 15.4352897955 0.0002 0.0002
28.855298 2.32888120868 2.82298384437 1.34162213525 -0.576854363525 9.27276469666 15.4352897955 0.0002 0.0002
29.055298 2.3509160118 2.83594260283 0.264693244258 1.17202107361 8.95393053804 15.3153398673 0.0002 0.0002
29.055298 2.3509160118 2.83594260283 0.264693244258 1.17202107361 8.95393053804 15.3153398673 0.0002 0.0002
29.305298 2.37870440047 2.85278814638 -1.05842920224 3.19046252551 9.15003226254 14.2115284342 0.0002 0.0002
32.666098 2.63726414857 3.61946947222 -1.83720365869 0.546795083237 18.8816751815 1.65135306277 0.0002 0.0002
32.716098 2.63990077392 3.65023121445 -1.24699275873 0.456917994146 19.0359662641 1.60119382111 0.0002 0.0002
32.716098 2.63990077392 3.65023121445 -1.24699275873 0.456917994146 19.0359662641 1.60119382111 0.0002 0.0002
32.916098 2.65035807444 3.78078017287 1.1547312441 0.120870125986 19.0545756338 1.48660013581 0.0002 0.0002
32.916098 2.65035807444 3.78078017287 1.1547312441 0.120870125986 19.0545756338 1.48660013581 0.0002 0.0002
33.166098 2.66386028207 3.94857526892 3.96662308894 -0.285706213702 17.7571100347 1.52727505424 0.0002 0.0002
36.526898 3.31329762642 4.88220812135 0.799443356374 -2.66585084357 1.73931392528 11.4468680123 0.0002 0.0002
36.576898 3.34269101253 4.88652884822 0.681664238997 -2.20431531012 1.6653109327 11.6905488721 0.0002 0.0002
36.576898 3.34269101253 4.88652884822 0.681664238997 -2.20431531012 1.6653109327 11.6905488721 0.0002 0.0002
36.776898 3.47119461083 4.90319580613 0.259180720186 -0.212384629982 1.47924495571 12.1794396543 0.0002 0.0002
36.776898 3.47119461083 4.90319580613 0.259180720186 -0.212384629982 1.47924495571 12.1794396543 0.0002 0.0002
37.026898 3.64302911539 4.92399806734 -0.225050094563 2.28539965715 1.47086018832 11.6518136014 0.0002 0.0002
37.333412 3.83951642576 4.95197956856 -0.443995568909 2.12169531882 1.67593205081 10.3009772919 0.0002 0.0002
37.333412 3.83951642576 4.95197956856 -0.443995568909 2.12169531882 1.67593205081 10.3009772919 0.0002 0.0002
40.387698 4.62857270201 5.62635583408 -2.62569721078 0.490448887344 11.0516517321 2.32274181304 0.0002 0.0002
40.437698 4.63304700542 5.64809231008 -2.16538556193 0.363742862995 11.2913812981 2.28006344721 0.0002 0.0002
40.437698 4.63304700542 5.64809231008 -2.16538556193 0.363742862995 11.2913812981 2.28006344721 0.0002 0.0002
40.637698 4.65029862571 5.73738199986 -0.176821115189 -0.121890056659 11.7653846524 2.2322512991 0.0002 0.0002
40.637698 4.65029862571 5.73738199986 -0.176821115189 -0.121890056659 11.7653846524 2.2322512991 0.0002 0.0002
40.887698 4.6718589231 5.84549370633 2.31016234155 -0.761476774439 11.2220747838 2.44914019686 0.0002 0.0002
41.194212 4.70100366911 5.95926275229 2.1370808667 -0.95919725879 9.85893247908 2.97655087749 0.0002 0.0002
41.194212 4.70100366911 5.95926275229 2.1370808667 -0.95919725879 9.85893247908 2.97655087749 0.0002 0.0002
44.248498 5.44299161031 0.153335720046 0.412395124774 -2.9294006011 2.072103651 14.8534408806 0.0002 0.0002
44.298498 5.46734197713 0.156671400647 0.297693341071 -2.31884433158 2.03662435317 15.1160391448 0.0002 0.0002
44.298498 5.46734197713 0.156671400647 0.297693341071 -2.31884433158 2.03662435317 15.1160391448 0.0002 0.0002
44.498498 5.56700502015 0.169650842312 -0.145275364136 0.266234791437 2.00648157509 15.5312773846 0.0002 0.0002
44.498498 5.56700502015 0.169650842312 -0.145275364136 0.266234791437 2.00648157509 15.5312773846 0.0002 0.0002
44.748498 5.68672593065 0.186108928215 -0.734364701374 3.40629472543 2.2225786808 14.5965347713 0.0002 0.0002
44.854298 5.73268804936 0.193540576606 -0.807638616783 3.31494558741 2.38572263186 13.8854275462 0.0002 0.0002
44.854298 5.73268804936 0.193540576606 -0.807638616783 3.31494558741 2.38572263186 13.8854275462 0.0002 0.0002
45.055012 5.81130418958 0.208721930136 -0.946647129614 3.14164642967 2.73783234116 12.5894991361 0.0002 0.0002
45.055012 5.81130418958 0.208721930136 -0.946647129614 3.14164642967 2.73783234116 12.5894991361 0.0002 0.0002
48.109298 0.0252495052428 1.00408514017 -3.06195425627 0.504534961177 14.9812474336 1.45301836053 0.0002 0.0002
48.159298 0.0285556330121 1.03906391995 -2.42608537226 0.39960903588 15.2558504524 1.40784422306 0.0002 0.0002
48.159298 0.0285556330121 1.03906391995 -2.42608537226 0.39960903588 15.2558504524 1.40784422306 0.0002 0.0002
48.359298 0.0414067668035 1.18674904898 0.272027743522 0.00622541076216 15.6917795402 1.32761478018 0.0002 0.0002
48.359298 0.0414067668035 1.18674904898 0.272027743522 0.00622541076216 15.6917795402 1.32761478018 0.0002 0.0002
48.609298 0.0577073047973 1.36982470894 3.54735810928 -0.490691848422 14.7190670822 1.44656258659 0.0002 0.0002
48.715098 0.0650832025027 1.44031271918 3.44971872121 -0.58144102545 13.9787763536 1.55999424464 0.0002 0.0002
48.715098 0.0650832025027 1.44031271918 3.44971872121 -0.58144102545 13.9787763536 1.55999424464 0.0002 0.0002
48.915812 0.0801888138092 1.55945371209 3.26448628133 -0.753601992541 12.6311414107 1.82795606896 0.0002 0.0002
48.915812 0.0801888138092 1.55945371209 3.26448628133 -0.753601992541 12.6311414107 1.82795606896 0.0002 0.0002
51.970098 0.934390951285 2.19626247904 0.445784806364 -3.37339349453 1.29891237132 14.4329806072 0.0002 0.0002
52.020098 0.973508616599 2.19968913512 0.346201524377 -2.78949550614 1.25934107442 14.7413434646 0.0002 0.0002
52.020098 0.973508616599 2.19968913512 0.346201524377 -2.78949550614 1.25934107442 14.7413434646 0.0002 0.0002
52.220098 1.13807313505 2.21290553721 -0.0308249574113 -0.269354314221 1.19697087402 15.3601408899 0.0002 0.0002
52.220098 1.13807313505 2.21290553721 -0.0308249574113 -0.269354314221 1.19697087402 15.3601408899 0.0002 0.0002
52.470098 1.33926329699 2.22940071711 -0.514100376547 2.89090427548 1.33084046309 14.692898157 0.0002 0.0002
52.575898 1.4154923827 2.23675442498 -0.614610436746 2.82352442692 1.45025806714 14.0883116003 0.0002 0.0002
52.575898 1.4154923827 2.23675442498 -0.614610436746 2.82352442692 1.45025806714 14.0883116003 0.0002 0.0002
55.830898 2.1716980602 2.82331955054 -3.70686228879 0.750543263868 15.5166517888 2.45472126674 0.0002 0.0002
55.880898 2.17488466279 2.84398639065 -3.05776957874 0.614019226459 15.8551311 2.38654302422 0.0002 0.0002
55.880898 2.17488466279 2.84398639065 -3.05776957874 0.614019226459 15.8551311 2.38654302422 0.0002 0.0002
56.080898 2.18716859122 2.93104048557 -0.253265639933 0.110533288007 16.525201742 2.24330562655 0.0002 0.0002
56.080898 2.18716859122 2.93104048557 -0.253265639933 0.110533288007 16.525201742 2.24330562655 0.0002 0.0002
56.330898 2.20251884248 3.04137856263 3.25491932237 -0.504764778593 15.7607522758 2.34009923077 0.0002 0.0002
56.436698 2.20938156425 3.08555279503 3.17708686508 -0.561495926494 15.0802460212 2.45290961337 0.0002 0.0002
56.436698 2.20938156425 3.08555279503 3.17708686508 -0.561495926494 15.0802460212 2.45290961337 0.0002 0.0002
59.691698 2.81124686785 3.73568382664 0.782524970274 -2.30686347299 2.19170949709 11.7894194587 0.0002 0.0002
59.741698 2.8344538772 3.73988674875 0.655785600695 -1.82376464041 2.11984483884 11.9960972052 0.0002 0.0002
59.741698 2.8344538772 3.73988674875 0.655785600695 -1.82376464041 2.11984483884 11.9960972052 0.0002 0.0002
59.941698 2.93350039333 3.75624566697 0.19446410233 0.22069180831 1.95169529466 12.320393556 0.0002 0.0002
59.941698 2.93350039333 3.75624566697 0.19446410233 0.22069180831 1.95169529466 12.320393556 0.0002 0.0002
60.191698 3.06182356912 3.77699580168 -0.351558567251 2.70219836993 1.99028825722 11.5764571867 0.0002 0.0002
60.498212 3.20689226939 3.80550579176 -0.524597379187 2.48238662714 2.25884232099 9.9873093009 0.0002 0.0002
60.498212 3.20689226939 3.80550579176 -0.524597379187 2.48238662714 2.25884232099 9.9873093009 0.0002 0.0002
62.097498 3.68346402073 4.06528296424 -1.42745515856 1.3354835725 5.38073261587 3.8814429408 0.0002 0.0002
62.097498 3.68346402073 4.06528296424 -1.42745515856 1.3354835725 5.38073261587 3.8814429408 0.0002 0.0002
63.552498 3.87614449308 4.70920137489 -2.2488580027 0.292052976292 10.7297682655 1.5133772623 0.0002 0.0002
63.602498 3.88075848055 4.74253181235 -1.92986049373 0.209019701479 10.9388147423 1.48833686796 0.0002 0.0002
63.602498 3.88075848055 4.74253181235 -1.92986049373 0.209019701479 10.9388147423 1.48833686796 0.0002 0.0002
63.802498 3.89856273738 4.87875336181 -0.55279279915 -0.115008182227 11.4395894074 1.46969204296 0.0002 0.0002
63.802498 3.89856273738 4.87875336181 -0.55279279915 -0.115008182227 11.4395894074 1.46969204296 0.0002 0.0002
64.052498 3.9204388642 5.04199739681 1.22981153175 -0.540556121639 11.268061175 1.631450374 0.0002 0.0002
68.445984 4.56337337244 5.87344824079 0.250197204687 -4.02044539348 4.76566351153 21.6701466767 0.0002 0.0002
68.445984 4.56337337244 5.87344824079 0.250197204687 -4.02044539348 4.76566351153 21.6701466767 0.0002 0.0002
68.646698 4.60591291973 5.88237771161 0.205444061046 -4.17942222767 4.67420993052 23.3159749064 0.0002 0.0002
68.646698 4.60591291973 5.88237771161 0.205444061046 -4.17942222767 4.67420993052 23.3159749064 0.0002 0.0002
68.752498 4.62864959041 5.8868308894 0.18185386506 -4.26322180844 4.63323380994 24.2092066454 0.0002 0.0002
68.802498 4.63945698249 5.88887912883 0.042561062224 -3.62005706359 4.62201824818 24.6035529166 0.0002 0.0002
68.802498 4.63945698249 5.88887912883 0.042561062224 -3.62005706359 4.62201824818 24.6035529166 0.0002 0.0002
69.002498 4.68246300014 5.896832733 -0.519985105169 -0.883871091239 4.71680297087 25.5110613235 0.0002 0.0002
69.002498 4.68246300014 5.896832733 -0.519985105169 -0.883871091239 4.71680297087 25.5110613235 0.0002 0.0002
69.252498 4.7334268575 5.90666081511 -1.29477998366 2.61665643287 5.1653222964 25.0727877685 0.0002 0.0002
69.7 4.81116757497 5.92538112841 -1.52665691 2.47660422174 6.42792094919 22.793543439 0.0002 0.0002
69.7 4.81116757497 5.92538112841 -1.52665691 2.47660422174 6.42792094919 22.793543439 0.0002 0.0002
70.002498 4.8550450242 5.93910249755 -1.68339879376 2.38193310572 7.39895637947 21.3238456145 0.0002 0.0002
70.002498 4.8550450242 5.93910249755 -1.68339879376 2.38193310572 7.39895637947 21.3238456145 0.0002 0.0002
70.251298 4.88685915345 5.95110314432 -1.81231660702 2.304067554 8.26869037118 20.1579686504 0.0002 0.0002
70.251298 4.88685915345 5.95110314432 -1.81231660702 2.304067554 8.26869037118 20.1579686504 0.0002 0.0002
71.491298 5.00502011664 6.02272787901 -2.21258848609 1.91564317572 13.3026075026 14.9208288121 0.0002 0.0002
71.491298 5.00502011664 6.02272787901 -2.21258848609 1.91564317572 13.3026075026 14.9208288121 0.0002 0.0002
71.491298 5.00502011664 6.02272787901 -2.21258848609 1.91564317572 13.3026075026 14.9208288121 0.0002 0.0002
71.491298 5.00502011664 6.02272787901 -2.21258848609 1.91564317572 13.3026075026 14.9208288121 0.0002 0.0002
72.731298 5.08269191272 6.12135319679 -2.41137316664 1.52721879743 19.0857599598 10.647846432 0.0002 0.0002
72.731298 5.08269191272 6.12135319679 -2.41137316664 1.52721879743 19.0857599598 10.647846432 0.0002 0.0002
73.630098 5.12495702499 6.21795533172 -2.73229676844 1.24592636218 23.7088904974 8.15534356253 0.0002 0.0002
73.680098 5.12705459543 6.22413118103 -2.23838566248 1.05865548387 23.9575131099 8.04015546272 0.0002 0.0002
73.680098 5.12705459543 6.22413118103 -2.23838566248 1.05865548387 23.9575131099 8.04015546272 0.0002 0.0002
73.880098 5.13529550677 6.24952526827 -0.188821590431 0.347070176376 24.4457378762 7.76060041723 0.0002 0.0002
73.880098 5.13529550677 6.24952526827 -0.188821590431 0.347070176376 24.4457378762 7.76060041723 0.0002 0.0002
74.130098 5.14559378287 0.0 2.37463530752 -0.514398478362 23.8943699033 7.80206422373 0.0002 0.0002
74.436612 5.15882391998 0.037106025636 2.2894724173 -0.564080122782 22.4647555882 8.13263301368 0.0002 0.0002
74.436612 5.15882391998 0.037106025636 2.2894724173 -0.564080122782 22.4647555882 8.13263301368 0.0002 0.0002
75.985612 5.24051980244 0.20742861878 1.85909299919 -0.815151418733 16.038627758 10.2690626715 0.0002 0.0002
75.985612 5.24051980244 0.20742861878 1.85909299919 -0.815151418733 16.038627758 10.2690626715 0.0002 0.0002
78.030098 5.40605509038 0.377074896996 1.29104606892 -1.14653408469 9.59821253523 14.2797012196 0.0002 0.0002
78.080098 5.41129780933 0.380563546661 1.08233938924 -0.858908453186 9.47958390665 14.3800077181 0.0002 0.0002
78.080098 5.41129780933 0.380563546661 1.08233938924 -0.858908453186 9.47958390665 14.3800077181 0.0002 0.0002
78.280098 5.43276519085 0.394381628419 0.283700122571 0.31488735085 9.20786401436 14.4894123827 0.0002 0.0002
78.280098 5.43276519085 0.394381628419 0.283700122571 0.31488735085 9.20786401436 14.4894123827 0.0002 0.0002
78.530098 5.45988621988 0.411879050978 -0.694232917795 1.74421704771 9.30962699702 13.970180886 0.0002 0.0002
78.635898 5.47116136111 0.419553551542 -0.711074763194 1.71360365663 9.45830854967 13.6043434555 0.0002 0.0002
78.635898 5.47116136111 0.419553551542 -0.711074763194 1.71360365663 9.45830854967 13.6043434555 0.0002 0.0002
78.836612 5.49206377913 0.434688742456 -0.743025558634 1.65552675513 9.75016684167 12.928111814 0.0002 0.0002
78.836612 5.49206377913 0.434688742456 -0.743025558634 1.65552675513 9.75016684167 12.928111814 0.0002 0.0002
83.821298 5.84688408204 1.2520468999 -1.53651621059 0.213200271649 21.1129667851 3.61309436582 0.0002 0.0002
83.871298 5.84924440448 1.26592137044 -1.16484329848 0.134531446154 21.2480749835 3.59571295391 0.0002 0.0002
83.871298 5.84924440448 1.26592137044 -1.16484329848 0.134531446154 21.2480749835 3.59571295391 0.0002 0.0002
84.071298 5.85859878174 1.32163738627 0.349980226305 -0.178127906729 21.411828308 3.60439095157 0.0002 0.0002
84.071298 5.85859878174 1.32163738627 0.349980226305 -0.178127906729 21.411828308 3.60439095157 0.0002 0.0002
84.271298 5.86801481047 1.37627008898 1.84489514849 -0.501017041472 20.9707503505 3.73957665684 0.0002 0.0002
84.271298 5.86801481047 1.37627008898 1.84489514849 -0.501017041472 20.9707503505 3.73957665684 0.0002 0.0002
84.321298 5.87041032962 1.38954690922 2.20545280468 -0.585482949085 20.7681726437 3.79388549008 0.0002 0.0002
84.427098 5.87556250445 1.41697899807 2.17557951992 -0.622929311761 20.3046594238 3.92173550728 0.0002 0.0002
84.427098 5.87556250445 1.41697899807 2.17557951992 -0.622929311761 20.3046594238 3.92173550728 0.0002 0.0002
84.627812 5.88566454148 1.46653700279 2.11890667986 -0.69396909662 19.4426959207 4.18605545442 0.0002 0.0002
84.627812 5.88566454148 1.46653700279 2.11890667986 -0.69396909662 19.4426959207 4.18605545442 0.0002 0.0002
89.612498 0.113956550765 2.04431394783 0.711449739099 -2.45822580533 5.33425790406 19.8987572514 0.0002 0.0002
89.662498 0.123389105285 2.04681214401 0.581885826223 -2.03472415003 5.26961473699 20.1234868447 0.0002 0.0002
89.662498 0.123389105285 2.04681214401 0.581885826223 -2.03472415003 5.26961473699 20.1234868447 0.0002 0.0002
89.862498 0.161950228772 2.05660966094 0.0836175861982 -0.270653485334 5.13728654372 20.5872761607 0.0002 0.0002
89.862498 0.161950228772 2.05660966094 0.0836175861982 -0.270653485334 5.13728654372 20.5872761607 0.0002 0.0002
90.112498 0.210331929012 2.06882408192 -0.534967405934 1.94630834943 5.24910473213 20.1644945216 0.0002 0.0002
90.218298 0.23027008885 2.0741250119 -0.560891620102 1.92118584053 5.36504661709 19.7553136363 0.0002 0.0002
90.218298 0.23027008885 2.0741250119 -0.560891620102 1.92118584053 5.36504661709 19.7553136363 0.0002 0.0002
90.419012 0.26689622259 2.08448690534 -0.610072647726 1.87352573419 5.60007553914 18.9936618973 0.0002 0.0002
90.419012 0.26689622259 2.08448690534 -0.610072647726 1.87352573419 5.60007553914 18.9936618973 0.0002 0.0002
95.297898 0.784106486936 2.54426338047 -1.80554793664 0.715020470109 17.3856129895 6.36444006082 0.0002 0.0002
95.297898 0.784106486936 2.54426338047 -1.80554793664 0.715020470109 17.3856129895 6.36444006082 0.0002 0.0002
95.403698 0.790125767211 2.56108537723 -1.83147215081 0.689897961212 17.7704097148 6.21579969079 0.0002 0.0002
95.453698 0.792926038448 2.56917108096 -1.44294191214 0.540598265309 17.9341914019 6.15429777624 0.0002 0.0002
95.453698 0.792926038448 2.56917108096 -1.44294191214 0.540598265309 17.9341914019 6.15429777624 0.0002 0.0002
95.653698 0.80396566692 2.60203885381 0.157886751227 -0.0389669246785 18.1927445104 6.0545649244 0.0002 0.0002
95.653698 0.80396566692 2.60203885381 0.157886751227 -0.0389669246785 18.1927445104 6.0545649244 0.0002 0.0002
95.903698 0.817866312358 2.64286210895 2.12977380517 -0.772224941636 17.6154458236 6.25549608871 0.0002 0.0002
101.194898 1.51284115526 3.11578432614 0.466929316485 -2.12247892227 3.87577026626 21.5719531734 0.0002 0.0002
101.244898 1.5258144399 3.11809164934 0.366128232281 -1.65193410706 3.83413279487 21.7607436885 0.0002 0.0002
101.244898 1.5258144399 3.11809164934 0.366128232281 -1.65193410706 3.83413279487 21.7607436885 0.0002 0.0002
101.444898 1.57862527392 3.12719797706 -0.0251935578197 0.282252336097 3.76634671373 22.0363134916 0.0002 0.0002
101.444898 1.57862527392 3.12719797706 -0.0251935578197 0.282252336097 3.76634671373 22.0363134916 0.0002 0.0002
101.694898 1.64419237146 3.13868564045 -0.520139125758 2.65593966891 3.90143253908 21.2948940465 0.0002 0.0002
101.800698 1.67092705475 3.14372036166 -0.554594067369 2.61592468501 4.01513931092 20.7371307978 0.0002 0.0002
101.800698 1.67092705475 3.14372036166 -0.554594067369 2.61592468501 4.01513931092 20.7371307978 0.0002 0.0002
102.001412 1.71952954195 3.15365043426 -0.619958804141 2.5400119489 4.25088851597 19.7022621323 0.0002 0.0002
102.001412 1.71952954195 3.15365043426 -0.619958804141 2.5400119489 4.25088851597 19.7022621323 0.0002 0.0002
104.444898 2.12037767898 3.33276563632 -1.41570707878 1.61585265814 9.22500960157 9.54746514708 0.0002 0.0002
104.444898 2.12037767898 3.33276563632 -1.41570707878 1.61585265814 9.22500960157 9.54746514708 0.0002 0.0002
106.986098 2.31602384761 3.7696863097 -2.2432769996 0.654736617498 18.5232199416 3.77744367983 0.0002 0.0002
107.036098 2.31870790245 3.78303268472 -1.84105096861 0.552826781517 18.7275124081 3.71708797993 0.0002 0.0002
107.036098 2.31870790245 3.78303268472 -1.84105096861 0.552826781517 18.7275124081 3.71708797993 0.0002 0.0002
107.236098 2.32924268527 3.83809404903 -0.168387721064 0.165495043682 19.1318114882 3.57427337015 0.0002 0.0002
107.236098 2.32924268527 3.83809404903 -0.168387721064 0.165495043682 19.1318114882 3.57427337015 0.0002 0.0002
107.486098 2.34240293978 3.90808399298 1.92513544955 -0.305088618999 18.6884904046 3.60885051618 0.0002 0.0002
107.792612 2.35933728423 3.99068433948 1.84794891619 -0.397928163104 17.5319872234 3.82433500213 0.0002 0.0002
107.792612 2.35933728423 3.99068433948 1.84794891619 -0.397928163104 17.5319872234 3.82433500213 0.0002 0.0002
112.046858 2.77378251621 4.64754395672 0.776642219622 -1.6864900531 6.36633088218 12.6919628607 0.0002 0.0002
112.046858 2.77378251621 4.64754395672 0.776642219622 -1.6864900531 6.36633088218 12.6919628607 0.0002 0.0002
112.777298 2.89908142077 4.69995556906 0.592702394929 -1.90773187761 5.36610680193 15.3173263278 0.0002 0.0002
112.827298 2.90844714882 4.70320082639 0.462192425185 -1.57880882064 5.31338156949 15.4917178979 0.0002 0.0002
112.827298 2.90844714882 4.70320082639 0.462192425185 -1.57880882064 5.31338156949 15.4917178979 0.0002 0.0002
113.027298 2.94650685449 4.71592630567 -0.0449924156076 -0.208064193419 5.23043209025 15.8512234817 0.0002 0.0002
113.027298 2.94650685449 4.71592630567 -0.0449924156076 -0.208064193419 5.23043209025 15.8512234817 0.0002 0.0002
113.227298 2.98443672059 4.72858475657 -0.555392762887 1.17737527624 5.34980322342 15.6562052885 0.0002 0.0002
113.227298 2.98443672059 4.72858475657 -0.555392762887 1.17737527624 5.34980322342 15.6562052885 0.0002 0.0002
113.277298 2.99373090668 4.73179161232 -0.687728189632 1.51448772769 5.41193628153 15.5215623124 0.0002 0.0002
113.383098 3.01301854686 4.7386789281 -0.716523841417 1.49203698435 5.56050614642 15.2034719979 0.0002 0.0002
113.383098 3.01301854686 4.7386789281 -0.716523841417 1.49203698435 5.56050614642 15.2034719979 0.0002 0.0002
113.583812 3.04819033597 4.7521452376 -0.771152295598 1.44944550518 5.85910357458 14.6130752815 0.0002 0.0002
113.583812 3.04819033597 4.7521452376 -0.771152295598 1.44944550518 5.85910357458 14.6130752815 0.0002 0.0002
115.622798 3.31597236626 4.92529873766 -1.32610438303 1.01677299721 10.1353805807 9.58449028217 0.0002 0.0002
115.622798 3.31597236626 4.92529873766 -1.32610438303 1.01677299721 10.1353805807 9.58449028217 0.0002 0.0002
117.267498 3.44872413216 5.1302488398 -1.77374340468 0.667767916332 15.2337002372 6.81392584166 0.0002 0.0002
117.267498 3.44872413216 5.1302488398 -1.77374340468 0.667767916332 15.2337002372 6.81392584166 0.0002 0.0002
118.462698 3.51748854794 5.32637147995 -2.09904173184 0.414146664633 19.8624530323 5.52082153449 0.0002 0.0002
118.462698 3.51748854794 5.32637147995 -2.09904173184 0.414146664633 19.8624530323 5.52082153449 0.0002 0.0002
118.568498 3.5227562347 5.34568620518 -2.12783738363 0.391695921302 20.3096568428 5.4355633889 0.0002 0.0002
118.618498 3.525206191 5.35491443704 -1.68331858881 0.260436311121 20.5002856219 5.402968912 0.0002 0.0002
118.618498 3.525206191 5.35491443704 -1.68331858881 0.260436311121 20.5002856219 5.402968912 0.0002 0.0002
118.818498 3.53486087944 5.39205115426 0.149634355519 -0.258766091105 20.8088629016 5.40263684382 0.0002 0.0002
118.818498 3.53486087944 5.39205115426 0.149634355519 -0.258766091105 20.8088629016 5.40263684382 0.0002 0.0002
119.068498 3.54700953102 5.43733037259 2.41054746192 -0.938401392482 20.1627925757 5.69917366371 0.0002 0.0002
122.440498 3.82020011604 5.80086023784 1.27152805055 -2.05108439583 7.74683394769 15.7797197419 0.0002 0.0002
122.440498 3.82020011604 5.80086023784 1.27152805055 -2.05108439583 7.74683394769 15.7797197419 0.0002 0.0002
124.359698 4.16723195593 5.89789599113 0.623246302543 -2.68437657259 4.11038300923 24.8680164325 0.0002 0.0002
124.409698 4.17948401782 5.89989654601 0.516402750345 -2.14319659826 4.05342163255 25.1094844485 0.0002 0.0002
124.409698 4.17948401782 5.89989654601 0.516402750345 -2.14319659826 4.05342163255 25.1094844485 0.0002 0.0002
124.609698 4.22976731617 5.90777372142 0.107361766733 0.0920644917966 3.92940211991 25.5221569997 0.0002 0.0002
124.609698 4.22976731617 5.90777372142 0.107361766733 0.0920644917966 3.92940211991 25.5221569997 0.0002 0.0002
124.859698 4.29315267926 5.91766944924 -0.39649392513 2.85837971181 4.00102382429 24.7776458511 0.0002 0.0002
124.965498 4.3193155703 5.92199216017 -0.427094229391 2.8192225859 4.08815945104 24.176955528 0.0002 0.0002
124.965498 4.3193155703 5.92199216017 -0.427094229391 2.8192225859 4.08815945104 24.176955528 0.0002 0.0002
125.166212 4.36736662686 5.93049278834 -0.48514630377 2.74493729886 4.27125889741 23.0601507409 0.0002 0.0002
125.166212 4.36736662686 5.93049278834 -0.48514630377 2.74493729886 4.27125889741 23.0601507409 0.0002 0.0002
129.341898 4.95290628983 0.0 -1.69287089824 1.19949436461 13.3659748356 6.58944266576 0.0002 0.0002
129.341898 4.95290628983 0.0 -1.69287089824 1.19949436461 13.3659748356 6.58944266576 0.0002 0.0002
130.150898 5.00775262974 0.135881670244 -1.92685621154 0.90007929034 16.2943340674 4.89088757891 0.0002 0.0002
130.200898 5.01080426452 0.146195464635 -1.5732711303 0.774231382088 16.4694056223 4.80720320046 0.0002 0.0002
130.200898 5.01080426452 0.146195464635 -1.5732711303 0.774231382088 16.4694056223 4.80720320046 0.0002 0.0002
130.400898 5.02278990727 0.18889577143 -0.104884714278 0.300036775115 16.8070505914 4.59362039915 0.0002 0.0002
130.400898 5.02278990727 0.18889577143 -0.104884714278 0.300036775115 16.8070505914 4.59362039915 0.0002 0.0002
130.650898 5.03777990447 0.24365005071 1.72869339203 -0.266179594247 16.3972771157 4.58523401973 0.0002 0.0002
130.756698 5.04430488352 0.26657924692 1.70295919907 -0.290888495973 16.0342082716 4.64417182368 0.0002 0.0002
130.756698 5.04430488352 0.26657924692 1.70295919907 -0.290888495973 16.0342082716 4.64417182368 0.0002 0.0002
135.061658 5.50366359192 0.897219215365 0.655845103513 -1.29628389836 5.87965010111 11.4768854944 0.0002 0.0002
135.061658 5.50366359192 0.897219215365 0.655845103513 -1.29628389836 5.87965010111 11.4768854944 0.0002 0.0002
135.792098 5.63809957902 0.955945485942 0.478177013691 -1.46687340854 5.05131498582 13.4952061176 0.0002 0.0002
135.842098 5.64804104202 0.959631818228 0.354836465147 -1.17588871845 5.00967971711 13.627393141 0.0002 0.0002
135.842098 5.64804104202 0.959631818228 0.354836465147 -1.17588871845 5.00967971711 13.627393141 0.0002 0.0002
136.042098 5.68827423583 0.974142698382 -0.128151993733 0.0270162020023 4.96460934697 13.8585377615 0.0002 0.0002
136.042098 5.68827423583 0.974142698382 -0.128151993733 0.0270162020023 4.96460934697 13.8585377615 0.0002 0.0002
136.242098 5.72809699944 0.988664964031 -0.620299186626 1.22801306309 5.11341959199 13.6060351914 0.0002 0.0002
136.242098 5.72809699944 0.988664964031 -0.620299186626 1.22801306309 5.11341959199 13.6060351914 0.0002 0.0002
136.292098 5.73781236175 0.992357818662 -0.748839188255 1.51793439705 5.18185119073 13.4686869914 0.0002 0.0002
136.397898 5.75791959712 1.00030770289 -0.780705873666 1.49197964677 5.34367705828 13.1502380855 0.0002 0.0002
136.397898 5.75791959712 1.00030770289 -0.780705873666 1.49197964677 5.34367705828 13.1502380855 0.0002 0.0002
139.002498 6.09732266762 1.27437871326 -1.56520463379 0.853021777496 11.453835566 7.04244737588 0.0002 0.0002
139.002498 6.09732266762 1.27437871326 -1.56520463379 0.853021777496 11.453835566 7.04244737588 0.0002 0.0002
141.496798 6.25832811212 1.74401829699 -2.31648132017 0.241122593997 21.1359248409 4.31332307007 0.0002 0.0002
141.633298 6.26470854036 1.77580790369 -1.03292218896 -0.0538629971095 21.5943953249 4.28783304939 0.0002 0.0002
141.633298 6.26470854036 1.77580790369 -1.03292218896 -0.0538629971095 21.5943953249 4.28783304939 0.0002 0.0002
141.833298 0.0 1.82202631121 0.897599812749 -0.492107973432 21.6216227017 4.39637936054 0.0002 0.0002
141.833298 0.0 1.82202631121 0.897599812749 -0.492107973432 21.6216227017 4.39637936054 0.0002 0.0002
142.169798 0.00681026031176 1.89448189534 3.93253173059 -1.32693676339 19.9682185622 4.99833915751 0.0002 0.0002
147.464298 1.73726548999 2.3092692212 -0.433051213164 -4.25127814468 1.44021896266 34.5321979883 0.0002 0.0002
147.774298 1.93020836949 2.31798774309 -0.836043582116 -1.40723990609 1.83032264457 36.3014275336 0.0002 0.0002
147.774298 1.93020836949 2.31798774309 -0.836043582116 -1.40723990609 1.83032264457 36.3014275336 0.0002 0.0002
147.974298 2.02967874813 2.32347403354 -1.13883474429 0.522306430618 2.22390451704 36.4790441152 0.0002 0.0002
147.974298 2.02967874813 2.32347403354 -1.13883474429 0.522306430618 2.22390451704 36.4790441152 0.0002 0.0002
148.484298 2.206404423 2.33789278433 -2.16685706748 5.1547585722 3.87200303707 33.5151246059 0.0002 0.0002
148.795099 2.27467423372 2.34763147937 -2.62400946502 4.89907517428 5.36100914623 30.3903830236 0.0002 0.0002
148.795099 2.27467423372 2.34763147937 -2.62400946502 4.89907517428 5.36100914623 30.3903830236 0.0002 0.0002
149.451742 2.36710332704 2.37179166081 -3.58985552657 4.3588815666 9.4413000959 24.3112105354 0.0002 0.0002
149.761742 2.39679985597 2.38511672989 -2.6550852381 1.41394361494 11.4017955352 22.5436704811 0.0002 0.0002
149.761742 2.39679985597 2.38511672989 -2.6550852381 1.41394361494 11.4017955352 22.5436704811 0.0002 0.0002
149.961742 2.41364258469 2.39405382746 -1.83190503833 -0.346053508628 12.3038912678 22.3311966207 0.0002 0.0002
149.961742 2.41364258469 2.39405382746 -1.83190503833 -0.346053508628 12.3038912678 22.3311966207 0.0002 0.0002
150.471742 2.45340593497 2.41597824203 0.644835571322 -5.19627481919 12.9306424007 25.0658981954 0.0002 0.0002
150.968217 2.49275558955 2.43393478868 0.590475107649 -5.75089015378 12.3173415314 30.5008919253 0.0002 0.0002
150.968217 2.49275558955 2.43393478868 0.590475107649 -5.75089015378 12.3173415314 30.5008919253 0.0002 0.0002
150.968217 2.49275558955 2.43393478868 0.590475107649 -5.75089015378 12.3173415314 30.5008919253 0.0002 0.0002
153.973287 2.7704243174 2.49674237974 0.26144142303 -9.10787268768 9.75727272255 75.1525143773 0.0002 0.0002
154.283287 2.80219197685 2.50074924913 -0.536917714076 -3.21842233223 9.84198585268 79.0048957439 0.0002 0.0002
154.283287 2.80219197685 2.50074924913 -0.536917714076 -3.21842233223 9.84198585268 79.0048957439 0.0002 0.0002
154.483287 2.82222435279 2.50326869873 -1.07485437499 0.7832723899 10.1632586981 79.4935730943 0.0002 0.0002
154.483287 2.82222435279 2.50326869873 -1.07485437499 0.7832723899 10.1632586981 79.4935730943 0.0002 0.0002
154.993287 2.86883791218 2.50986242953 -2.69993738786 10.4729921534 12.0473109651 73.6237290695 0.0002 0.0002
155.304088 2.89295166387 2.51427915065 -2.91379716247 10.0057438489 13.7920652771 67.2589174413 0.0002 0.0002
155.304088 2.89295166387 2.51427915065 -2.91379716247 10.0057438489 13.7920652771 67.2589174413 0.0002 0.0002
155.960731 2.93473736855 2.52509858173 -3.36562815394 9.01856771892 17.9154059551 54.7667364204 0.0002 0.0002
156.270731 2.95114304405 2.53104085057 -2.88525727624 6.82277984102 19.860187158 49.8735227327 0.0002 0.0002
156.270731 2.95114304405 2.53104085057 -2.88525727624 6.82277984102 19.860187158 49.8735227327 0.0002 0.0002
156.470731 2.96094306396 2.53515743588 -2.50789465656 5.56853812138 20.9404368247 47.3989662454 0.0002 0.0002
156.470731 2.96094306396 2.53515743588 -2.50789465656 5.56853812138 20.9404368247 47.3989662454 0.0002 0.0002
156.980731 2.98410492786 2.5464852546 -1.35975718273 2.77601225463 22.9323872408 43.1842350947 0.0002 0.0002
157.477206 3.00513224547 2.55836037997 -1.4214353356 2.67591941984 24.3131797964 40.4774873166 0.0002 0.0002
157.477206 3.00513224547 2.55836037997 -1.4214353356 2.67591941984 24.3131797964 40.4774873166 0.0002 0.0002
157.477206 3.00513224547 2.55836037997 -1.4214353356 2.67591941984 24.3131797964 40.4774873166 0.0002 0.0002
158.548502 3.04657381524 2.58683642488 -1.55452473277 2.45993864833 27.5013139138 34.9754631116 0.0002 0.0002
158.548502 3.04657381524 2.58683642488 -1.55452473277 2.45993864833 27.5013139138 34.9754631116 0.0002 0.0002
158.813005 3.05604968356 2.59454215804 -1.58738450711 2.4066129923 28.3323583335 33.688245603 0.0002 0.0002
158.813005 3.05604968356 2.59454215804 -1.58738450711 2.4066129923 28.3323583335 33.688245603 0.0002 0.0002
165.740498 3.23040350827 2.98115903087 -2.44800180358 1.00998191857 56.2874687531 10.0198082741 0.0002 0.0002
165.740498 3.23040350827 2.98115903087 -2.44800180358 1.00998191857 56.2874687531 10.0198082741 0.0002 0.0002
168.065698 3.26790151537 3.27545733082 -2.73686638095 0.541205324694 68.3433242557 6.41298769606 0.0002 0.0002
168.065698 3.26790151537 3.27545733082 -2.73686638095 0.541205324694 68.3433242557 6.41298769606 0.0002 0.0002
168.277698 3.27097737786 3.30910475921 -2.76320359513 0.498464640925 69.5093390907 6.19257766335 0.0002 0.0002
168.277698 3.27097737786 3.30910475921 -2.76320359513 0.498464640925 69.5093390907 6.19257766335 0.0002 0.0002
