0.0 0.0 0.0 -1.25496218107 0.769129356329 5.79591993221 9.76354123194 0.0002 0.0002
0.0 0.0 0.0 -1.25496218107 0.769129356329 5.79591993221 9.76354123194 0.0002 0.0002
0.0 0.0 0.0 -1.25496218107 0.769129356329 5.79591993221 9.76354123194 0.0002 0.0002
0.423 0.0667594163758 0.0447878985559 -1.4428866926 0.700175904917 6.93711000577 9.14202510643 0.0002 0.0002
0.423 0.0667594163758 0.0447878985559 -1.4428866926 0.700175904917 6.93711000577 9.14202510643 0.0002 0.0002
0.877 0.126486659391 0.0961923158198 -1.64458344965 0.626169127279 8.33882145036 8.53986446181 0.0002 0.0002
0.877 0.126486659391 0.0961923158198 -1.64458344965 0.626169127279 8.33882145036 8.53986446181 0.0002 0.0002
1.357 0.179022448202 0.154383895826 -1.85783112231 0.547924076032 10.0199804449 7.97629972422 0.0002 0.0002
1.357 0.179022448202 0.154383895826 -1.85783112231 0.547924076032 10.0199804449 7.97629972422 0.0002 0.0002
1.89 0.227394322413 0.223635578898 -2.09462489216 0.461039467042 12.1266395006 7.43852215576 0.0002 0.0002
1.89 0.227394322413 0.223635578898 -2.09462489216 0.461039467042 12.1266395006 7.43852215576 0.0002 0.0002
2.475 0.271179996266 0.30505861889 -2.3545204932 0.365678310835 14.729389551 6.95489225571 0.0002 0.0002
2.475 0.271179996266 0.30505861889 -2.3545204932 0.365678310835 14.729389551 6.95489225571 0.0002 0.0002
3.06 0.307484137912 0.391624494297 -2.61441609425 0.270317154627 17.6362174547 6.58283490841 0.0002 0.0002
3.06 0.307484137912 0.391624494297 -2.61441609425 0.270317154627 17.6362174547 6.58283490841 0.0002 0.0002
3.645 0.337998020731 0.482428938122 -2.8743116953 0.174955998419 20.8471232116 6.32235011388 0.0002 0.0002
3.645 0.337998020731 0.482428938122 -2.8743116953 0.174955998419 20.8471232116 6.32235011388 0.0002 0.0002
4.6635 0.380811662332 0.646702367221 -3.32679660072 0.00892978030411 27.1629520111 6.13506244825 0.0002 0.0002
5.0 0.393012521176 0.700154293621 2.95767002299 -1.53097501429 27.2904668731 6.63442543722 0.0002 0.0002
5.0 0.393012521176 0.700154293621 2.95767002299 -1.53097501429 27.2904668731 6.63442543722 0.0002 0.0002
5.3365 0.40616238419 0.746093615405 8.35066556162 -3.55674282081 23.383999719 8.30363863041 0.0002 0.0002
5.7585 0.427407908084 0.789108157882 7.07416940936 -4.25047207404 16.8747193613 11.598283316 0.0002 0.0002
6.025 0.444839792891 0.810381711869 3.5266368738 -2.00462090205 14.0984795228 13.2953539966 0.0002 0.0002
6.025 0.444839792891 0.810381711869 3.5266368738 -2.00462090205 14.0984795228 13.2953539966 0.0002 0.0002
6.2915 0.464715101572 0.829983634169 0.740062401505 0.658759508858 12.9810757905 13.6604999535 0.0002 0.0002
6.973 0.519282589956 0.881521585913 0.658809325174 0.587221385729 12.0277447088 12.8113639738 0.0002 0.0002
6.973 0.519282589956 0.881521585913 0.658809325174 0.587221385729 12.0277447088 12.8113639738 0.0002 0.0002
7.482 0.562787632981 0.922178592962 0.598122874914 0.533790857962 11.3879662189 12.2407687418 0.0002 0.0002
7.482 0.562787632981 0.922178592962 0.598122874914 0.533790857962 11.3879662189 12.2407687418 0.0002 0.0002
7.992 0.608771932377 0.964764560211 0.537317197836 0.480255358629 10.8088917818 11.7236051713 0.0002 0.0002
7.992 0.608771932377 0.964764560211 0.537317197836 0.480255358629 10.8088917818 11.7236051713 0.0002 0.0002
8.498 0.656756286595 1.00881042157 0.476988428029 0.427139745564 10.2956531351 11.2644632486 0.0002 0.0002
8.498 0.656756286595 1.00881042157 0.476988428029 0.427139745564 10.2956531351 11.2644632486 0.0002 0.0002
8.9873 0.705345246495 1.053040216 0.41865074608 0.375777157674 9.85741688723 10.8715960079 0.0002 0.0002
8.9873 0.705345246495 1.053040216 0.41865074608 0.375777157674 9.85741688723 10.8715960079 0.0002 0.0002
9.4566 0.753884123975 1.09689140452 0.362697600486 0.32651400113 9.49073010819 10.542010767 0.0002 0.0002
9.4566 0.753884123975 1.09689140452 0.362697600486 0.32651400113 9.49073010819 10.542010767 0.0002 0.0002
9.9277 0.804389090118 1.14220992919 0.306529846621 0.277061895765 9.17545705786 10.257666162 0.0002 0.0002
9.9277 0.804389090118 1.14220992919 0.306529846621 0.277061895765 9.17545705786 10.257666162 0.0002 0.0002
16.240021 1.5214050987 1.78048184098 -0.446068099142 -0.38555233304 10.0562672996 10.9424926275 0.0002 0.0002
16.240021 1.5214050987 1.78048184098 -0.446068099142 -0.38555233304 10.0562672996 10.9424926275 0.0002 0.0002
17.480021 1.63872057671 1.88872641104 -0.382727428512 -0.515833917675 11.0930605476 12.0612148883 0.0002 0.0002
17.480021 1.63872057671 1.88872641104 -0.382727428512 -0.515833917675 11.0930605476 12.0612148883 0.0002 0.0002
17.480021 1.63872057671 1.88872641104 -0.382727428512 -0.515833917675 11.0930605476 12.0612148883 0.0002 0.0002
17.480021 1.63872057671 1.88872641104 -0.382727428512 -0.515833917675 11.0930605476 12.0612148883 0.0002 0.0002
18.720021 1.74640654073 1.98613167349 -0.283560979823 -0.64611550231 11.9265632633 13.5033255051 0.0002 0.0002
18.720021 1.74640654073 1.98613167349 -0.729111450256 -0.141660623028 11.9265632633 13.5033255051 0.0002 0.0002
20.0 1.84561306288 2.07939426865 -0.893485736618 -0.238352750845 14.0034535879 13.9897346434 0.0002 0.0002
20.0 1.84561306288 2.07939426865 -0.893485736618 -0.238352750845 14.0034535879 13.9897346434 0.0002 0.0002
22.328798 1.98940176165 2.23815869125 -1.19254885354 -0.414274726029 18.8614067694 15.5095722063 0.0002 0.0002
22.595298 2.0031035815 2.2554654536 -4.46257701832 2.03226893073 20.3472646412 15.0720890986 0.0002 0.0002
22.595298 2.0031035815 2.2554654536 -4.46257701832 2.03226893073 20.3472646412 15.0720890986 0.0002 0.0002
22.861798 2.01531245148 2.27408161005 -8.51110963145 4.134297156 23.7560401257 13.404735478 0.0002 0.0002
23.218798 2.0286352899 2.3040002717 -9.61473289008 3.65245315077 30.2269659059 10.6248656185 0.0002 0.0002
23.355298 2.03297869048 2.31742681096 -7.36544736707 2.67311133613 32.5534258504 9.76462542643 0.0002 0.0002
23.355298 2.03297869048 2.31742681096 -7.36544736707 2.67311133613 32.5534258504 9.76462542643 0.0002 0.0002
23.555298 2.03890174121 2.33891062725 -3.50958575783 1.44365390719 34.7459796215 8.94778871324 0.0002 0.0002
23.555298 2.03890174121 2.33891062725 -3.50958575783 1.44365390719 34.7459796215 8.94778871324 0.0002 0.0002
23.891798 2.04847812213 2.37773232362 3.52680402474 -0.364355406318 34.7400509644 8.59260257427 0.0002 0.0002
27.336298 2.19977858347 2.71421094009 2.19438269322 -0.818440660329 15.0334233144 12.6667436258 0.0002 0.0002
27.336298 2.19977858347 2.71421094009 2.19438269322 -0.818440660329 15.0334233144 12.6667436258 0.0002 0.0002
28.003298 2.24889243029 2.76465007153 1.93636991106 -0.906370654356 12.2782113274 13.8171927727 0.0002 0.0002
28.003298 2.24889243029 2.76465007153 1.93636991106 -0.906370654356 12.2782113274 13.8171927727 0.0002 0.0002
28.805298 2.32353038535 2.81973690981 1.62613565126 -1.01209757371 9.4210818664 15.3558042916 0.0002 0.0002
28.855298 2.32888120868 2.82298384437 1.34162213525 -0.576854363525 9.27276469666 15.4352897955 0.0002 0.0002
28.855298 2.32888120868 2.82298384437 1.34162213525 -0.576854363525 9.27276469666 15.4352897955 0.0002 0.0002
29.055298 2.3509160118 2.83594260283 0.264693244258 1.17202107361 8.95393053804 15.3153398673 0.0002 0.0002
29.055298 2.3509160118 2.83594260283 0.264693244258 1.17202107361 8.95393053804 15.3153398673 0.0002 0.0002
29.305298 2.37870440047 2.85278814638 -1.05842920224 3.19046252551 9.15003226254 14.2115284342 0.0002 0.0002
32.666098 2.63726414857 3.61946947222 -1.83720365869 0.546795083237 18.8816751815 1.65135306277 0.0002 0.0002
32.716098 2.63990077392 3.65023121445 -1.24699275873 0.456917994146 19.0359662641 1.60119382111 0.0002 0.0002
32.716098 2.63990077392 3.65023121445 -1.24699275873 0.456917994146 19.0359662641 1.60119382111 0.0002 0.0002
32.916098 2.65035807444 3.78078017287 1.1547312441 0.120870125986 19.0545756338 1.48660013581 0.0002 0.0002
32.916098 2.65035807444 3.78078017287 1.1547312441 0.120870125986 19.0545756338 1.48660013581 0.0002 0.0002
33.166098 2.66386028207 3.94857526892 3.96662308894 -0.285706213702 17.7571100347 1.52727505424 0.0002 0.0002
36.526898 3.31329762642 4.88220812135 0.799443356374 -2.66585084357 1.73931392528 11.4468680123 0.0002 0.0002
36.576898 3.34269101253 4.88652884822 0.681664238997 -2.20431531012 1.6653109327 11.6905488721 0.0002 0.0002
36.576898 3.34269101253 4.88652884822 0.681664238997 -2.20431531012 1.6653109327 11.6905488721 0.0002 0.0002
36.776898 3.47119461083 4.90319580613 0.259180720186 -0.212384629982 1.47924495571 12.1794396543 0.0002 0.0002
36.776898 3.47119461083 4.90319580613 0.259180720186 -0.212384629982 1.47924495571 12.1794396543 0.0002 0.0002
37.026898 3.64302911539 4.92399806734 -0.225050094563 2.28539965715 1.47086018832 11.6518136014 0.0002 0.0002
37.333412 3.83951642576 4.95197956856 -0.443995568909 2.12169531882 1.67593205081 10.3009772919 0.0002 0.0002
37.333412 3.83951642576 4.95197956856 -0.443995568909 2.12169531882 1.67593205081 10.3009772919 0.0002 0.0002
40.387698 4.62857270201 5.62635583408 -2.62569721078 0.490448887344 11.0516517321 2.32274181304 0.0002 0.0002
40.437698 4.63304700542 5.64809231008 -2.16538556193 0.363742862995 11.2913812981 2.28006344721 0.0002 0.0002
40.437698 4.63304700542 5.64809231008 -2.16538556193 0.363742862995 11.2913812981 2.28006344721 0.0002 0.0002
40.637698 4.65029862571 5.73738199986 -0.176821115189 -0.121890056659 11.7653846524 2.2322512991 0.0002 0.0002
40.637698 4.65029862571 5.73738199986 -0.176821115189 -0.121890056659 11.7653846524 2.2322512991 0.0002 0.0002
40.887698 4.6718589231 5.84549370633 2.31016234155 -0.761476774439 11.2220747838 2.44914019686 0.0002 0.0002
41.194212 4.70100366911 5.95926275229 2.1370808667 -0.95919725879 9.85893247908 2.97655087749 0.0002 0.0002
41.194212 4.70100366911 5.95926275229 2.1370808667 -0.95919725879 9.85893247908 2.97655087749 0.0002 0.0002
44.248498 5.44299161031 0.153335720046 0.412395124774 -2.9294006011 2.072103651 14.8534408806 0.0002 0.0002
44.298498 5.46734197713 0.156671400647 0.297693341071 -2.31884433158 2.03662435317 15.1160391448 0.0002 0.0002
44.298498 5.46734197713 0.156671400647 0.297693341071 -2.31884433158 2.03662435317 15.1160391448 0.0002 0.0002
44.498498 5.56700502015 0.169650842312 -0.145275364136 0.266234791437 2.00648157509 15.5312773846 0.0002 0.0002
44.498498 5.56700502015 0.169650842312 -0.145275364136 0.266234791437 2.00648157509 15.5312773846 0.0002 0.0002
44.748498 5.68672593065 0.186108928215 -0.734364701374 3.40629472543 2.2225786808 14.5965347713 0.0002 0.0002
44.854298 5.73268804936 0.193540576606 -0.807638616783 3.31494558741 2.38572263186 13.8854275462 0.0002 0.0002
44.854298 5.73268804936 0.193540576606 -0.807638616783 3.31494558741 2.38572263186 13.8854275462 0.0002 0.0002
45.055012 5.81130418958 0.208721930136 -0.946647129614 3.14164642967 2.73783234116 12.5894991361 0.0002 0.0002
45.055012 5.81130418958 0.208721930136 -0.946647129614 3.14164642967 2.73783234116 12.5894991361 0.0002 0.0002
48.109298 0.0252495052428 1.00408514017 -3.06195425627 0.504534961177 14.9812474336 1.45301836053 0.0002 0.0002
48.159298 0.0285556330121 1.03906391995 -2.42608537226 0.39960903588 15.2558504524 1.40784422306 0.0002 0.0002
48.159298 0.0285556330121 1.03906391995 -2.42608537226 0.39960903588 15.2558504524 1.40784422306 0.0002 0.0002
48.359298 0.0414067668035 1.18674904898 0.272027743522 0.00622541076216 15.6917795402 1.32761478018 0.0002 0.0002
48.359298 0.0414067668035 1.18674904898 0.272027743522 0.00622541076216 15.6917795402 1.32761478018 0.0002 0.0002
48.609298 0.0577073047973 1.36982470894 3.54735810928 -0.490691848422 14.7190670822 1.44656258659 0.0002 0.0002
48.715098 0.0650832025027 1.44031271918 3.44971872121 -0.58144102545 13.9787763536 1.55999424464 0.0002 0.0002
48.715098 0.0650832025027 1.44031271918 3.44971872121 -0.58144102545 13.9787763536 1.55999424464 0.0002 0.0002
48.915812 0.0801888138092 1.55945371209 3.26448628133 -0.753601992541 12.6311414107 1.82795606896 0.0002 0.0002
48.915812 0.0801888138092 1.55945371209 3.26448628133 -0.753601992541 12.6311414107 1.82795606896 0.0002 0.0002
51.970098 0.934390951285 2.19626247904 0.445784806364 -3.37339349453 1.29891237132 14.4329806072 0.0002 0.0002
52.020098 0.973508616599 2.19968913512 0.346201524377 -2.78949550614 1.25934107442 14.7413434646 0.0002 0.0002
52.020098 0.973508616599 2.19968913512 0.346201524377 -2.78949550614 1.25934107442 14.7413434646 0.0002 0.0002
52.220098 1.13807313505 2.21290553721 -0.0308249574113 -0.269354314221 1.19697087402 15.3601408899 0.0002 0.0002
52.220098 1.13807313505 2.21290553721 -0.0308249574113 -0.269354314221 1.19697087402 15.3601408899 0.0002 0.0002
52.470098 1.33926329699 2.22940071711 -0.514100376547 2.89090427548 1.33084046309 14.692898157 0.0002 0.0002
52.575898 1.4154923827 2.23675442498 -0.614610436746 2.82352442692 1.45025806714 14.0883116003 0.0002 0.0002
52.575898 1.4154923827 2.23675442498 -0.614610436746 2.82352442692 1.45025806714 14.0883116003 0.0002 0.0002
55.830898 2.1716980602 2.82331955054 -3.70686228879 0.750543263868 15.5166517888 2.45472126674 0.0002 0.0002
55.880898 2.17488466279 2.84398639065 -3.05776957874 0.614019226459 15.8551311 2.38654302422 0.0002 0.0002
55.880898 2.17488466279 2.84398639065 -3.05776957874 0.614019226459 15.8551311 2.38654302422 0.0002 0.0002
56.080898 2.18716859122 2.93104048557 -0.253265639933 0.110533288007 16.525201742 2.24330562655 0.0002 0.0002
56.080898 2.18716859122 2.93104048557 -0.253265639933 0.110533288007 16.525201742 2.24330562655 0.0002 0.0002
56.330898 2.20251884248 3.04137856263 3.25491932237 -0.504764778593 15.7607522758 2.34009923077 0.0002 0.0002
56.436698 2.20938156425 3.08555279503 3.17708686508 -0.561495926494 15.0802460212 2.45290961337 0.0002 0.0002
56.436698 2.20938156425 3.08555279503 3.17708686508 -0.561495926494 15.0802460212 2.45290961337 0.0002 0.0002
59.691698 2.81124686785 3.73568382664 0.782524970274 -2.30686347299 2.19170949709 11.7894194587 0.0002 0.0002
59.741698 2.8344538772 3.73988674875 0.655785600695 -1.82376464041 2.11984483884 11.9960972052 0.0002 0.0002
59.741698 2.8344538772 3.73988674875 0.655785600695 -1.82376464041 2.11984483884 11.9960972052 0.0002 0.0002
59.941698 2.93350039333 3.75624566697 0.19446410233 0.22069180831 1.95169529466 12.320393556 0.0002 0.0002
59.941698 2.93350039333 3.75624566697 0.19446410233 0.22069180831 1.95169529466 12.320393556 0.0002 0.0002
60.191698 3.06182356912 3.77699580168 -0.351558567251 2.70219836993 1.99028825722 11.5764571867 0.0002 0.0002
60.498212 3.20689226939 3.80550579176 -0.524597379187 2.48238662714 2.25884232099 9.9873093009 0.0002 0.0002
60.498212 3.20689226939 3.80550579176 -0.524597379187 2.48238662714 2.25884232099 9.9873093009 0.0002 0.0002
62.097498 3.68346402073 4.06528296424 -1.42745515856 1.3354835725 5.38073261587 3.8814429408 0.0002 0.0002
62.097498 3.68346402073 4.06528296424 -1.42745515856 1.3354835725 5.38073261587 3.8814429408 0.0002 0.0002
63.552498 3.87614449308 4.70920137489 -2.2488580027 0.292052976292 10.7297682655 1.5133772623 0.0002 0.0002
63.602498 3.88075848055 4.74253181235 -1.92986049373 0.209019701479 10.9388147423 1.48833686796 0.0002 0.0002
63.602498 3.88075848055 4.74253181235 -1.92986049373 0.209019701479 10.9388147423 1.48833686796 0.0002 0.0002
63.802498 3.89856273738 4.87875336181 -0.55279279915 -0.115008182227 11.4395894074 1.46969204296 0.0002 0.0002
63.802498 3.89856273738 4.87875336181 -0.55279279915 -0.115008182227 11.4395894074 1.46969204296 0.0002 0.0002
64.052498 3.9204388642 5.04199739681 1.22981153175 -0.540556121639 11.268061175 1.631450374 0.0002 0.0002
68.445984 4.56337337244 5.87344824079 0.250197204687 -4.02044539348 4.76566351153 21.6701466767 0.0002 0.0002
68.445984 4.56337337244 5.87344824079 0.250197204687 -4.02044539348 4.76566351153 21.6701466767 0.0002 0.0002
68.646698 4.60591291973 5.88237771161 0.205444061046 -4.17942222767 4.67420993052 23.3159749064 0.0002 0.0002
68.646698 4.60591291973 5.88237771161 0.205444061046 -4.17942222767 4.67420993052 23.3159749064 0.0002 0.0002
68.752498 4.62864959041 5.8868308894 0.18185386506 -4.26322180844 4.63323380994 24.2092066454 0.0002 0.0002
68.802498 4.63945698249 5.88887912883 0.042561062224 -3.62005706359 4.62201824818 24.6035529166 0.0002 0.0002
68.802498 4.63945698249 5.88887912883 0.042561062224 -3.62005706359 4.62201824818 24.6035529166 0.0002 0.0002
69.002498 4.68246300014 5.896832733 -0.519985105169 -0.883871091239 4.71680297087 25.5110613235 0.0002 0.0002
69.002498 4.68246300014 5.896832733 -0.519985105169 -0.883871091239 4.71680297087 25.5110613235 0.0002 0.0002
69.252498 4.7334268575 5.90666081511 -1.29477998366 2.61665643287 5.1653222964 25.0727877685 0.0002 0.0002
69.7 4.81116757497 5.92538112841 -1.52665691 2.47660422174 6.42792094919 22.793543439 0.0002 0.0002
69.7 4.81116757497 5.92538112841 -1.52665691 2.47660422174 6.42792094919 22.793543439 0.0002 0.0002
70.002498 4.8550450242 5.93910249755 -1.68339879376 2.38193310572 7.39895637947 21.3238456145 0.0002 0.0002
70.002498 4.8550450242 5.93910249755 -1.68339879376 2.38193310572 7.39895637947 21.3238456145 0.0002 0.0002
70.251298 4.88685915345 5.95110314432 -1.81231660702 2.304067554 8.26869037118 20.1579686504 0.0002 0.0002
70.251298 4.88685915345 5.95110314432 -1.81231660702 2.304067554 8.26869037118 20.1579686504 0.0002 0.0002
71.491298 5.00502011664 6.02272787901 -2.21258848609 1.91564317572 13.3026075026 14.9208288121 0.0002 0.0002
71.491298 5.00502011664 6.02272787901 -2.21258848609 1.91564317572 13.3026075026 14.9208288121 0.0002 0.0002
71.491298 5.00502011664 6.02272787901 -2.21258848609 1.91564317572 13.3026075026 14.9208288121 0.0002 0.0002
71.491298 5.00502011664 6.02272787901 -2.21258848609 1.91564317572 13.3026075026 14.9208288121 0.0002 0.0002
72.731298 5.08269191272 6.12135319679 -2.41137316664 1.52721879743 19.0857599598 10.647846432 0.0002 0.0002
72.731298 5.08269191272 6.12135319679 -2.41137316664 1.52721879743 19.0857599598 10.647846432 0.0002 0.0002
73.630098 5.12495702499 6.21795533172 -2.73229676844 1.24592636218 23.7088904974 8.15534356253 0.0002 0.0002
73.680098 5.12705459543 6.22413118103 -2.23838566248 1.05865548387 23.9575131099 8.04015546272 0.0002 0.0002
73.680098 5.12705459543 6.22413118103 -2.23838566248 1.05865548387 23.9575131099 8.04015546272 0.0002 0.0002
73.880098 5.13529550677 6.24952526827 -0.188821590431 0.347070176376 24.4457378762 7.76060041723 0.0002 0.0002
73.880098 5.13529550677 6.24952526827 -0.188821590431 0.347070176376 24.4457378762 7.76060041723 0.0002 0.0002
74.130098 5.14559378287 0.0 2.37463530752 -0.514398478362 23.8943699033 7.80206422373 0.0002 0.0002
74.436612 5.15882391998 0.037106025636 2.2894724173 -0.564080122782 22.4647555882 8.13263301368 0.0002 0.0002
74.436612 5.15882391998 0.037106025636 2.2894724173 -0.564080122782 22.4647555882 8.13263301368 0.0002 0.0002
75.985612 5.24051980244 0.20742861878 1.85909299919 -0.815151418733 16.038627758 10.2690626715 0.0002 0.0002
75.985612 5.24051980244 0.20742861878 1.85909299919 -0.815151418733 16.038627758 10.2690626715 0.0002 0.0002
78.030098 5.40605509038 0.377074896996 1.29104606892 -1.14653408469 9.59821253523 14.2797012196 0.0002 0.0002
78.080098 5.41129780933 0.380563546661 1.08233938924 -0.858908453186 9.47958390665 14.3800077181 0.0002 0.0002
78.080098 5.41129780933 0.380563546661 1.08233938924 -0.858908453186 9.47958390665 14.3800077181 0.0002 0.0002
78.280098 5.43276519085 0.394381628419 0.283700122571 0.31488735085 9.20786401436 14.4894123827 0.0002 0.0002
78.280098 5.43276519085 0.394381628419 0.283700122571 0.31488735085 9.20786401436 14.4894123827 0.0002 0.0002
78.530098 5.45988621988 0.411879050978 -0.694232917795 1.74421704771 9.30962699702 13.970180886 0.0002 0.0002
78.635898 5.47116136111 0.419553551542 -0.711074763194 1.71360365663 9.45830854967 13.6043434555 0.0002 0.0002
78.635898 5.47116136111 0.419553551542 -0.711074763194 1.71360365663 9.45830854967 13.6043434555 0.0002 0.0002
78.836612 5.49206377913 0.434688742456 -0.743025558634 1.65552675513 9.75016684167 12.928111814 0.0002 0.0002
78.836612 5.49206377913 0.434688742456 -0.743025558634 1.65552675513 9.75016684167 12.928111814 0.0002 0.0002
83.821298 5.84688408204 1.2520468999 -1.53651621059 0.213200271649 21.1129667851 3.61309436582 0.0002 0.0002
83.871298 5.84924440448 1.26592137044 -1.16484329848 0.134531446154 21.2480749835 3.59571295391 0.0002 0.0002
83.871298 5.84924440448 1.26592137044 -1.16484329848 0.134531446154 21.2480749835 3.59571295391 0.0002 0.0002
84.071298 5.85859878174 1.32163738627 0.349980226305 -0.178127906729 21.411828308 3.60439095157 0.0002 0.0002
84.071298 5.85859878174 1.32163738627 0.349980226305 -0.178127906729 21.411828308 3.60439095157 0.0002 0.0002
84.271298 5.86801481047 1.37627008898 1.84489514849 -0.501017041472 20.9707503505 3.73957665684 0.0002 0.0002
84.271298 5.86801481047 1.37627008898 1.84489514849 -0.501017041472 20.9707503505 3.73957665684 0.0002 0.0002
84.321298 5.87041032962 1.38954690922 2.20545280468 -0.585482949085 20.7681726437 3.79388549008 0.0002 0.0002
84.427098 5.87556250445 1.41697899807 2.17557951992 -0.622929311761 20.3046594238 3.92173550728 0.0002 0.0002
84.427098 5.87556250445 1.41697899807 2.17557951992 -0.622929311761 20.3046594238 3.92173550728 0.0002 0.0002
84.627812 5.88566454148 1.46653700279 2.11890667986 -0.69396909662 19.4426959207 4.18605545442 0.0002 0.0002
84.627812 5.88566454148 1.46653700279 2.11890667986 -0.69396909662 19.4426959207 4.18605545442 0.0002 0.0002
89.612498 0.113956550765 2.04431394783 0.711449739099 -2.45822580533 5.33425790406 19.8987572514 0.0002 0.0002
89.662498 0.123389105285 2.04681214401 0.581885826223 -2.03472415003 5.26961473699 20.1234868447 0.0002 0.0002
89.662498 0.123389105285 2.04681214401 0.581885826223 -2.03472415003 5.26961473699 20.1234868447 0.0002 0.0002
89.862498 0.161950228772 2.05660966094 0.0836175861982 -0.270653485334 5.13728654372 20.5872761607 0.0002 0.0002
89.862498 0.161950228772 2.05660966094 0.0836175861982 -0.270653485334 5.13728654372 20.5872761607 0.0002 0.0002
90.112498 0.210331929012 2.06882408192 -0.534967405934 1.94630834943 5.24910473213 20.1644945216 0.0002 0.0002
90.218298 0.23027008885 2.0741250119 -0.560891620102 1.92118584053 5.36504661709 19.7553136363 0.0002 0.0002
90.218298 0.23027008885 2.0741250119 -0.560891620102 1.92118584053 5.36504661709 19.7553136363 0.0002 0.0002
90.419012 0.26689622259 2.08448690534 -0.610072647726 1.87352573419 5.60007553914 18.9936618973 0.0002 0.0002
90.419012 0.26689622259 2.08448690534 -0.610072647726 1.87352573419 5.60007553914 18.9936618973 0.0002 0.0002
95.297898 0.784106486936 2.54426338047 -1.80554793664 0.715020470109 17.3856129895 6.36444006082 0.0002 0.0002
95.297898 0.784106486936 2.54426338047 -1.80554793664 0.715020470109 17.3856129895 6.36444006082 0.0002 0.0002
95.403698 0.790125767211 2.56108537723 -1.83147215081 0.689897961212 17.7704097148 6.21579969079 0.0002 0.0002
95.453698 0.792925933222 2.56917138776 -1.4835538285 0.55454264203 17.9362164912 6.15359846979 0.0002 0.0002
95.453698 0.792925933222 2.56917138776 -1.4835538285 0.55454264203 17.9362164912 6.15359846979 0.0002 0.0002
95.653698 0.803952783766 2.6020780887 -0.0466262486734 0.0300779259965 18.2439013385 6.03729626725 0.0002 0.0002
95.653698 0.803952783766 2.6020780887 -0.0466262486734 0.0300779259965 18.2439013385 6.03729626725 0.0002 0.0002
95.903698 0.817761995803 2.64317207907 1.74286054078 -0.626697836866 17.8162598851 6.18521607753 0.0002 0.0002
101.194898 1.36961242815 3.15129590171 0.543756308636 -1.81813879113 5.71731281148 19.1213356436 0.0002 0.0002
101.244898 1.37839625449 3.15389931353 0.412947374487 -1.42272687885 5.66949442786 19.2834358874 0.0002 0.0002
101.244898 1.37839625449 3.15389931353 0.412947374487 -1.42272687885 5.66949442786 19.2834358874 0.0002 0.0002
101.444898 1.41397638792 3.16417673405 -0.0982917052118 0.201884811485 5.60691471239 19.5289863014 0.0002 0.0002
101.444898 1.41397638792 3.16417673405 -0.0982917052118 0.201884811485 5.60691471239 19.5289863014 0.0002 0.0002
101.694898 1.45795703228 3.17712490464 -0.750791935501 2.20081410223 5.81734045482 18.9229789504 0.0002 0.0002
101.800698 1.47589712036 3.18278558512 -0.779230746639 2.16814212957 5.97921685459 18.4607433811 0.0002 0.0002
101.800698 1.47589712036 3.18278558512 -0.779230746639 2.16814212957 5.97921685459 18.4607433811 0.0002 0.0002
102.001412 1.50859837457 3.19392008682 -0.833182235662 2.106159877 6.30285071392 17.6028311281 0.0002 0.0002
102.001412 1.50859837457 3.19392008682 -0.833182235662 2.106159877 6.30285071392 17.6028311281 0.0002 0.0002
104.444898 1.79364746857 3.38762271527 -1.48998598681 1.35158986002 11.9794797412 9.15386805421 0.0002 0.0002
104.444898 1.79364746857 3.38762271527 -1.48998598681 1.35158986002 11.9794797412 9.15386805421 0.0002 0.0002
106.986098 1.95345697025 3.80574918898 -2.17305504979 0.566844898447 21.2879996234 4.27874164601 0.0002 0.0002
107.036098 1.95579455831 3.81750828695 -1.75507362062 0.466583015584 21.4844717947 4.22708753098 0.0002 0.0002
107.036098 1.95579455831 3.81750828695 -1.75507362062 0.466583015584 21.4844717947 4.22708753098 0.0002 0.0002
107.236098 1.9650022508 3.86559005658 -0.0298669100216 0.0803509294295 21.8433832476 4.11828256255 0.0002 0.0002
107.236098 1.9650022508 3.86559005658 -0.0298669100216 0.0803509294295 21.8433832476 4.11828256255 0.0002 0.0002
107.486098 1.97653957506 3.92601126713 2.11629399654 -0.398010493712 21.3173694086 4.19703981089 0.0002 0.0002
107.792612 1.99136835467 3.99686064047 2.03751793813 -0.482610502289 20.0441678973 4.46696247485 0.0002 0.0002
107.792612 1.99136835467 3.99686064047 2.03751793813 -0.482610502289 20.0441678973 4.46696247485 0.0002 0.0002
112.046858 2.34923098883 4.57497805468 0.944149506801 -1.65681216384 7.35942109635 13.5685927945 0.0002 0.0002
112.046858 2.34923098883 4.57497805468 0.944149506801 -1.65681216384 7.35942109635 13.5685927945 0.0002 0.0002
112.777298 2.45831120328 4.62436273788 0.756421755049 -1.85841871449 6.11725582384 16.1362580373 0.0002 0.0002
112.827298 2.46653256036 4.62744467546 0.616103559057 -1.52834870059 6.04865366086 16.3056559328 0.0002 0.0002
112.827298 2.46653256036 4.62744467546 0.616103559057 -1.52834870059 6.04865366086 16.3056559328 0.0002 0.0002
113.027298 2.5000803983 4.63955094793 0.0750484998662 -0.157933703405 5.91119515172 16.6448212953 0.0002 0.0002
113.027298 2.5000803983 4.63955094793 0.0750484998662 -0.157933703405 5.91119515172 16.6448212953 0.0002 0.0002
113.227298 2.53379795463 4.65161110489 -0.460915101798 1.22307607164 5.98793752287 16.4305870741 0.0002 0.0002
113.227298 2.53379795463 4.65161110489 -0.460915101798 1.22307607164 5.98793752287 16.4305870741 0.0002 0.0002
113.277298 2.54211295938 4.65466664657 -0.598344192129 1.55905330587 6.04088188607 16.2914317075 0.0002 0.0002
113.383098 2.55944359041 4.66122718903 -0.622128479161 1.53677395796 6.17000789469 15.963893183 0.0002 0.0002
113.383098 2.55944359041 4.66122718903 -0.622128479161 1.53677395796 6.17000789469 15.963893183 0.0002 0.0002
113.583812 2.59131808076 4.6740472049 -0.667249834429 1.49450763438 6.42880417352 15.3554725294 0.0002 0.0002
113.583812 2.59131808076 4.6740472049 -0.667249834429 1.49450763438 6.42880417352 15.3554725294 0.0002 0.0002
115.622798 2.84734051525 4.83821712118 -1.12562250246 1.06513827269 10.0844457682 10.13639036 0.0002 0.0002
115.622798 2.84734051525 4.83821712118 -1.12562250246 1.06513827269 10.0844457682 10.13639036 0.0002 0.0002
117.267498 2.98427420784 5.03191596315 -1.49535801174 0.718797596898 14.39517242 7.20235103525 0.0002 0.0002
117.267498 2.98427420784 5.03191596315 -1.49535801174 0.718797596898 14.39517242 7.20235103525 0.0002 0.0002
118.462698 3.05799825524 5.21815342353 -1.76404402177 0.467112562724 18.2908097304 5.78495121247 0.0002 0.0002
118.462698 3.05799825524 5.21815342353 -1.76404402177 0.467112562724 18.2908097304 5.78495121247 0.0002 0.0002
118.568498 3.06372409235 5.23659775026 -1.7878283088 0.44483321482 18.666597823 5.6884673492 0.0002 0.0002
118.618498 3.06639078917 5.24541877487 -1.4210088015 0.32092314138 18.8270933788 5.65019233614 0.0002 0.0002
118.618498 3.06639078917 5.24541877487 -1.4210088015 0.32092314138 18.8270933788 5.65019233614 0.0002 0.0002
118.818498 3.07691095607 5.28101486467 0.088271602439 -0.166738993851 19.0950768977 5.61951952555 0.0002 0.0002
118.818498 3.07691095607 5.28101486467 0.088271602439 -0.166738993851 19.0950768977 5.61951952555 0.0002 0.0002
119.068498 3.09012858933 5.32478408375 1.9555855064 -0.79518732986 18.5797954719 5.8580096542 0.0002 0.0002
122.440498 3.36437806715 5.70086575978 1.08003286098 -1.73478850988 8.3436903371 14.3890881858 0.0002 0.0002
122.440498 3.36437806715 5.70086575978 1.08003286098 -1.73478850988 8.3436903371 14.3890881858 0.0002 0.0002
124.359698 3.66137512202 5.80876131556 0.581705269906 -2.26956982206 5.1544825163 22.0742526964 0.0002 0.0002
124.409698 3.67112670862 5.81101559747 0.461197512206 -1.81366896657 5.10235569146 22.2784864015 0.0002 0.0002
124.409698 3.67112670862 5.81101559747 0.461197512206 -1.81366896657 5.10235569146 22.2784864015 0.0002 0.0002
124.609698 3.71079812087 5.81989800214 -0.00635324547947 0.0667292382931 5.01189482401 22.6298518933 0.0002 0.0002
124.609698 3.71079812087 5.81989800214 -0.00635324547947 0.0667292382931 5.01189482401 22.6298518933 0.0002 0.0002
124.859698 3.76019012714 5.83105126496 -0.595087357007 2.39605596946 5.16094796699 22.0086896115 0.0002 0.0002
124.965498 3.78044039445 5.83591443467 -0.622847149423 2.36365028235 5.28980543777 21.5051126901 0.0002 0.0002
124.965498 3.78044039445 5.83591443467 -0.622847149423 2.36365028235 5.28980543777 21.5051126901 0.0002 0.0002
125.166212 3.81749096384 5.84545800451 -0.675510466765 2.30217320217 5.55040398834 20.5686165952 0.0002 0.0002
125.166212 3.81749096384 5.84545800451 -0.675510466765 2.30217320217 5.55040398834 20.5686165952 0.0002 0.0002
129.341898 4.2801943313 6.20961038674 -1.77112650222 1.02319424193 15.7667917268 6.68292631398 0.0002 0.0002
129.341898 4.2801943313 6.20961038674 -1.77112650222 1.02319424193 15.7667917268 6.68292631398 0.0002 0.0002
130.150898 4.32719557742 0.0637244503144 -1.98339183364 0.775404063547 18.8041970605 5.22786028484 0.0002 0.0002
130.200898 4.32984148339 0.0733565065808 -1.61529707466 0.656621457267 18.9841917305 5.15628295471 0.0002 0.0002
130.200898 4.32984148339 0.0733565065808 -1.61529707466 0.656621457267 18.9841917305 5.15628295471 0.0002 0.0002
130.400898 4.34025478079 0.112919970734 -0.0932158631337 0.203239181031 19.3277353109 4.9852255346 0.0002 0.0002
130.400898 4.34025478079 0.112919970734 -0.0932158631337 0.203239181031 19.3277353109 4.9852255346 0.0002 0.0002
130.650898 4.35328226858 0.163118480414 1.80623823566 -0.348355286489 18.8958613767 5.02120413068 0.0002 0.0002
130.756698 4.35893852206 0.184032540641 1.78237204996 -0.371982881708 18.5161864085 5.09741590888 0.0002 0.0002
130.756698 4.35893852206 0.184032540641 1.78237204996 -0.371982881708 18.5161864085 5.09741590888 0.0002 0.0002
135.061658 4.73687442516 0.755221779592 0.811266428361 -1.33338035162 7.35067650485 12.4389364138 0.0002 0.0002
135.061658 4.73687442516 0.755221779592 0.811266428361 -1.33338035162 7.35067650485 12.4389364138 0.0002 0.0002
135.792098 4.84454018172 0.8096260994 0.64649500418 -1.49650455438 6.28586924407 14.5059975446 0.0002 0.0002
135.842098 4.85253265449 0.813056446922 0.503960297152 -1.19890977674 6.22836668198 14.6408156348 0.0002 0.0002
135.842098 4.85253265449 0.813056446922 0.503960297152 -1.19890977674 6.22836668198 14.6408156348 0.0002 0.0002
136.042098 4.884975364 0.826570784537 -0.050814567433 0.0291717078847 6.13824362494 14.876087399 0.0002 0.0002
136.042098 4.884975364 0.826570784537 -0.050814567433 0.0291717078847 6.13824362494 14.876087399 0.0002 0.0002
136.242098 4.91731149454 0.840095785595 -0.609036805547 1.25529624628 6.26947695458 14.6177397829 0.0002 0.0002
136.242098 4.91731149454 0.840095785595 -0.609036805547 1.25529624628 6.26947695458 14.6177397829 0.0002 0.0002
136.292098 4.92524515172 0.843532236341 -0.753527696305 1.55179990973 6.33758125188 14.4773356385 0.0002 0.0002
136.397898 4.94173033113 0.85092390307 -0.779700719649 1.52689372629 6.49979681829 14.1516098518 0.0002 0.0002
136.397898 4.94173033113 0.85092390307 -0.779700719649 1.52689372629 6.49979681829 14.1516098518 0.0002 0.0002
139.002498 5.23806450079 1.10153112698 -1.42403206748 0.913749629968 12.2396392356 7.79471016608 0.0002 0.0002
139.002498 5.23806450079 1.10153112698 -1.42403206748 0.913749629968 12.2396392356 7.79471016608 0.0002 0.0002
141.496798 5.39472130933 1.5262387764 -2.04107717264 0.326571053812 20.8826612133 4.70097828452 0.0002 0.0002
141.633298 5.40118906574 1.55546464511 -0.798962699928 0.0168546227794 21.2713853029 4.65422786073 0.0002 0.0002
141.633298 5.40118906574 1.55546464511 -0.798962699928 0.0168546227794 21.2713853029 4.65422786073 0.0002 0.0002
141.833298 5.41057549361 1.59819173877 1.05641573281 -0.438773237759 21.2195916897 4.73812192655 0.0002 0.0002
141.833298 5.41057549361 1.59819173877 1.05641573281 -0.438773237759 21.2195916897 4.73812192655 0.0002 0.0002
142.169798 5.42697910565 1.66587779708 3.94765658434 -1.29266404892 19.5073031795 5.31130049141 0.0002 0.0002
147.464298 0.97196243969 2.07666795153 -0.553424242915 -3.95519565505 1.53654004789 33.0960936941 0.0002 0.0002
147.774298 1.15006468885 2.08578027342 -0.990978634604 -1.01690590485 2.01097333906 34.651700004 0.0002 0.0002
147.774298 1.15006468885 2.08578027342 -0.990978634604 -1.01690590485 2.01097333906 34.651700004 0.0002 0.0002
147.974298 1.24004044502 2.0915400715 -1.32804704664 0.958427547019 2.47302071738 34.6634404074 0.0002 0.0002
147.974298 1.24004044502 2.0915400715 -1.32804704664 0.958427547019 2.47302071738 34.6634404074 0.0002 0.0002
148.484298 1.39754187447 2.10684856838 -2.5070623107 5.5943061041 4.38190223923 31.2362798195 0.0002 0.0002
148.795099 1.45768915556 2.11738467571 -3.02380081697 5.27295829294 6.10090003017 27.8587231776 0.0002 0.0002
148.795099 1.45768915556 2.11738467571 -3.02380081697 5.27295829294 6.10090003017 27.8587231776 0.0002 0.0002
149.451742 1.53871417687 2.14429388949 -4.11553708221 4.59403257919 10.7888962863 21.3796326903 0.0002 0.0002
149.761742 1.56469646457 2.15962100377 -3.02921681114 1.9455478228 13.0320867295 19.3775094345 0.0002 0.0002
149.761742 1.56469646457 2.15962100377 -3.02921681114 1.9455478228 13.0320867295 19.3775094345 0.0002 0.0002
149.961742 1.57943427243 2.17009739115 -2.07517675872 0.417748531019 14.0583497746 18.907311908 0.0002 0.0002
149.961742 1.57943427243 2.17009739115 -2.07517675872 0.417748531019 14.0583497746 18.907311908 0.0002 0.0002
150.471742 1.61426984259 2.19646930944 0.785313441923 -3.58179158528 14.7395552428 20.46814013 0.0002 0.0002
150.968217 1.64885441166 2.21878268938 0.730857275527 -3.91723327161 13.9868143858 24.1912184958 0.0002 0.0002
150.968217 1.64885441166 2.21878268938 0.730857275527 -3.91723327161 13.9868143858 24.1912184958 0.0002 0.0002
150.968217 1.64885441166 2.21878268938 0.730857275527 -3.91723327161 13.9868143858 24.1912184958 0.0002 0.0002
153.973287 1.89841258484 2.30214957866 0.401244320293 -5.94759884553 10.5847698433 53.8357295461 0.0002 0.0002
154.283287 1.92781314753 2.3077585195 -0.407874312463 -1.97120089106 10.5868096098 56.3094501727 0.0002 0.0002
154.283287 1.92781314753 2.3077585195 -0.407874312463 -1.97120089106 10.5868096098 56.3094501727 0.0002 0.0002
154.483287 1.94649912664 2.31129677176 -0.945096548674 0.712945294133 10.8565481553 56.5619031052 0.0002 0.0002
154.483287 1.94649912664 2.31129677176 -0.945096548674 0.712945294133 10.8565481553 56.5619031052 0.0002 0.0002
154.993287 1.99058170744 2.32056484394 -2.53038344158 7.20052670417 12.593343623 52.4406183037 0.0002 0.0002
155.304088 2.01380667074 2.32675568841 -2.71308394242 6.88731372652 14.2230185295 48.06210341 0.0002 0.0002
155.304088 2.01380667074 2.32675568841 -2.71308394242 6.88731372652 14.2230185295 48.06210341 0.0002 0.0002
155.960731 2.05481220229 2.34183605814 -3.09908335996 6.2255748348 18.0395375034 39.4516169264 0.0002 0.0002
156.270731 2.07117792128 2.35006904906 -2.64303837014 4.75993269985 19.8255266614 36.0573672271 0.0002 0.0002
156.270731 2.07117792128 2.35006904906 -2.64303837014 4.75993269985 19.8255266614 36.0573672271 0.0002 0.0002
156.470731 2.08101686022 2.35575805012 -2.29181964957 3.91863331434 20.8138639591 34.3240478182 0.0002 0.0002
156.470731 2.08101686022 2.35575805012 -2.29181964957 3.91863331434 20.8138639591 34.3240478182 0.0002 0.0002
156.980731 2.10441203478 2.37138497825 -1.23972544203 2.03790020569 22.6313069663 31.3132127861 0.0002 0.0002
157.477206 2.12576549185 2.38776804379 -1.29537918521 1.95619814001 23.8899230361 29.3302428099 0.0002 0.0002
157.477206 2.12576549185 2.38776804379 -1.29537918521 1.95619814001 23.8899230361 29.3302428099 0.0002 0.0002
157.477206 2.12576549185 2.38776804379 -1.29537918521 1.95619814001 23.8899230361 29.3302428099 0.0002 0.0002
158.548502 2.1681212869 2.42708365446 -1.4154690839 1.77990105322 26.7940439434 25.3277746886 0.0002 0.0002
158.548502 2.1681212869 2.42708365446 -1.4154690839 1.77990105322 26.7940439434 25.3277746886 0.0002 0.0002
158.813005 2.17785665065 2.43772424549 -1.44511928186 1.7363732996 27.5506781479 24.3977095734 0.0002 0.0002
158.813005 2.17785665065 2.43772424549 -1.44511928186 1.7363732996 27.5506781479 24.3977095734 0.0002 0.0002
165.740498 2.3602367804 2.94826521328 -2.22167583818 0.59635519572 52.9523756744 8.23774925119 0.0002 0.0002
165.740498 2.3602367804 2.94826521328 -2.22167583818 0.59635519572 52.9523756744 8.23774925119 0.0002 0.0002
168.065698 2.4002235647 3.27545731994 -2.48232558619 0.213710262676 63.8901197864 6.35418504733 0.0002 0.0002
168.065698 2.4002235647 3.27545731994 -2.48232558619 0.213710262676 63.8901197864 6.35418504733 0.0002 0.0002
168.277698 2.40351464157 3.30904811723 -2.50609031463 0.178822629008 64.9476639574 6.2709680743 0.0002 0.0002
168.277698 2.40351464157 3.30904811723 -2.50609031463 0.178822629008 64.9476639574 6.2709680743 0.0002 0.0002
