0.0 0.0 0.0 -1.25496218107 0.769129356329 5.79591993221 9.76354123194 0.0002 0.0002
0.0 0.0 0.0 -1.25496218107 0.769129356329 5.79591993221 9.76354123194 0.0002 0.0002
0.0 0.0 0.0 -1.25496218107 0.769129356329 5.79591993221 9.76354123194 0.0002 0.0002
0.423 0.0667594163758 0.0447878985559 -1.4428866926 0.700175904917 6.93711000577 9.14202510643 0.0002 0.0002
0.423 0.0667594163758 0.0447878985559 -1.4428866926 0.700175904917 6.93711000577 9.14202510643 0.0002 0.0002
0.877 0.126486659391 0.0961923158198 -1.64458344965 0.626169127279 8.33882145036 8.53986446181 0.0002 0.0002
0.877 0.126486659391 0.0961923158198 -1.64458344965 0.626169127279 8.33882145036 8.53986446181 0.0002 0.0002
1.357 0.179022448202 0.154383895826 -1.85783112231 0.547924076032 10.0199804449 7.97629972422 0.0002 0.0002
1.357 0.179022448202 0.154383895826 -1.85783112231 0.547924076032 10.0199804449 7.97629972422 0.0002 0.0002
1.89 0.227394322413 0.223635578898 -2.09462489216 0.461039467042 12.1266395006 7.43852215576 0.0002 0.0002
1.89 0.227394322413 0.223635578898 -2.09462489216 0.461039467042 12.1266395006 7.43852215576 0.0002 0.0002
2.475 0.271179996266 0.30505861889 -2.3545204932 0.365678310835 14.729389551 6.95489225571 0.0002 0.0002
2.475 0.271179996266 0.30505861889 -2.3545204932 0.365678310835 14.729389551 6.95489225571 0.0002 0.0002
3.06 0.307484137912 0.391624494297 -2.61441609425 0.270317154627 17.6362174547 6.58283490841 0.0002 0.0002
3.06 0.307484137912 0.391624494297 -2.61441609425 0.270317154627 17.6362174547 6.58283490841 0.0002 0.0002
3.645 0.337998020731 0.482428938122 -2.8743116953 0.174955998419 20.8471232116 6.32235011388 0.0002 0.0002
3.645 0.337998020731 0.482428938122 -2.8743116953 0.174955998419 20.8471232116 6.32235011388 0.0002 0.0002
4.6635 0.380811662332 0.646702367221 -3.32679660072 0.00892978030411 27.1629520111 6.13506244825 0.0002 0.0002
5.0 0.393012521176 0.700154293621 2.95767002299 -1.53097501429 27.2904668731 6.63442543722 0.0002 0.0002
5.0 0.393012521176 0.700154293621 2.95767002299 -1.53097501429 27.2904668731 6.63442543722 0.0002 0.0002
5.3365 0.40616238419 0.746093615405 8.35066556162 -3.55674282081 23.383999719 8.30363863041 0.0002 0.0002
5.7585 0.427407908084 0.789108157882 7.07416940936 -4.25047207404 16.8747193613 11.598283316 0.0002 0.0002
6.025 0.444839792891 0.810381711869 3.5266368738 -2.00462090205 14.0984795228 13.2953539966 0.0002 0.0002
6.025 0.444839792891 0.810381711869 3.5266368738 -2.00462090205 14.0984795228 13.2953539966 0.0002 0.0002
6.2915 0.464715101572 0.829983634169 0.740062401505 0.658759508858 12.9810757905 13.6604999535 0.0002 0.0002
6.973 0.519282589956 0.881521585913 0.658809325174 0.587221385729 12.0277447088 12.8113639738 0.0002 0.0002
6.973 0.519282589956 0.881521585913 0.658809325174 0.587221385729 12.0277447088 12.8113639738 0.0002 0.0002
7.482 0.562787632981 0.922178592962 0.598122874914 0.533790857962 11.3879662189 12.2407687418 0.0002 0.0002
7.482 0.562787632981 0.922178592962 0.598122874914 0.533790857962 11.3879662189 12.2407687418 0.0002 0.0002
7.992 0.608771932377 0.964764560211 0.537317197836 0.480255358629 10.8088917818 11.7236051713 0.0002 0.0002
7.992 0.608771932377 0.964764560211 0.537317197836 0.480255358629 10.8088917818 11.7236051713 0.0002 0.0002
8.498 0.656756286595 1.00881042157 0.476988428029 0.427139745564 10.2956531351 11.2644632486 0.0002 0.0002
8.498 0.656756286595 1.00881042157 0.476988428029 0.427139745564 10.2956531351 11.2644632486 0.0002 0.0002
8.9873 0.705345246495 1.053040216 0.41865074608 0.375777157674 9.85741688723 10.8715960079 0.0002 0.0002
8.9873 0.705345246495 1.053040216 0.41865074608 0.375777157674 9.85741688723 10.8715960079 0.0002 0.0002
9.4566 0.753884123975 1.09689140452 0.362697600486 0.32651400113 9.49073010819 10.542010767 0.0002 0.0002
9.4566 0.753884123975 1.09689140452 0.362697600486 0.32651400113 9.49073010819 10.542010767 0.0002 0.0002
9.9277 0.804389090118 1.14220992919 0.306529846621 0.277061895765 9.17545705786 10.257666162 0.0002 0.0002
9.9277 0.804389090118 1.14220992919 0.306529846621 0.277061895765 9.17545705786 10.257666162 0.0002 0.0002
16.240021 1.5214050987 1.78048184098 -0.446068099142 -0.38555233304 10.0562672996 10.9424926275 0.0002 0.0002
16.240021 1.5214050987 1.78048184098 -0.446068099142 -0.38555233304 10.0562672996 10.9424926275 0.0002 0.0002
17.480021 1.63872057671 1.88872641104 -0.382727428512 -0.515833917675 11.0930605476 12.0612148883 0.0002 0.0002
17.480021 1.63872057671 1.88872641104 -0.382727428512 -0.515833917675 11.0930605476 12.0612148883 0.0002 0.0002
17.480021 1.63872057671 1.88872641104 -0.382727428512 -0.515833917675 11.0930605476 12.0612148883 0.0002 0.0002
17.480021 1.63872057671 1.88872641104 -0.382727428512 -0.515833917675 11.0930605476 12.0612148883 0.0002 0.0002
18.720021 1.74640654073 1.98613167349 -0.283560979823 -0.64611550231 11.9265632633 13.5033255051 0.0002 0.0002
18.720021 1.74640654073 1.98613167349 -0.729111450256 -0.141660623028 11.9265632633 13.5033255051 0.0002 0.0002
20.0 1.84561306288 2.07939426865 -0.893485736618 -0.238352750845 14.0034535879 13.9897346434 0.0002 0.0002
20.0 1.84561306288 2.07939426865 -0.893485736618 -0.238352750845 14.0034535879 13.9897346434 0.0002 0.0002
22.328798 1.98940176165 2.23815869125 -1.19254885354 -0.414274726029 18.8614067694 15.5095722063 0.0002 0.0002
22.595298 2.0031035815 2.2554654536 -4.46257701832 2.03226893073 20.3472646412 15.0720890986 0.0002 0.0002
22.595298 2.0031035815 2.2554654536 -4.46257701832 2.03226893073 20.3472646412 15.0720890986 0.0002 0.0002
22.861798 2.01531245148 2.27408161005 -8.51110963145 4.134297156 23.7560401257 13.404735478 0.0002 0.0002
23.218798 2.0286352899 2.3040002717 -9.61473289008 3.65245315077 30.2269659059 10.6248656185 0.0002 0.0002
23.355298 2.03297869048 2.31742681096 -7.36544736707 2.67311133613 32.5534258504 9.76462542643 0.0002 0.0002
23.355298 2.03297869048 2.31742681096 -7.36544736707 2.67311133613 32.5534258504 9.76462542643 0.0002 0.0002
23.555298 2.03890174121 2.33891062725 -3.50958575783 1.44365390719 34.7459796215 8.94778871324 0.0002 0.0002
23.555298 2.03890174121 2.33891062725 -3.50958575783 1.44365390719 34.7459796215 8.94778871324 0.0002 0.0002
23.891798 2.04847812213 2.37773232362 3.52680402474 -0.364355406318 34.7400509644 8.59260257427 0.0002 0.0002
27.336298 2.19977858347 2.71421094009 2.19438269322 -0.818440660329 15.0334233144 12.6667436258 0.0002 0.0002
27.336298 2.19977858347 2.71421094009 2.19438269322 -0.818440660329 15.0334233144 12.6667436258 0.0002 0.0002
28.003298 2.24889243029 2.76465007153 1.93636991106 -0.906370654356 12.2782113274 13.8171927727 0.0002 0.0002
28.003298 2.24889243029 2.76465007153 1.93636991106 -0.906370654356 12.2782113274 13.8171927727 0.0002 0.0002
28.805298 2.32353038535 2.81973690981 1.62613565126 -1.01209757371 9.4210818664 15.3558042916 0.0002 0.0002
28.855298 2.32888120868 2.82298384437 1.34162213525 -0.576854363525 9.27276469666 15.4352897955 0.0002 0.0002
28.855298 2.32888120868 2.82298384437 1.34162213525 -0.576854363525 9.27276469666 15.4352897955 0.0002 0.0002
29.055298 2.3509160118 2.83594260283 0.264693244258 1.17202107361 8.95393053804 15.3153398673 0.0002 0.0002
29.055298 2.3509160118 2.83594260283 0.264693244258 1.17202107361 8.95393053804 15.3153398673 0.0002 0.0002
29.305298 2.37870440047 2.85278814638 -1.05842920224 3.19046252551 9.15003226254 14.2115284342 0.0002 0.0002
32.666098 2.63726414857 3.61946947222 -1.83720365869 0.546795083237 18.8816751815 1.65135306277 0.0002 0.0002
32.716098 2.63990077392 3.65023121445 -1.24699275873 0.456917994146 19.0359662641 1.60119382111 0.0002 0.0002
32.716098 2.63990077392 3.65023121445 -1.24699275873 0.456917994146 19.0359662641 1.60119382111 0.0002 0.0002
32.916098 2.65035807444 3.78078017287 1.1547312441 0.120870125986 19.0545756338 1.48660013581 0.0002 0.0002
32.916098 2.65035807444 3.78078017287 1.1547312441 0.120870125986 19.0545756338 1.48660013581 0.0002 0.0002
33.166098 2.66386028207 3.94857526892 3.96662308894 -0.285706213702 17.7571100347 1.52727505424 0.0002 0.0002
36.526898 3.31329762642 4.88220812135 0.799443356374 -2.66585084357 1.73931392528 11.4468680123 0.0002 0.0002
36.576898 3.34269101253 4.88652884822 0.681664238997 -2.20431531012 1.6653109327 11.6905488721 0.0002 0.0002
36.576898 3.34269101253 4.88652884822 0.681664238997 -2.20431531012 1.6653109327 11.6905488721 0.0002 0.0002
36.776898 3.47119461083 4.90319580613 0.259180720186 -0.212384629982 1.47924495571 12.1794396543 0.0002 0.0002
36.776898 3.47119461083 4.90319580613 0.259180720186 -0.212384629982 1.47924495571 12.1794396543 0.0002 0.0002
37.026898 3.64302911539 4.92399806734 -0.225050094563 2.28539965715 1.47086018832 11.6518136014 0.0002 0.0002
37.333412 3.83951642576 4.95197956856 -0.443995568909 2.12169531882 1.67593205081 10.3009772919 0.0002 0.0002
37.333412 3.83951642576 4.95197956856 -0.443995568909 2.12169531882 1.67593205081 10.3009772919 0.0002 0.0002
40.387698 4.62857270201 5.62635583408 -2.62569721078 0.490448887344 11.0516517321 2.32274181304 0.0002 0.0002
40.437698 4.63304700542 5.64809231008 -2.16538556193 0.363742862995 11.2913812981 2.28006344721 0.0002 0.0002
40.437698 4.63304700542 5.64809231008 -2.16538556193 0.363742862995 11.2913812981 2.28006344721 0.0002 0.0002
40.637698 4.65029862571 5.73738199986 -0.176821115189 -0.121890056659 11.7653846524 2.2322512991 0.0002 0.0002
40.637698 4.65029862571 5.73738199986 -0.176821115189 -0.121890056659 11.7653846524 2.2322512991 0.0002 0.0002
40.887698 4.6718589231 5.84549370633 2.31016234155 -0.761476774439 11.2220747838 2.44914019686 0.0002 0.0002
41.194212 4.70100366911 5.95926275229 2.1370808667 -0.95919725879 9.85893247908 2.97655087749 0.0002 0.0002
41.194212 4.70100366911 5.95926275229 2.1370808667 -0.95919725879 9.85893247908 2.97655087749 0.0002 0.0002
44.248498 5.44299161031 0.153335720046 0.412395124774 -2.9294006011 2.072103651 14.8534408806 0.0002 0.0002
44.298498 5.46734197713 0.156671400647 0.297693341071 -2.31884433158 2.03662435317 15.1160391448 0.0002 0.0002
44.298498 5.46734197713 0.156671400647 0.297693341071 -2.31884433158 2.03662435317 15.1160391448 0.0002 0.0002
44.498498 5.56700502015 0.169650842312 -0.145275364136 0.266234791437 2.00648157509 15.5312773846 0.0002 0.0002
44.498498 5.56700502015 0.169650842312 -0.145275364136 0.266234791437 2.00648157509 15.5312773846 0.0002 0.0002
44.748498 5.68672593065 0.186108928215 -0.734364701374 3.40629472543 2.2225786808 14.5965347713 0.0002 0.0002
44.854298 5.73268804936 0.193540576606 -0.807638616783 3.31494558741 2.38572263186 13.8854275462 0.0002 0.0002
44.854298 5.73268804936 0.193540576606 -0.807638616783 3.31494558741 2.38572263186 13.8854275462 0.0002 0.0002
45.055012 5.81130418958 0.208721930136 -0.946647129614 3.14164642967 2.73783234116 12.5894991361 0.0002 0.0002
45.055012 5.81130418958 0.208721930136 -0.946647129614 3.14164642967 2.73783234116 12.5894991361 0.0002 0.0002
48.109298 0.0252495052428 1.00408514017 -3.06195425627 0.504534961177 14.9812474336 1.45301836053 0.0002 0.0002
48.159298 0.0285556330121 1.03906391995 -2.42608537226 0.39960903588 15.2558504524 1.40784422306 0.0002 0.0002
48.159298 0.0285556330121 1.03906391995 -2.42608537226 0.39960903588 15.2558504524 1.40784422306 0.0002 0.0002
48.359298 0.0414067668035 1.18674904898 0.272027743522 0.00622541076216 15.6917795402 1.32761478018 0.0002 0.0002
48.359298 0.0414067668035 1.18674904898 0.272027743522 0.00622541076216 15.6917795402 1.32761478018 0.0002 0.0002
48.609298 0.0577073047973 1.36982470894 3.54735810928 -0.490691848422 14.7190670822 1.44656258659 0.0002 0.0002
48.715098 0.0650832025027 1.44031271918 3.44971872121 -0.58144102545 13.9787763536 1.55999424464 0.0002 0.0002
48.715098 0.0650832025027 1.44031271918 3.44971872121 -0.58144102545 13.9787763536 1.55999424464 0.0002 0.0002
48.915812 0.0801888138092 1.55945371209 3.26448628133 -0.753601992541 12.6311414107 1.82795606896 0.0002 0.0002
48.915812 0.0801888138092 1.55945371209 3.26448628133 -0.753601992541 12.6311414107 1.82795606896 0.0002 0.0002
51.970098 0.934390951285 2.19626247904 0.445784806364 -3.37339349453 1.29891237132 14.4329806072 0.0002 0.0002
52.020098 0.973508616599 2.19968913512 0.346201524377 -2.78949550614 1.25934107442 14.7413434646 0.0002 0.0002
52.020098 0.973508616599 2.19968913512 0.346201524377 -2.78949550614 1.25934107442 14.7413434646 0.0002 0.0002
52.220098 1.13807313505 2.21290553721 -0.0308249574113 -0.269354314221 1.19697087402 15.3601408899 0.0002 0.0002
52.220098 1.13807313505 2.21290553721 -0.0308249574113 -0.269354314221 1.19697087402 15.3601408899 0.0002 0.0002
52.470098 1.33926329699 2.22940071711 -0.514100376547 2.89090427548 1.33084046309 14.692898157 0.0002 0.0002
52.575898 1.4154923827 2.23675442498 -0.614610436746 2.82352442692 1.45025806714 14.0883116003 0.0002 0.0002
52.575898 1.4154923827 2.23675442498 -0.614610436746 2.82352442692 1.45025806714 14.0883116003 0.0002 0.0002
55.830898 2.1716980602 2.82331955054 -3.70686228879 0.750543263868 15.5166517888 2.45472126674 0.0002 0.0002
55.880898 2.17488466279 2.84398639065 -3.05776957874 0.614019226459 15.8551311 2.38654302422 0.0002 0.0002
55.880898 2.17488466279 2.84398639065 -3.05776957874 0.614019226459 15.8551311 2.38654302422 0.0002 0.0002
56.080898 2.18716859122 2.93104048557 -0.253265639933 0.110533288007 16.525201742 2.24330562655 0.0002 0.0002
56.080898 2.18716859122 2.93104048557 -0.253265639933 0.110533288007 16.525201742 2.24330562655 0.0002 0.0002
56.330898 2.20251884248 3.04137856263 3.25491932237 -0.504764778593 15.7607522758 2.34009923077 0.0002 0.0002
56.436698 2.20938156425 3.08555279503 3.17708686508 -0.561495926494 15.0802460212 2.45290961337 0.0002 0.0002
56.436698 2.20938156425 3.08555279503 3.17708686508 -0.561495926494 15.0802460212 2.45290961337 0.0002 0.0002
59.691698 2.81124686785 3.73568382664 0.782524970274 -2.30686347299 2.19170949709 11.7894194587 0.0002 0.0002
59.741698 2.8344538772 3.73988674875 0.655785600695 -1.82376464041 2.11984483884 11.9960972052 0.0002 0.0002
59.741698 2.8344538772 3.73988674875 0.655785600695 -1.82376464041 2.11984483884 11.9960972052 0.0002 0.0002
59.941698 2.93350039333 3.75624566697 0.19446410233 0.22069180831 1.95169529466 12.320393556 0.0002 0.0002
59.941698 2.93350039333 3.75624566697 0.19446410233 0.22069180831 1.95169529466 12.320393556 0.0002 0.0002
60.191698 3.06182356912 3.77699580168 -0.351558567251 2.70219836993 1.99028825722 11.5764571867 0.0002 0.0002
60.498212 3.20689226939 3.80550579176 -0.524597379187 2.48238662714 2.25884232099 9.9873093009 0.0002 0.0002
60.498212 3.20689226939 3.80550579176 -0.524597379187 2.48238662714 2.25884232099 9.9873093009 0.0002 0.0002
62.097498 3.68346402073 4.06528296424 -1.42745515856 1.3354835725 5.38073261587 3.8814429408 0.0002 0.0002
62.097498 3.68346402073 4.06528296424 -1.42745515856 1.3354835725 5.38073261587 3.8814429408 0.0002 0.0002
63.552498 3.87614449308 4.70920137489 -2.2488580027 0.292052976292 10.7297682655 1.5133772623 0.0002 0.0002
63.602498 3.88075848055 4.74253181235 -1.92986049373 0.209019701479 10.9388147423 1.48833686796 0.0002 0.0002
63.602498 3.88075848055 4.74253181235 -1.92986049373 0.209019701479 10.9388147423 1.48833686796 0.0002 0.0002
63.802498 3.89856273738 4.87875336181 -0.55279279915 -0.115008182227 11.4395894074 1.46969204296 0.0002 0.0002
63.802498 3.89856273738 4.87875336181 -0.55279279915 -0.115008182227 11.4395894074 1.46969204296 0.0002 0.0002
64.052498 3.9204388642 5.04199739681 1.22981153175 -0.540556121639 11.268061175 1.631450374 0.0002 0.0002
68.445984 4.56337337244 5.87344824079 0.250197204687 -4.02044539348 4.76566351153 21.6701466767 0.0002 0.0002
68.445984 4.56337337244 5.87344824079 0.250197204687 -4.02044539348 4.76566351153 21.6701466767 0.0002 0.0002
68.646698 4.60591291973 5.88237771161 0.205444061046 -4.17942222767 4.67420993052 23.3159749064 0.0002 0.0002
68.646698 4.60591291973 5.88237771161 0.205444061046 -4.17942222767 4.67420993052 23.3159749064 0.0002 0.0002
68.752498 4.62864959041 5.8868308894 0.18185386506 -4.26322180844 4.63323380994 24.2092066454 0.0002 0.0002
68.802498 4.63945698249 5.88887912883 0.042561062224 -3.62005706359 4.62201824818 24.6035529166 0.0002 0.0002
68.802498 4.63945698249 5.88887912883 0.042561062224 -3.62005706359 4.62201824818 24.6035529166 0.0002 0.0002
69.002498 4.68246300014 5.896832733 -0.519985105169 -0.883871091239 4.71680297087 25.5110613235 0.0002 0.0002
69.002498 4.68246300014 5.896832733 -0.519985105169 -0.883871091239 4.71680297087 25.5110613235 0.0002 0.0002
69.252498 4.7334268575 5.90666081511 -1.29477998366 2.61665643287 5.1653222964 25.0727877685 0.0002 0.0002
69.7 4.81116757497 5.92538112841 -1.52665691 2.47660422174 6.42792094919 22.793543439 0.0002 0.0002
69.7 4.81116757497 5.92538112841 -1.52665691 2.47660422174 6.42792094919 22.793543439 0.0002 0.0002
70.002498 4.8550450242 5.93910249755 -1.68339879376 2.38193310572 7.39895637947 21.3238456145 0.0002 0.0002
70.002498 4.8550450242 5.93910249755 -1.68339879376 2.38193310572 7.39895637947 21.3238456145 0.0002 0.0002
70.251298 4.88685915345 5.95110314432 -1.81231660702 2.304067554 8.26869037118 20.1579686504 0.0002 0.0002
70.251298 4.88685915345 5.95110314432 -1.81231660702 2.304067554 8.26869037118 20.1579686504 0.0002 0.0002
71.491298 5.00502011664 6.02272787901 -2.21258848609 1.91564317572 13.3026075026 14.9208288121 0.0002 0.0002
71.491298 5.00502011664 6.02272787901 -2.21258848609 1.91564317572 13.3026075026 14.9208288121 0.0002 0.0002
71.491298 5.00502011664 6.02272787901 -2.21258848609 1.91564317572 13.3026075026 14.9208288121 0.0002 0.0002
71.491298 5.00502011664 6.02272787901 -2.21258848609 1.91564317572 13.3026075026 14.9208288121 0.0002 0.0002
72.731298 5.08269191272 6.12135319679 -2.41137316664 1.52721879743 19.0857599598 10.647846432 0.0002 0.0002
72.731298 5.08269191272 6.12135319679 -2.41137316664 1.52721879743 19.0857599598 10.647846432 0.0002 0.0002
73.630098 5.12495702499 6.21795533172 -2.73229676844 1.24592636218 23.7088904974 8.15534356253 0.0002 0.0002
73.680098 5.12705459543 6.22413118103 -2.23838566248 1.05865548387 23.9575131099 8.04015546272 0.0002 0.0002
73.680098 5.12705459543 6.22413118103 -2.23838566248 1.05865548387 23.9575131099 8.04015546272 0.0002 0.0002
73.880098 5.13529550677 6.24952526827 -0.188821590431 0.347070176376 24.4457378762 7.76060041723 0.0002 0.0002
73.880098 5.13529550677 6.24952526827 -0.188821590431 0.347070176376 24.4457378762 7.76060041723 0.0002 0.0002
74.130098 5.14559378287 0.0 2.37463530752 -0.514398478362 23.8943699033 7.80206422373 0.0002 0.0002
74.436612 5.15882391998 0.037106025636 2.2894724173 -0.564080122782 22.4647555882 8.13263301368 0.0002 0.0002
74.436612 5.15882391998 0.037106025636 2.2894724173 -0.564080122782 22.4647555882 8.13263301368 0.0002 0.0002
75.985612 5.24051980244 0.20742861878 1.85909299919 -0.815151418733 16.038627758 10.2690626715 0.0002 0.0002
75.985612 5.24051980244 0.20742861878 1.85909299919 -0.815151418733 16.038627758 10.2690626715 0.0002 0.0002
78.030098 5.40605509038 0.377074896996 1.29104606892 -1.14653408469 9.59821253523 14.2797012196 0.0002 0.0002
78.080098 5.41129780933 0.380563546661 1.08233938924 -0.858908453186 9.47958390665 14.3800077181 0.0002 0.0002
78.080098 5.41129780933 0.380563546661 1.08233938924 -0.858908453186 9.47958390665 14.3800077181 0.0002 0.0002
78.280098 5.43276519085 0.394381628419 0.283700122571 0.31488735085 9.20786401436 14.4894123827 0.0002 0.0002
78.280098 5.43276519085 0.394381628419 0.283700122571 0.31488735085 9.20786401436 14.4894123827 0.0002 0.0002
78.530098 5.45988621988 0.411879050978 -0.694232917795 1.74421704771 9.30962699702 13.970180886 0.0002 0.0002
78.635898 5.47116136111 0.419553551542 -0.711074763194 1.71360365663 9.45830854967 13.6043434555 0.0002 0.0002
78.635898 5.47116136111 0.419553551542 -0.711074763194 1.71360365663 9.45830854967 13.6043434555 0.0002 0.0002
78.836612 5.49206377913 0.434688742456 -0.743025558634 1.65552675513 9.75016684167 12.928111814 0.0002 0.0002
78.836612 5.49206377913 0.434688742456 -0.743025558634 1.65552675513 9.75016684167 12.928111814 0.0002 0.0002
83.821298 5.84688408204 1.2520468999 -1.53651621059 0.213200271649 21.1129667851 3.61309436582 0.0002 0.0002
83.871298 5.84924440448 1.26592137044 -1.16484329848 0.134531446154 21.2480749835 3.59571295391 0.0002 0.0002
83.871298 5.84924440448 1.26592137044 -1.16484329848 0.134531446154 21.2480749835 3.59571295391 0.0002 0.0002
84.071298 5.85859878174 1.32163738627 0.349980226305 -0.178127906729 21.411828308 3.60439095157 0.0002 0.0002
84.071298 5.85859878174 1.32163738627 0.349980226305 -0.178127906729 21.411828308 3.60439095157 0.0002 0.0002
84.271298 5.86801481047 1.37627008898 1.84489514849 -0.501017041472 20.9707503505 3.73957665684 0.0002 0.0002
84.271298 5.86801481047 1.37627008898 1.84489514849 -0.501017041472 20.9707503505 3.73957665684 0.0002 0.0002
84.321298 5.87041032962 1.38954690922 2.20545280468 -0.585482949085 20.7681726437 3.79388549008 0.0002 0.0002
84.427098 5.87556250445 1.41697899807 2.17557951992 -0.622929311761 20.3046594238 3.92173550728 0.0002 0.0002
84.427098 5.87556250445 1.41697899807 2.17557951992 -0.622929311761 20.3046594238 3.92173550728 0.0002 0.0002
84.627812 5.88566454148 1.46653700279 2.11890667986 -0.69396909662 19.4426959207 4.18605545442 0.0002 0.0002
84.627812 5.88566454148 1.46653700279 2.11890667986 -0.69396909662 19.4426959207 4.18605545442 0.0002 0.0002
89.612498 0.113956550765 2.04431394783 0.711449739099 -2.45822580533 5.33425790406 19.8987572514 0.0002 0.0002
89.662498 0.123389105285 2.04681214401 0.581885826223 -2.03472415003 5.26961473699 20.1234868447 0.0002 0.0002
89.662498 0.123389105285 2.04681214401 0.581885826223 -2.03472415003 5.26961473699 20.1234868447 0.0002 0.0002
89.862498 0.161950228772 2.05660966094 0.0836175861982 -0.270653485334 5.13728654372 20.5872761607 0.0002 0.0002
89.862498 0.161950228772 2.05660966094 0.0836175861982 -0.270653485334 5.13728654372 20.5872761607 0.0002 0.0002
90.112498 0.210331929012 2.06882408192 -0.534967405934 1.94630834943 5.24910473213 20.1644945216 0.0002 0.0002
90.218298 0.23027008885 2.0741250119 -0.560891620102 1.92118584053 5.36504661709 19.7553136363 0.0002 0.0002
90.218298 0.23027008885 2.0741250119 -0.560891620102 1.92118584053 5.36504661709 19.7553136363 0.0002 0.0002
90.419012 0.26689622259 2.08448690534 -0.610072647726 1.87352573419 5.60007553914 18.9936618973 0.0002 0.0002
90.419012 0.26689622259 2.08448690534 -0.610072647726 1.87352573419 5.60007553914 18.9936618973 0.0002 0.0002
95.297898 0.784106486936 2.54426338047 -1.80554793664 0.715020470109 17.3856129895 6.36444006082 0.0002 0.0002
95.297898 0.784106486936 2.54426338047 -1.80554793664 0.715020470109 17.3856129895 6.36444006082 0.0002 0.0002
95.403698 0.790125767211 2.56108537723 -1.83147215081 0.689897961212 17.7704097148 6.21579969079 0.0002 0.0002
95.453698 0.792926109846 2.56917087282 -1.41539174378 0.531136329771 17.9328175425 6.15477225929 0.0002 0.0002
95.453698 0.792926109846 2.56917087282 -1.41539174378 0.531136329771 17.9328175425 6.15477225929 0.0002 0.0002
95.653698 0.803974424117 2.60201228552 0.296204454219 -0.0859609178739 18.1580911402 6.06629976254 0.0002 0.0002
95.653698 0.803974424117 2.60201228552 0.296204454219 -0.0859609178739 18.1580911402 6.06629976254 0.0002 0.0002
95.903698 0.817937628715 2.64265339217 2.38887036321 -0.872184366773 17.480063696 6.3034811921 0.0002 0.0002
101.194898 1.64783458045 3.0939165145 0.358757648073 -2.35013679118 2.94181436267 23.3534269031 0.0002 0.0002
101.244898 1.66492837056 3.09604743822 0.2875225902 -1.94217516586 2.90950998622 23.5681065413 0.0002 0.0002
101.244898 1.66492837056 3.09604743822 0.2875225902 -1.94217516586 2.90950998622 23.5681065413 0.0002 0.0002
101.444898 1.73460204543 3.10443511263 0.0103765060611 -0.25576950044 2.85021289966 24.009805551 0.0002 0.0002
101.444898 1.73460204543 3.10443511263 0.0103765060611 -0.25576950044 2.85021289966 24.009805551 0.0002 0.0002
101.694898 1.82152563944 3.11489741857 -0.337069132289 1.86131556763 2.93128240294 23.605398777 0.0002 0.0002
101.800698 1.85717011994 3.11941711902 -0.377263325232 1.84130558418 3.00685877694 23.2136614591 0.0002 0.0002
101.800698 1.85717011994 3.11941711902 -0.377263325232 1.84130558418 3.00685877694 23.2136614591 0.0002 0.0002
102.001412 1.92219066015 3.12820314961 -0.453516040188 1.80334448948 3.17360782649 22.4821291643 0.0002 0.0002
102.001412 1.92219066015 3.12820314961 -0.453516040188 1.80334448948 3.17360782649 22.4821291643 0.0002 0.0002
104.444898 2.44076641508 3.26256948209 -1.38181422296 1.34120730205 7.65821162987 14.7984608854 0.0002 0.0002
104.444898 2.44076641508 3.26256948209 -1.38181422296 1.34120730205 7.65821162987 14.7984608854 0.0002 0.0002
106.986098 2.66446748061 3.4820789037 -2.3472346682 0.86058943859 17.1344706721 9.20325500808 0.0002 0.0002
107.036098 2.66736686135 3.48753504921 -1.95183347386 0.63326790219 17.3495096577 9.1285918498 0.0002 0.0002
107.036098 2.66736686135 3.48753504921 -1.95183347386 0.63326790219 17.3495096577 9.1285918498 0.0002 0.0002
107.236098 2.67871114286 3.50960655411 -0.296546680048 -0.256439560057 17.8020708071 9.05370239413 0.0002 0.0002
107.236098 2.67871114286 3.50960655411 -0.296546680048 -0.256439560057 17.8020708071 9.05370239413 0.0002 0.0002
107.486098 2.69283549313 3.53675106408 1.78919245447 -1.4043882579 17.4251521481 9.46482743167 0.0002 0.0002
107.792612 2.71099541691 3.56771690324 1.71529183309 -1.50064500679 16.3509786512 10.3552607978 0.0002 0.0002
107.792612 2.71099541691 3.56771690324 1.71529183309 -1.50064500679 16.3509786512 10.3552607978 0.0002 0.0002
112.046858 3.15026624351 3.8165939232 0.689591790387 -2.83663582274 6.12001211552 28.8071204177 0.0002 0.0002
112.046858 3.15026624351 3.8165939232 0.689591790387 -2.83663582274 6.12001211552 28.8071204177 0.0002 0.0002
112.777298 3.27959730005 3.84024433743 0.513482477669 -3.06602103733 5.24123854716 33.1186570946 0.0002 0.0002
112.827298 3.28918082413 3.84174754963 0.408479417883 -2.48384597993 5.195154198 33.3962332482 0.0002 0.0002
112.827298 3.28918082413 3.84174754963 0.408479417883 -2.48384597993 5.195154198 33.3962332482 0.0002 0.0002
113.027298 3.32808510031 3.84767631121 -0.000596149105306 -0.08752799114 5.11396466169 33.9129766195 0.0002 0.0002
113.027298 3.32808510031 3.84767631121 -0.000596149105306 -0.08752799114 5.11396466169 33.9129766195 0.0002 0.0002
113.227298 3.36698757289 3.85359892598 -0.409706021671 2.31377897294 5.19563568265 33.4655891719 0.0002 0.0002
113.227298 3.36698757289 3.85359892598 -0.409706021671 2.31377897294 5.19563568265 33.4655891719 0.0002 0.0002
113.277298 3.37657009976 3.85509862864 -0.514728522263 2.89873940425 5.24184362736 33.2048854834 0.0002 0.0002
113.383098 3.39654364586 3.85831459908 -0.540259850226 2.86877981844 5.35346139717 32.5946819497 0.0002 0.0002
113.383098 3.39654364586 3.85831459908 -0.540259850226 2.86877981844 5.35346139717 32.5946819497 0.0002 0.0002
113.583812 3.43327514158 3.86458313145 -0.588695530385 2.81194325598 5.58005854743 31.4544812985 0.0002 0.0002
113.583812 3.43327514158 3.86458313145 -0.588695530385 2.81194325598 5.58005854743 31.4544812985 0.0002 0.0002
115.622798 3.72539018664 3.94369099527 -1.08073730996 2.23455973949 8.98400873683 21.1647323418 0.0002 0.0002
115.622798 3.72539018664 3.94369099527 -1.08073730996 2.23455973949 8.98400873683 21.1647323418 0.0002 0.0002
117.267498 3.87704855297 4.03745425225 -1.47763121451 1.76882693428 13.191757449 14.5803622794 0.0002 0.0002
117.267498 3.87704855297 4.03745425225 -1.47763121451 1.76882693428 13.191757449 14.5803622794 0.0002 0.0002
118.462698 3.95678382396 4.13303688502 -1.76605317275 1.430379893 17.0686090287 10.7566702795 0.0002 0.0002
118.462698 3.95678382396 4.13303688502 -1.76605317275 1.430379893 17.0686090287 10.7566702795 0.0002 0.0002
118.568498 3.96291514065 4.14301266415 -1.79158450071 1.40042030718 17.4450070945 10.4571716183 0.0002 0.0002
118.618498 3.96576776962 4.14782433916 -1.38317694016 1.1397198545 17.6038083643 10.3302151267 0.0002 0.0002
118.618498 3.96576776962 4.14782433916 -1.38317694016 1.1397198545 17.6038083643 10.3302151267 0.0002 0.0002
118.818498 3.97702334716 4.16749143253 0.296566341543 0.139265206011 17.8225248214 10.0760344182 0.0002 0.0002
118.818498 3.97702334716 4.16749143253 0.296566341543 0.139265206011 17.8225248214 10.0760344182 0.0002 0.0002
119.068498 3.99125059991 4.19213821086 2.34966371349 -1.1050982649 17.1543063459 10.3151188966 0.0002 0.0002
122.440498 4.34147371407 4.42782039243 1.06785491663 -1.83121966878 5.63043352514 20.2163829689 0.0002 0.0002
122.440498 4.34147371407 4.42782039243 1.06785491663 -1.83121966878 5.63043352514 20.2163829689 0.0002 0.0002
124.359698 4.83345726732 4.50851835967 0.33830348041 -2.24449730766 2.93173432954 28.0384989901 0.0002 0.0002
124.409698 4.8506041649 4.51029503894 0.267389627571 -1.74972714497 2.90145870448 28.2382698057 0.0002 0.0002
124.409698 4.8506041649 4.51029503894 0.267389627571 -1.74972714497 2.90145870448 28.2382698057 0.0002 0.0002
124.609698 4.92037643887 4.51732398091 -0.00918485630303 0.273963328486 2.85006280948 28.5348393355 0.0002 0.0002
124.609698 4.92037643887 4.51732398091 -0.00918485630303 0.273963328486 2.85006280948 28.5348393355 0.0002 0.0002
124.859698 5.00715739702 4.52617229269 -0.357501262374 2.768090188 2.94105678704 27.7686034273 0.0002 0.0002
124.965498 5.04265917355 4.53002294345 -0.398072392204 2.73508623063 3.02099647969 27.1863673622 0.0002 0.0002
124.965498 5.04265917355 4.53002294345 -0.398072392204 2.73508623063 3.02099647969 27.1863673622 0.0002 0.0002
125.166212 5.10729676413 4.53755784633 -0.47504019705 2.67247416729 3.19624239993 26.1009942845 0.0002 0.0002
125.166212 5.10729676413 4.53755784633 -0.47504019705 2.67247416729 3.19624239993 26.1009942845 0.0002 0.0002
129.341898 5.7857695658 4.81007267067 -2.07629065864 1.36988283677 13.8497989354 9.22138073569 0.0002 0.0002
129.341898 5.7857695658 4.81007267067 -2.07629065864 1.36988283677 13.8497989354 9.22138073569 0.0002 0.0002
130.150898 5.83781685783 4.90945885561 -2.38651791793 1.11751798309 17.4602110738 7.20907347242 0.0002 0.0002
130.200898 5.8406621908 4.91644582103 -1.98342972961 0.932315675986 17.6787954456 7.10662255508 0.0002 0.0002
130.200898 5.8406621908 4.91644582103 -1.98342972961 0.932315675986 17.6787954456 7.10662255508 0.0002 0.0002
130.400898 5.85179586634 4.94515149634 -0.296263417318 0.227491480958 18.1376593745 6.87612681748 0.0002 0.0002
130.400898 5.85179586634 4.94515149634 -0.296263417318 0.227491480958 18.1376593745 6.87612681748 0.0002 0.0002
130.650898 5.86566004613 4.98143307912 1.82900874864 -0.635105680095 17.7506148896 6.97702854921 0.0002 0.0002
130.756698 5.87168602335 4.99645135006 1.8031093707 -0.656386287584 17.3663367925 7.11366839939 0.0002 0.0002
130.756698 5.87168602335 4.99645135006 1.8031093707 -0.656386287584 17.3663367925 7.11366839939 0.0002 0.0002
135.061658 0.00989463018953 5.40518070333 0.749273963778 -1.52228575842 6.37842863295 16.4927644106 0.0002 0.0002
135.061658 0.00989463018953 5.40518070333 0.749273963778 -1.52228575842 6.37842863295 16.4927644106 0.0002 0.0002
135.792098 0.134511152365 5.44664810466 0.570465441833 -1.66920642888 5.41443818152 18.8239579638 0.0002 0.0002
135.842098 0.143791576915 5.44929334879 0.462277860742 -1.33957334127 5.36281641367 18.9744418427 0.0002 0.0002
135.842098 0.143791576915 5.44929334879 0.462277860742 -1.33957334127 5.36281641367 18.9744418427 0.0002 0.0002
136.042098 0.181538480627 5.45973589975 0.0422865744325 0.0148671280066 5.26238240309 19.2406548332 0.0002 0.0002
136.042098 0.181538480627 5.45973589975 0.0422865744325 0.0148671280066 5.26238240309 19.2406548332 0.0002 0.0002
136.242098 0.21940621474 5.47018169403 -0.375271318375 1.36846019141 5.32866331978 18.9626613439 0.0002 0.0002
136.242098 0.21940621474 5.47018169403 -0.375271318375 1.36846019141 5.32866331978 18.9626613439 0.0002 0.0002
136.292098 0.228753455667 5.47282878972 -0.482079907082 1.69762016738 5.37151809872 18.8093115807 0.0002 0.0002
136.397898 0.248262196158 5.47850783144 -0.50635386973 1.67578489052 5.47609439231 18.4524053256 0.0002 0.0002
136.397898 0.248262196158 5.47850783144 -0.50635386973 1.67578489052 5.47609439231 18.4524053256 0.0002 0.0002
139.002498 0.614302235033 5.66132865638 -1.10393386136 1.13824082534 9.67024981671 11.122993946 0.0002 0.0002
139.002498 0.614302235033 5.66132865638 -1.10393386136 1.13824082534 9.67024981671 11.122993946 0.0002 0.0002
141.496798 0.81243615639 5.95379695091 -1.67620744392 0.623460758608 16.6047562745 6.7287816852 0.0002 0.0002
141.633298 0.820567859702 5.97428029772 -0.635080298392 0.178193676482 16.9211574453 6.61966944699 0.0002 0.0002
141.633298 0.820567859702 5.97428029772 -0.635080298392 0.178193676482 16.9211574453 6.61966944699 0.0002 0.0002
141.833298 0.832371192124 6.00446050626 0.919598832049 -0.467325024975 16.8638998176 6.67714134743 0.0002 0.0002
141.833298 0.832371192124 6.00446050626 0.919598832049 -0.467325024975 16.8638998176 6.67714134743 0.0002 0.0002
142.169798 0.853064845385 6.05283525753 3.32589918352 -1.65784018759 15.409788166 7.38001856097 0.0002 0.0002
147.464298 2.81754831609 0.0863053390279 -0.818231092044 -4.34700473544 2.13293945569 39.1726700059 0.0002 0.0002
147.774298 2.94573300826 0.094020723625 -1.2910480248 -1.03399099212 2.7811830878 40.85545217 0.0002 0.0002
147.774298 2.94573300826 0.094020723625 -1.2910480248 -1.03399099212 2.7811830878 40.85545217 0.0002 0.0002
147.974298 3.01122455233 0.0989089728739 -1.66463003328 1.18266875593 3.37018620508 40.8256084107 0.0002 0.0002
147.974298 3.01122455233 0.0989089728739 -1.66463003328 1.18266875593 3.37018620508 40.8256084107 0.0002 0.0002
148.484298 3.12932735437 0.111899868179 -2.9928345897 6.38578933563 5.69107032799 36.872110702 0.0002 0.0002
148.795099 3.17623287909 0.120808321355 -3.5366099569 6.03363322464 7.72042822251 33.0121417509 0.0002 0.0002
148.795099 3.17623287909 0.120808321355 -3.5366099569 6.03363322464 7.72042822251 33.0121417509 0.0002 0.0002
149.451742 3.24152492533 0.143408208116 -4.68546819237 5.2896174551 13.1193982847 25.5768084548 0.0002 0.0002
149.761742 3.26303732297 0.156188479098 -3.32629233759 2.16941056805 15.6344493634 23.2928872358 0.0002 0.0002
149.761742 3.26303732297 0.156188479098 -3.32629233759 2.16941056805 15.6344493634 23.2928872358 0.0002 0.0002
149.961742 3.27536824398 0.164891614935 -2.17280116615 0.357461338788 16.7400057954 22.790116779 0.0002 0.0002
149.961742 3.27536824398 0.164891614935 -2.17280116615 0.357461338788 16.7400057954 22.790116779 0.0002 0.0002
150.471742 3.30487365734 0.18671007863 1.18963188619 -4.42514311138 17.2590390811 24.7974156585 0.0002 0.0002
150.968217 3.33465022649 0.205099790661 1.12015534454 -4.83721809335 16.1122874657 29.3959464376 0.0002 0.0002
150.968217 3.33465022649 0.205099790661 1.12015534454 -4.83721809335 16.1122874657 29.3959464376 0.0002 0.0002
150.968217 3.33465022649 0.205099790661 1.12015534454 -4.83721809335 16.1122874657 29.3959464376 0.0002 0.0002
153.973287 3.56618522655 0.273395969537 0.699626876779 -7.33143062383 10.6437145059 65.9635876382 0.0002 0.0002
154.283287 3.59568401747 0.277971913618 -0.0903087543413 -2.58385744668 10.4562179994 69.0603883474 0.0002 0.0002
154.283287 3.59568401747 0.277971913618 -0.0903087543413 -2.58385744668 10.4562179994 69.0603883474 0.0002 0.0002
154.483287 3.61471733293 0.280855275424 -0.599836239245 0.628215394206 10.5938213773 69.4527318181 0.0002 0.0002
154.483287 3.61471733293 0.280855275424 -0.599836239245 0.628215394206 10.5938213773 69.4527318181 0.0002 0.0002
154.993287 3.66058111012 0.288385150747 -2.04710107794 8.43917386208 11.9172319413 64.7329925039 0.0002 0.0002
155.304088 3.68533422185 0.293389143041 -2.18247234302 8.0924273226 13.2317875901 59.5949543241 0.0002 0.0002
155.304088 3.68533422185 0.293389143041 -2.18247234302 8.0924273226 13.2317875901 59.5949543241 0.0002 0.0002
155.960731 3.7300808623 0.305485632376 -2.46847719375 7.35984059371 16.2858010468 49.4483307627 0.0002 0.0002
156.270731 3.74831225401 0.312037204613 -2.08435447981 5.69009167682 17.7014620699 45.4150400763 0.0002 0.0002
156.270731 3.74831225401 0.312037204613 -2.08435447981 5.69009167682 17.7014620699 45.4150400763 0.0002 0.0002
156.470731 3.75936394062 0.316548367463 -1.79552560807 4.72621552603 18.4784161982 43.3343966481 0.0002 0.0002
156.470731 3.75936394062 0.316548367463 -1.79552560807 4.72621552603 18.4784161982 43.3343966481 0.0002 0.0002
156.980731 3.78586135051 0.328902960256 -0.947678224356 2.56055161319 19.8890133686 39.6482633258 0.0002 0.0002
157.477206 3.81024192643 0.341839019142 -0.995058967161 2.46593017027 20.8535338157 37.1527407823 0.0002 0.0002
157.477206 3.81024192643 0.341839019142 -0.995058967161 2.46593017027 20.8535338157 37.1527407823 0.0002 0.0002
157.477206 3.81024192643 0.341839019142 -0.995058967161 2.46593017027 20.8535338157 37.1527407823 0.0002 0.0002
158.548502 3.85907709359 0.37287121478 -1.09729734823 2.26175559286 23.095066767 32.087989935 0.0002 0.0002
158.548502 3.85907709359 0.37287121478 -1.09729734823 2.26175559286 23.095066767 32.087989935 0.0002 0.0002
158.813005 3.8703872612 0.381270671421 -1.1225400062 2.21134488634 23.6822204067 30.904841439 0.0002 0.0002
158.813005 3.8703872612 0.381270671421 -1.1225400062 2.21134488634 23.6822204067 30.904841439 0.0002 0.0002
165.740498 4.08713764535 0.799521052188 -1.78366043344 0.891058097467 43.8149036089 9.41296648548 0.0002 0.0002
165.740498 4.08713764535 0.799521052188 -1.78366043344 0.891058097467 43.8149036089 9.41296648548 0.0002 0.0002
168.065698 4.13557949126 1.10626239723 -2.00556426177 0.447906319257 52.6256088702 6.29960642371 0.0002 0.0002
168.065698 4.13557949126 1.10626239723 -2.00556426177 0.447906319257 52.6256088702 6.29960642371 0.0002 0.0002
168.277698 4.13957564057 1.140417031 -2.02579633282 0.407501976843 53.4802573163 6.11825986494 0.0002 0.0002
168.277698 4.13957564057 1.140417031 -2.02579633282 0.407501976843 53.4802573163 6.11825986494 0.0002 0.0002
