0.0 0.0 0.0 -1.25496218107 0.769129356329 5.79591993221 9.76354123194 0.0002 0.0002
0.0 0.0 0.0 -1.25496218107 0.769129356329 5.79591993221 9.76354123194 0.0002 0.0002
0.0 0.0 0.0 -1.25496218107 0.769129356329 5.79591993221 9.76354123194 0.0002 0.0002
0.423 0.0667594163758 0.0447878985559 -1.4428866926 0.700175904917 6.93711000577 9.14202510643 0.0002 0.0002
0.423 0.0667594163758 0.0447878985559 -1.4428866926 0.700175904917 6.93711000577 9.14202510643 0.0002 0.0002
0.877 0.126486659391 0.0961923158198 -1.64458344965 0.626169127279 8.33882145036 8.53986446181 0.0002 0.0002
0.877 0.126486659391 0.0961923158198 -1.64458344965 0.626169127279 8.33882145036 8.53986446181 0.0002 0.0002
1.357 0.179022448202 0.154383895826 -1.85783112231 0.547924076032 10.0199804449 7.97629972422 0.0002 0.0002
1.357 0.179022448202 0.154383895826 -1.85783112231 0.547924076032 10.0199804449 7.97629972422 0.0002 0.0002
1.89 0.227394322413 0.223635578898 -2.09462489216 0.461039467042 12.1266395006 7.43852215576 0.0002 0.0002
1.89 0.227394322413 0.223635578898 -2.09462489216 0.461039467042 12.1266395006 7.43852215576 0.0002 0.0002
2.475 0.271179996266 0.30505861889 -2.3545204932 0.365678310835 14.729389551 6.95489225571 0.0002 0.0002
2.475 0.271179996266 0.30505861889 -2.3545204932 0.365678310835 14.729389551 6.95489225571 0.0002 0.0002
3.06 0.307484137912 0.391624494297 -2.61441609425 0.270317154627 17.6362174547 6.58283490841 0.0002 0.0002
3.06 0.307484137912 0.391624494297 -2.61441609425 0.270317154627 17.6362174547 6.58283490841 0.0002 0.0002
3.645 0.337998020731 0.482428938122 -2.8743116953 0.174955998419 20.8471232116 6.32235011388 0.0002 0.0002
3.645 0.337998020731 0.482428938122 -2.8743116953 0.174955998419 20.8471232116 6.32235011388 0.0002 0.0002
4.6635 0.380811662332 0.646702367221 -3.32679660072 0.00892978030411 27.1629520111 6.13506244825 0.0002 0.0002
5.0 0.393012521176 0.700154293621 2.95767002299 -1.53097501429 27.2904668731 6.63442543722 0.0002 0.0002
5.0 0.393012521176 0.700154293621 2.95767002299 -1.53097501429 27.2904668731 6.63442543722 0.0002 0.0002
5.3365 0.40616238419 0.746093615405 8.35066556162 -3.55674282081 23.383999719 8.30363863041 0.0002 0.0002
5.7585 0.427407908084 0.789108157882 7.07416940936 -4.25047207404 16.8747193613 11.598283316 0.0002 0.0002
6.025 0.444839792891 0.810381711869 3.5266368738 -2.00462090205 14.0984795228 13.2953539966 0.0002 0.0002
6.025 0.444839792891 0.810381711869 3.5266368738 -2.00462090205 14.0984795228 13.2953539966 0.0002 0.0002
6.2915 0.464715101572 0.829983634169 0.740062401505 0.658759508858 12.9810757905 13.6604999535 0.0002 0.0002
6.973 0.519282589956 0.881521585913 0.658809325174 0.587221385729 12.0277447088 12.8113639738 0.0002 0.0002
6.973 0.519282589956 0.881521585913 0.658809325174 0.587221385729 12.0277447088 12.8113639738 0.0002 0.0002
7.482 0.562787632981 0.922178592962 0.598122874914 0.533790857962 11.3879662189 12.2407687418 0.0002 0.0002
7.482 0.562787632981 0.922178592962 0.598122874914 0.533790857962 11.3879662189 12.2407687418 0.0002 0.0002
7.992 0.608771932377 0.964764560211 0.537317197836 0.480255358629 10.8088917818 11.7236051713 0.0002 0.0002
7.992 0.608771932377 0.964764560211 0.537317197836 0.480255358629 10.8088917818 11.7236051713 0.0002 0.0002
8.498 0.656756286595 1.00881042157 0.476988428029 0.427139745564 10.2956531351 11.2644632486 0.0002 0.0002
8.498 0.656756286595 1.00881042157 0.476988428029 0.427139745564 10.2956531351 11.2644632486 0.0002 0.0002
8.9873 0.705345246495 1.053040216 0.41865074608 0.375777157674 9.85741688723 10.8715960079 0.0002 0.0002
8.9873 0.705345246495 1.053040216 0.41865074608 0.375777157674 9.85741688723 10.8715960079 0.0002 0.0002
9.4566 0.753884123975 1.09689140452 0.362697600486 0.32651400113 9.49073010819 10.542010767 0.0002 0.0002
9.4566 0.753884123975 1.09689140452 0.362697600486 0.32651400113 9.49073010819 10.542010767 0.0002 0.0002
9.9277 0.804389090118 1.14220992919 0.306529846621 0.277061895765 9.17545705786 10.257666162 0.0002 0.0002
9.9277 0.804389090118 1.14220992919 0.306529846621 0.277061895765 9.17545705786 10.257666162 0.0002 0.0002
16.240021 1.5214050987 1.78048184098 -0.446068099142 -0.38555233304 10.0562672996 10.9424926275 0.0002 0.0002
16.240021 1.5214050987 1.78048184098 -0.446068099142 -0.38555233304 10.0562672996 10.9424926275 0.0002 0.0002
17.480021 1.63872057671 1.88872641104 -0.382727428512 -0.515833917675 11.0930605476 12.0612148883 0.0002 0.0002
17.480021 1.63872057671 1.88872641104 -0.382727428512 -0.515833917675 11.0930605476 12.0612148883 0.0002 0.0002
17.480021 1.63872057671 1.88872641104 -0.382727428512 -0.515833917675 11.0930605476 12.0612148883 0.0002 0.0002
17.480021 1.63872057671 1.88872641104 -0.382727428512 -0.515833917675 11.0930605476 12.0612148883 0.0002 0.0002
18.720021 1.74640654073 1.98613167349 -0.283560979823 -0.64611550231 11.9265632633 13.5033255051 0.0002 0.0002
18.720021 1.74640654073 1.98613167349 -0.729111450256 -0.141660623028 11.9265632633 13.5033255051 0.0002 0.0002
20.0 1.84561306288 2.07939426865 -0.893485736618 -0.238352750845 14.0034535879 13.9897346434 0.0002 0.0002
20.0 1.84561306288 2.07939426865 -0.893485736618 -0.238352750845 14.0034535879 13.9897346434 0.0002 0.0002
22.328798 1.98940176165 2.23815869125 -1.19254885354 -0.414274726029 18.8614067694 15.5095722063 0.0002 0.0002
22.595298 2.0031035815 2.2554654536 -4.46257701832 2.03226893073 20.3472646412 15.0720890986 0.0002 0.0002
22.595298 2.0031035815 2.2554654536 -4.46257701832 2.03226893073 20.3472646412 15.0720890986 0.0002 0.0002
22.861798 2.01531245148 2.27408161005 -8.51110963145 4.134297156 23.7560401257 13.404735478 0.0002 0.0002
23.218798 2.0286352899 2.3040002717 -9.61473289008 3.65245315077 30.2269659059 10.6248656185 0.0002 0.0002
23.355298 2.03297869048 2.31742681096 -7.36544736707 2.67311133613 32.5534258504 9.76462542643 0.0002 0.0002
23.355298 2.03297869048 2.31742681096 -7.36544736707 2.67311133613 32.5534258504 9.76462542643 0.0002 0.0002
23.555298 2.03890174121 2.33891062725 -3.50958575783 1.44365390719 34.7459796215 8.94778871324 0.0002 0.0002
23.555298 2.03890174121 2.33891062725 -3.50958575783 1.44365390719 34.7459796215 8.94778871324 0.0002 0.0002
23.891798 2.04847812213 2.37773232362 3.52680402474 -0.364355406318 34.7400509644 8.59260257427 0.0002 0.0002
27.336298 2.19977858347 2.71421094009 2.19438269322 -0.818440660329 15.0334233144 12.6667436258 0.0002 0.0002
27.336298 2.19977858347 2.71421094009 2.19438269322 -0.818440660329 15.0334233144 12.6667436258 0.0002 0.0002
28.003298 2.24889243029 2.76465007153 1.93636991106 -0.906370654356 12.2782113274 13.8171927727 0.0002 0.0002
28.003298 2.24889243029 2.76465007153 1.93636991106 -0.906370654356 12.2782113274 13.8171927727 0.0002 0.0002
28.805298 2.32353038535 2.81973690981 1.62613565126 -1.01209757371 9.4210818664 15.3558042916 0.0002 0.0002
28.855298 2.32888120868 2.82298384437 1.34162213525 -0.576854363525 9.27276469666 15.4352897955 0.0002 0.0002
28.855298 2.32888120868 2.82298384437 1.34162213525 -0.576854363525 9.27276469666 15.4352897955 0.0002 0.0002
29.055298 2.3509160118 2.83594260283 0.264693244258 1.17202107361 8.95393053804 15.3153398673 0.0002 0.0002
29.055298 2.3509160118 2.83594260283 0.264693244258 1.17202107361 8.95393053804 15.3153398673 0.0002 0.0002
29.305298 2.37870440047 2.85278814638 -1.05842920224 3.19046252551 9.15003226254 14.2115284342 0.0002 0.0002
32.666098 2.63726414857 3.61946947222 -1.83720365869 0.546795083237 18.8816751815 1.65135306277 0.0002 0.0002
32.716098 2.63990077392 3.65023121445 -1.24699275873 0.456917994146 19.0359662641 1.60119382111 0.0002 0.0002
32.716098 2.63990077392 3.65023121445 -1.24699275873 0.456917994146 19.0359662641 1.60119382111 0.0002 0.0002
32.916098 2.65035807444 3.78078017287 1.1547312441 0.120870125986 19.0545756338 1.48660013581 0.0002 0.0002
32.916098 2.65035807444 3.78078017287 1.1547312441 0.120870125986 19.0545756338 1.48660013581 0.0002 0.0002
33.166098 2.66386028207 3.94857526892 3.96662308894 -0.285706213702 17.7571100347 1.52727505424 0.0002 0.0002
36.526898 3.31329762642 4.88220812135 0.799443356374 -2.66585084357 1.73931392528 11.4468680123 0.0002 0.0002
36.576898 3.34269101253 4.88652884822 0.681664238997 -2.20431531012 1.6653109327 11.6905488721 0.0002 0.0002
36.576898 3.34269101253 4.88652884822 0.681664238997 -2.20431531012 1.6653109327 11.6905488721 0.0002 0.0002
36.776898 3.47119461083 4.90319580613 0.259180720186 -0.212384629982 1.47924495571 12.1794396543 0.0002 0.0002
36.776898 3.47119461083 4.90319580613 0.259180720186 -0.212384629982 1.47924495571 12.1794396543 0.0002 0.0002
37.026898 3.64302911539 4.92399806734 -0.225050094563 2.28539965715 1.47086018832 11.6518136014 0.0002 0.0002
37.333412 3.83951642576 4.95197956856 -0.443995568909 2.12169531882 1.67593205081 10.3009772919 0.0002 0.0002
37.333412 3.83951642576 4.95197956856 -0.443995568909 2.12169531882 1.67593205081 10.3009772919 0.0002 0.0002
40.387698 4.62857270201 5.62635583408 -2.62569721078 0.490448887344 11.0516517321 2.32274181304 0.0002 0.0002
40.437698 4.63304700542 5.64809231008 -2.16538556193 0.363742862995 11.2913812981 2.28006344721 0.0002 0.0002
40.437698 4.63304700542 5.64809231008 -2.16538556193 0.363742862995 11.2913812981 2.28006344721 0.0002 0.0002
40.637698 4.65029862571 5.73738199986 -0.176821115189 -0.121890056659 11.7653846524 2.2322512991 0.0002 0.0002
40.637698 4.65029862571 5.73738199986 -0.176821115189 -0.121890056659 11.7653846524 2.2322512991 0.0002 0.0002
40.887698 4.6718589231 5.84549370633 2.31016234155 -0.761476774439 11.2220747838 2.44914019686 0.0002 0.0002
41.194212 4.70100366911 5.95926275229 2.1370808667 -0.95919725879 9.85893247908 2.97655087749 0.0002 0.0002
41.194212 4.70100366911 5.95926275229 2.1370808667 -0.95919725879 9.85893247908 2.97655087749 0.0002 0.0002
44.248498 5.44299161031 0.153335720046 0.412395124774 -2.9294006011 2.072103651 14.8534408806 0.0002 0.0002
44.298498 5.46734197713 0.156671400647 0.297693341071 -2.31884433158 2.03662435317 15.1160391448 0.0002 0.0002
44.298498 5.46734197713 0.156671400647 0.297693341071 -2.31884433158 2.03662435317 15.1160391448 0.0002 0.0002
44.498498 5.56700502015 0.169650842312 -0.145275364136 0.266234791437 2.00648157509 15.5312773846 0.0002 0.0002
44.498498 5.56700502015 0.169650842312 -0.145275364136 0.266234791437 2.00648157509 15.5312773846 0.0002 0.0002
44.748498 5.68672593065 0.186108928215 -0.734364701374 3.40629472543 2.2225786808 14.5965347713 0.0002 0.0002
44.854298 5.73268804936 0.193540576606 -0.807638616783 3.31494558741 2.38572263186 13.8854275462 0.0002 0.0002
44.854298 5.73268804936 0.193540576606 -0.807638616783 3.31494558741 2.38572263186 13.8854275462 0.0002 0.0002
45.055012 5.81130418958 0.208721930136 -0.946647129614 3.14164642967 2.73783234116 12.5894991361 0.0002 0.0002
45.055012 5.81130418958 0.208721930136 -0.946647129614 3.14164642967 2.73783234116 12.5894991361 0.0002 0.0002
48.109298 0.0252495052428 1.00408514017 -3.06195425627 0.504534961177 14.9812474336 1.45301836053 0.0002 0.0002
48.159298 0.0285556330121 1.03906391995 -2.42608537226 0.39960903588 15.2558504524 1.40784422306 0.0002 0.0002
48.159298 0.0285556330121 1.03906391995 -2.42608537226 0.39960903588 15.2558504524 1.40784422306 0.0002 0.0002
48.359298 0.0414067668035 1.18674904898 0.272027743522 0.00622541076216 15.6917795402 1.32761478018 0.0002 0.0002
48.359298 0.0414067668035 1.18674904898 0.272027743522 0.00622541076216 15.6917795402 1.32761478018 0.0002 0.0002
48.609298 0.0577073047973 1.36982470894 3.54735810928 -0.490691848422 14.7190670822 1.44656258659 0.0002 0.0002
48.715098 0.0650832025027 1.44031271918 3.44971872121 -0.58144102545 13.9787763536 1.55999424464 0.0002 0.0002
48.715098 0.0650832025027 1.44031271918 3.44971872121 -0.58144102545 13.9787763536 1.55999424464 0.0002 0.0002
48.915812 0.0801888138092 1.55945371209 3.26448628133 -0.753601992541 12.6311414107 1.82795606896 0.0002 0.0002
48.915812 0.0801888138092 1.55945371209 3.26448628133 -0.753601992541 12.6311414107 1.82795606896 0.0002 0.0002
51.970098 0.934390951285 2.19626247904 0.445784806364 -3.37339349453 1.29891237132 14.4329806072 0.0002 0.0002
52.020098 0.973508616599 2.19968913512 0.346201524377 -2.78949550614 1.25934107442 14.7413434646 0.0002 0.0002
52.020098 0.973508616599 2.19968913512 0.346201524377 -2.78949550614 1.25934107442 14.7413434646 0.0002 0.0002
52.220098 1.13807313505 2.21290553721 -0.0308249574113 -0.269354314221 1.19697087402 15.3601408899 0.0002 0.0002
52.220098 1.13807313505 2.21290553721 -0.0308249574113 -0.269354314221 1.19697087402 15.3601408899 0.0002 0.0002
52.470098 1.33926329699 2.22940071711 -0.514100376547 2.89090427548 1.33084046309 14.692898157 0.0002 0.0002
52.575898 1.4154923827 2.23675442498 -0.614610436746 2.82352442692 1.45025806714 14.0883116003 0.0002 0.0002
52.575898 1.4154923827 2.23675442498 -0.614610436746 2.82352442692 1.45025806714 14.0883116003 0.0002 0.0002
55.830898 2.1716980602 2.82331955054 -3.70686228879 0.750543263868 15.5166517888 2.45472126674 0.0002 0.0002
55.880898 2.17488466279 2.84398639065 -3.05776957874 0.614019226459 15.8551311 2.38654302422 0.0002 0.0002
55.880898 2.17488466279 2.84398639065 -3.05776957874 0.614019226459 15.8551311 2.38654302422 0.0002 0.0002
56.080898 2.18716859122 2.93104048557 -0.253265639933 0.110533288007 16.525201742 2.24330562655 0.0002 0.0002
56.080898 2.18716859122 2.93104048557 -0.253265639933 0.110533288007 16.525201742 2.24330562655 0.0002 0.0002
56.330898 2.20251884248 3.04137856263 3.25491932237 -0.504764778593 15.7607522758 2.34009923077 0.0002 0.0002
56.436698 2.20938156425 3.08555279503 3.17708686508 -0.561495926494 15.0802460212 2.45290961337 0.0002 0.0002
56.436698 2.20938156425 3.08555279503 3.17708686508 -0.561495926494 15.0802460212 2.45290961337 0.0002 0.0002
59.691698 2.81124686785 3.73568382664 0.782524970274 -2.30686347299 2.19170949709 11.7894194587 0.0002 0.0002
59.741698 2.8344538772 3.73988674875 0.655785600695 -1.82376464041 2.11984483884 11.9960972052 0.0002 0.0002
59.741698 2.8344538772 3.73988674875 0.655785600695 -1.82376464041 2.11984483884 11.9960972052 0.0002 0.0002
59.941698 2.93350039333 3.75624566697 0.19446410233 0.22069180831 1.95169529466 12.320393556 0.0002 0.0002
59.941698 2.93350039333 3.75624566697 0.19446410233 0.22069180831 1.95169529466 12.320393556 0.0002 0.0002
60.191698 3.06182356912 3.77699580168 -0.351558567251 2.70219836993 1.99028825722 11.5764571867 0.0002 0.0002
60.498212 3.20689226939 3.80550579176 -0.524597379187 2.48238662714 2.25884232099 9.9873093009 0.0002 0.0002
60.498212 3.20689226939 3.80550579176 -0.524597379187 2.48238662714 2.25884232099 9.9873093009 0.0002 0.0002
62.097498 3.68346402073 4.06528296424 -1.42745515856 1.3354835725 5.38073261587 3.8814429408 0.0002 0.0002
62.097498 3.68346402073 4.06528296424 -1.42745515856 1.3354835725 5.38073261587 3.8814429408 0.0002 0.0002
63.552498 3.87614449308 4.70920137489 -2.2488580027 0.292052976292 10.7297682655 1.5133772623 0.0002 0.0002
63.602498 3.88075848055 4.74253181235 -1.92986049373 0.209019701479 10.9388147423 1.48833686796 0.0002 0.0002
63.602498 3.88075848055 4.74253181235 -1.92986049373 0.209019701479 10.9388147423 1.48833686796 0.0002 0.0002
63.802498 3.89856273738 4.87875336181 -0.55279279915 -0.115008182227 11.4395894074 1.46969204296 0.0002 0.0002
63.802498 3.89856273738 4.87875336181 -0.55279279915 -0.115008182227 11.4395894074 1.46969204296 0.0002 0.0002
64.052498 3.9204388642 5.04199739681 1.22981153175 -0.540556121639 11.268061175 1.631450374 0.0002 0.0002
68.445984 4.56337337244 5.87344824079 0.250197204687 -4.02044539348 4.76566351153 21.6701466767 0.0002 0.0002
68.445984 4.56337337244 5.87344824079 0.250197204687 -4.02044539348 4.76566351153 21.6701466767 0.0002 0.0002
68.646698 4.60591291973 5.88237771161 0.205444061046 -4.17942222767 4.67420993052 23.3159749064 0.0002 0.0002
68.646698 4.60591291973 5.88237771161 0.205444061046 -4.17942222767 4.67420993052 23.3159749064 0.0002 0.0002
68.752498 4.62864959041 5.8868308894 0.18185386506 -4.26322180844 4.63323380994 24.2092066454 0.0002 0.0002
68.802498 4.63945698249 5.88887912883 0.042561062224 -3.62005706359 4.62201824818 24.6035529166 0.0002 0.0002
68.802498 4.63945698249 5.88887912883 0.042561062224 -3.62005706359 4.62201824818 24.6035529166 0.0002 0.0002
69.002498 4.68246300014 5.896832733 -0.519985105169 -0.883871091239 4.71680297087 25.5110613235 0.0002 0.0002
69.002498 4.68246300014 5.896832733 -0.519985105169 -0.883871091239 4.71680297087 25.5110613235 0.0002 0.0002
69.252498 4.7334268575 5.90666081511 -1.29477998366 2.61665643287 5.1653222964 25.0727877685 0.0002 0.0002
69.7 4.81116757497 5.92538112841 -1.52665691 2.47660422174 6.42792094919 22.793543439 0.0002 0.0002
69.7 4.81116757497 5.92538112841 -1.52665691 2.47660422174 6.42792094919 22.793543439 0.0002 0.0002
70.002498 4.8550450242 5.93910249755 -1.68339879376 2.38193310572 7.39895637947 21.3238456145 0.0002 0.0002
70.002498 4.8550450242 5.93910249755 -1.68339879376 2.38193310572 7.39895637947 21.3238456145 0.0002 0.0002
70.251298 4.88685915345 5.95110314432 -1.81231660702 2.304067554 8.26869037118 20.1579686504 0.0002 0.0002
70.251298 4.88685915345 5.95110314432 -1.81231660702 2.304067554 8.26869037118 20.1579686504 0.0002 0.0002
71.491298 5.00502011664 6.02272787901 -2.21258848609 1.91564317572 13.3026075026 14.9208288121 0.0002 0.0002
71.491298 5.00502011664 6.02272787901 -2.21258848609 1.91564317572 13.3026075026 14.9208288121 0.0002 0.0002
71.491298 5.00502011664 6.02272787901 -2.21258848609 1.91564317572 13.3026075026 14.9208288121 0.0002 0.0002
71.491298 5.00502011664 6.02272787901 -2.21258848609 1.91564317572 13.3026075026 14.9208288121 0.0002 0.0002
72.731298 5.08269191272 6.12135319679 -2.41137316664 1.52721879743 19.0857599598 10.647846432 0.0002 0.0002
72.731298 5.08269191272 6.12135319679 -2.41137316664 1.52721879743 19.0857599598 10.647846432 0.0002 0.0002
73.630098 5.12495702499 6.21795533172 -2.73229676844 1.24592636218 23.7088904974 8.15534356253 0.0002 0.0002
73.680098 5.12705459543 6.22413118103 -2.23838566248 1.05865548387 23.9575131099 8.04015546272 0.0002 0.0002
73.680098 5.12705459543 6.22413118103 -2.23838566248 1.05865548387 23.9575131099 8.04015546272 0.0002 0.0002
73.880098 5.13529550677 6.24952526827 -0.188821590431 0.347070176376 24.4457378762 7.76060041723 0.0002 0.0002
73.880098 5.13529550677 6.24952526827 -0.188821590431 0.347070176376 24.4457378762 7.76060041723 0.0002 0.0002
74.130098 5.14559378287 0.0 2.37463530752 -0.514398478362 23.8943699033 7.80206422373 0.0002 0.0002
74.436612 5.15882391998 0.037106025636 2.2894724173 -0.564080122782 22.4647555882 8.13263301368 0.0002 0.0002
74.436612 5.15882391998 0.037106025636 2.2894724173 -0.564080122782 22.4647555882 8.13263301368 0.0002 0.0002
75.985612 5.24051980244 0.20742861878 1.85909299919 -0.815151418733 16.038627758 10.2690626715 0.0002 0.0002
75.985612 5.24051980244 0.20742861878 1.85909299919 -0.815151418733 16.038627758 10.2690626715 0.0002 0.0002
78.030098 5.40605509038 0.377074896996 1.29104606892 -1.14653408469 9.59821253523 14.2797012196 0.0002 0.0002
78.080098 5.41129780933 0.380563546661 1.08233938924 -0.858908453186 9.47958390665 14.3800077181 0.0002 0.0002
78.080098 5.41129780933 0.380563546661 1.08233938924 -0.858908453186 9.47958390665 14.3800077181 0.0002 0.0002
78.280098 5.43276519085 0.394381628419 0.283700122571 0.31488735085 9.20786401436 14.4894123827 0.0002 0.0002
78.280098 5.43276519085 0.394381628419 0.283700122571 0.31488735085 9.20786401436 14.4894123827 0.0002 0.0002
78.530098 5.45988621988 0.411879050978 -0.694232917795 1.74421704771 9.30962699702 13.970180886 0.0002 0.0002
78.635898 5.47116136111 0.419553551542 -0.711074763194 1.71360365663 9.45830854967 13.6043434555 0.0002 0.0002
78.635898 5.47116136111 0.419553551542 -0.711074763194 1.71360365663 9.45830854967 13.6043434555 0.0002 0.0002
78.836612 5.49206377913 0.434688742456 -0.743025558634 1.65552675513 9.75016684167 12.928111814 0.0002 0.0002
78.836612 5.49206377913 0.434688742456 -0.743025558634 1.65552675513 9.75016684167 12.928111814 0.0002 0.0002
83.821298 5.84688408204 1.2520468999 -1.53651621059 0.213200271649 21.1129667851 3.61309436582 0.0002 0.0002
83.871298 5.84924440448 1.26592137044 -1.16484329848 0.134531446154 21.2480749835 3.59571295391 0.0002 0.0002
83.871298 5.84924440448 1.26592137044 -1.16484329848 0.134531446154 21.2480749835 3.59571295391 0.0002 0.0002
84.071298 5.85859878174 1.32163738627 0.349980226305 -0.178127906729 21.411828308 3.60439095157 0.0002 0.0002
84.071298 5.85859878174 1.32163738627 0.349980226305 -0.178127906729 21.411828308 3.60439095157 0.0002 0.0002
84.271298 5.86801481047 1.37627008898 1.84489514849 -0.501017041472 20.9707503505 3.73957665684 0.0002 0.0002
84.271298 5.86801481047 1.37627008898 1.84489514849 -0.501017041472 20.9707503505 3.73957665684 0.0002 0.0002
84.321298 5.87041032962 1.38954690922 2.20545280468 -0.585482949085 20.7681726437 3.79388549008 0.0002 0.0002
84.427098 5.87556250445 1.41697899807 2.17557951992 -0.622929311761 20.3046594238 3.92173550728 0.0002 0.0002
84.427098 5.87556250445 1.41697899807 2.17557951992 -0.622929311761 20.3046594238 3.92173550728 0.0002 0.0002
84.627812 5.88566454148 1.46653700279 2.11890667986 -0.69396909662 19.4426959207 4.18605545442 0.0002 0.0002
84.627812 5.88566454148 1.46653700279 2.11890667986 -0.69396909662 19.4426959207 4.18605545442 0.0002 0.0002
89.612498 0.113956550765 2.04431394783 0.711449739099 -2.45822580533 5.33425790406 19.8987572514 0.0002 0.0002
89.662498 0.123389105285 2.04681214401 0.581885826223 -2.03472415003 5.26961473699 20.1234868447 0.0002 0.0002
89.662498 0.123389105285 2.04681214401 0.581885826223 -2.03472415003 5.26961473699 20.1234868447 0.0002 0.0002
89.862498 0.161950228772 2.05660966094 0.0836175861982 -0.270653485334 5.13728654372 20.5872761607 0.0002 0.0002
89.862498 0.161950228772 2.05660966094 0.0836175861982 -0.270653485334 5.13728654372 20.5872761607 0.0002 0.0002
90.112498 0.210331929012 2.06882408192 -0.534967405934 1.94630834943 5.24910473213 20.1644945216 0.0002 0.0002
90.218298 0.23027008885 2.0741250119 -0.560891620102 1.92118584053 5.36504661709 19.7553136363 0.0002 0.0002
90.218298 0.23027008885 2.0741250119 -0.560891620102 1.92118584053 5.36504661709 19.7553136363 0.0002 0.0002
90.419012 0.26689622259 2.08448690534 -0.610072647726 1.87352573419 5.60007553914 18.9936618973 0.0002 0.0002
90.419012 0.26689622259 2.08448690534 -0.610072647726 1.87352573419 5.60007553914 18.9936618973 0.0002 0.0002
95.297898 0.784106486936 2.54426338047 -1.80554793664 0.715020470109 17.3856129895 6.36444006082 0.0002 0.0002
95.297898 0.784106486936 2.54426338047 -1.80554793664 0.715020470109 17.3856129895 6.36444006082 0.0002 0.0002
95.403698 0.790125767211 2.56108537723 -1.83147215081 0.689897961212 17.7704097148 6.21579969079 0.0002 0.0002
95.453698 0.792926160013 2.56917072658 -1.396036298 0.524487661236 17.931852292 6.15510565218 0.0002 0.0002
95.453698 0.792926160013 2.56917072658 -1.396036298 0.524487661236 17.931852292 6.15510565218 0.0002 0.0002
95.653698 0.803980585025 2.60199364291 0.393177503971 -0.119052010838 18.1337695857 6.07455387539 0.0002 0.0002
95.653698 0.803980585025 2.60199364291 0.393177503971 -0.119052010838 18.1337695857 6.07455387539 0.0002 0.0002
95.903698 0.817988001038 2.64250750442 2.56927461595 -0.943012371238 17.3853581095 6.33734307368 0.0002 0.0002
101.194898 1.76711168996 3.07951606809 0.255872653847 -2.52041123516 2.43693887556 24.6630100598 0.0002 0.0002
101.244898 1.78772673407 3.08153384814 0.179070039726 -1.96865738602 2.41519998669 24.8875486738 0.0002 0.0002
101.244898 1.78772673407 3.08153384814 0.179070039726 -1.96865738602 2.41519998669 24.8875486738 0.0002 0.0002
101.444898 1.87107443755 3.08949228168 -0.123437100629 0.302290467211 2.40414044274 25.2228596818 0.0002 0.0002
101.444898 1.87107443755 3.08949228168 -0.123437100629 0.302290467211 2.40414044274 25.2228596818 0.0002 0.0002
101.694898 1.9724445744 3.09952902918 -0.51692796475 3.09091592871 2.562730565 24.3664205981 0.0002 0.0002
101.800698 2.01284404106 3.10393010864 -0.569243763424 3.04509106335 2.67764753384 23.7172310584 0.0002 0.0002
101.800698 2.01284404106 3.10393010864 -0.569243763424 3.04509106335 2.67764753384 23.7172310584 0.0002 0.0002
102.001412 2.08461204267 3.1126165371 -0.668492470561 2.95815635611 2.92607852431 22.5122952558 0.0002 0.0002
102.001412 2.08461204267 3.1126165371 -0.668492470561 2.95815635611 2.92607852431 22.5122952558 0.0002 0.0002
104.444898 2.57657123308 3.27114630944 -1.87674314768 1.89981593113 9.14532612418 10.6419079836 0.0002 0.0002
104.444898 2.57657123308 3.27114630944 -1.87674314768 1.89981593113 9.14532612418 10.6419079836 0.0002 0.0002
106.986098 2.75721002951 3.68320056682 -3.13331127235 0.799152907911 21.8768764164 3.78328836979 0.0002 0.0002
107.036098 2.75948023069 3.69655124999 -2.60469441808 0.684979634322 22.1638960916 3.70911259222 0.0002 0.0002
107.036098 2.75948023069 3.69655124999 -2.60469441808 0.684979634322 22.1638960916 3.70911259222 0.0002 0.0002
107.236098 2.76835423847 3.75209952729 -0.387540522084 0.257028090439 22.7663577589 3.52195491158 0.0002 0.0002
107.236098 2.76835423847 3.75209952729 -0.387540522084 0.257028090439 22.7663577589 3.52195491158 0.0002 0.0002
107.486098 2.7794030157 3.82352405006 2.40608667367 -0.252689954337 22.2564075407 3.52088151591 0.0002 0.0002
107.792612 2.79364599071 3.90850110073 2.31258545991 -0.345304714518 20.8100684703 3.70417525384 0.0002 0.0002
107.792612 2.79364599071 3.90850110073 2.31258545991 -0.345304714518 20.8100684703 3.70417525384 0.0002 0.0002
112.046858 3.16354331768 4.59673107651 1.01483995849 -1.63074672709 6.65438219376 12.1107841951 0.0002 0.0002
112.046858 3.16354331768 4.59673107651 1.01483995849 -1.63074672709 6.65438219376 12.1107841951 0.0002 0.0002
112.777298 3.28644974203 4.65158824557 0.792021338207 -1.85145287894 5.3345784282 14.6543220753 0.0002 0.0002
112.827298 3.29588876549 4.65498005555 0.657051521451 -1.52905164569 5.26215225727 14.8234114488 0.0002 0.0002
112.827298 3.29588876549 4.65498005555 0.657051521451 -1.52905164569 5.26215225727 14.8234114488 0.0002 0.0002
113.027298 3.3346092608 4.66827790214 0.141134850272 -0.184973740046 5.10347688626 15.1683124266 0.0002 0.0002
113.027298 3.3346092608 4.66827790214 0.141134850272 -0.184973740046 5.10347688626 15.1683124266 0.0002 0.0002
113.227298 3.37375741449 4.68151065396 -0.364439968453 1.1724948353 5.1478688024 14.9696006723 0.0002 0.0002
113.227298 3.37375741449 4.68151065396 -0.364439968453 1.1724948353 5.1478688024 14.9696006723 0.0002 0.0002
113.277298 3.38343195391 4.68486515355 -0.493537316551 1.50235689898 5.1907514008 14.8358073285 0.0002 0.0002
113.383098 3.40360862669 4.69207365605 -0.518884449712 1.47912940217 5.29786562367 14.5203660779 0.0002 0.0002
113.383098 3.40360862669 4.69207365605 -0.518884449712 1.47912940217 5.29786562367 14.5203660779 0.0002 0.0002
113.583812 3.44074695142 4.70618417056 -0.566970692485 1.43506433794 5.51581195268 13.9354465955 0.0002 0.0002
113.583812 3.44074695142 4.70618417056 -0.566970692485 1.43506433794 5.51581195268 13.9354465955 0.0002 0.0002
115.622798 3.73734251446 4.88931375357 -1.05546265521 0.987422175197 8.82393083456 8.99603051006 0.0002 0.0002
115.622798 3.73734251446 4.88931375357 -1.05546265521 0.987422175197 8.82393083456 8.99603051006 0.0002 0.0002
117.267498 3.89185144239 5.10881939553 -1.44949318366 0.626342175106 12.9438317027 6.34187228312 0.0002 0.0002
117.267498 3.89185144239 5.10881939553 -1.44949318366 0.626342175106 12.9438317027 6.34187228312 0.0002 0.0002
118.462698 3.97310973015 5.31933874457 -1.73583433257 0.36394610524 16.7509351501 5.15827973045 0.0002 0.0002
118.462698 3.97310973015 5.31933874457 -1.73583433257 0.36394610524 16.7509351501 5.15827973045 0.0002 0.0002
118.568498 3.97935721803 5.34000077745 -1.76118146573 0.340718608426 17.1209194216 5.08372620374 0.0002 0.0002
118.618498 3.98226387281 5.34986471629 -1.3418436225 0.203608311191 17.2761352407 5.05652117227 0.0002 0.0002
118.618498 3.98226387281 5.34986471629 -1.3418436225 0.203608311191 17.2761352407 5.05652117227 0.0002 0.0002
118.818498 3.99373824708 5.38945264546 0.381095339957 -0.341456659148 17.4695739324 5.08390882144 0.0002 0.0002
118.818498 3.99373824708 5.38945264546 0.381095339957 -0.341456659148 17.4695739324 5.08390882144 0.0002 0.0002
119.068498 4.00827864357 5.43729024713 2.47631160017 -1.06668367379 16.7477002752 5.43232844216 0.0002 0.0002
122.440498 4.39011566568 5.79470623618 1.04032305555 -2.39368536134 4.88960821612 17.1006928286 0.0002 0.0002
122.440498 4.39011566568 5.79470623618 1.04032305555 -2.39368536134 4.88960821612 17.1006928286 0.0002 0.0002
124.359698 4.9758462136 5.88294073396 0.223019017939 -3.14895868243 2.46500210868 27.7381352774 0.0002 0.0002
124.409698 4.99621177049 5.88473380688 0.146070828123 -2.53060409103 2.44655461372 28.0222211894 0.0002 0.0002
124.409698 4.99621177049 5.88473380688 0.146070828123 -2.53060409103 2.44655461372 28.0222211894 0.0002 0.0002
124.609698 5.07825820936 5.89178635956 -0.158538268838 0.029120822759 2.44903307721 28.5255766428 0.0002 0.0002
124.609698 5.07825820936 5.89178635956 -0.158538268838 0.029120822759 2.44903307721 28.5255766428 0.0002 0.0002
124.859698 5.17745978206 5.90063654451 -0.558309273873 3.20391763042 2.62656452854 27.7095636548 0.0002 0.0002
124.965498 5.21683422124 5.90450198826 -0.611145911482 3.16090553739 2.75029288715 27.0361653636 0.0002 0.0002
124.965498 5.21683422124 5.90450198826 -0.611145911482 3.16090553739 2.75029288715 27.0361653636 0.0002 0.0002
125.166212 5.28658406465 5.91210414742 -0.7113827062 3.07930696234 3.01574289612 25.783667352 0.0002 0.0002
125.166212 5.28658406465 5.91210414742 -0.7113827062 3.07930696234 3.01574289612 25.783667352 0.0002 0.0002
129.341898 5.89566100074 6.22457972819 -2.79672493637 1.38171722046 17.6644988657 7.15583112619 0.0002 0.0002
129.341898 5.89566100074 6.22457972819 -2.79672493637 1.38171722046 17.6644988657 7.15583112619 0.0002 0.0002
130.150898 5.93623680098 0.074585472471 -3.20074043567 1.05282512915 22.5164483517 5.18628636536 0.0002 0.0002
130.200898 5.93844263571 0.0843207425769 -2.65625346882 0.905573306934 22.8094199134 5.0884071513 0.0002 0.0002
130.200898 5.93844263571 0.0843207425769 -2.65625346882 0.905573306934 22.8094199134 5.0884071513 0.0002 0.0002
130.400898 5.94706732233 0.124775390476 -0.373855398762 0.354748434427 23.4195071816 4.83800698178 0.0002 0.0002
130.400898 5.94706732233 0.124775390476 -0.373855398762 0.354748434427 23.4195071816 4.83800698178 0.0002 0.0002
130.650898 5.95781084495 0.17681687135 2.49919614073 -0.2986006515 22.8825771866 4.82411419796 0.0002 0.0002
130.756698 5.96248846762 0.198602222163 2.46569358459 -0.322487601892 22.3572918536 4.88982533517 0.0002 0.0002
130.756698 5.96248846762 0.198602222163 2.46569358459 -0.322487601892 22.3572918536 4.88982533517 0.0002 0.0002
135.061658 0.0306989703772 0.799671898438 1.10248787496 -1.29443813081 6.99641339754 11.8506259374 0.0002 0.0002
135.061658 0.0306989703772 0.799671898438 1.10248787496 -1.29443813081 6.99641339754 11.8506259374 0.0002 0.0002
135.792098 0.148138103482 0.856692878664 0.871187240681 -1.45935291384 5.55476214608 13.8621050681 0.0002 0.0002
135.842098 0.157206817451 0.86028228666 0.730801355461 -1.15204514314 5.47469308735 13.9927245239 0.0002 0.0002
135.842098 0.157206817451 0.86028228666 0.730801355461 -1.15204514314 5.47469308735 13.9927245239 0.0002 0.0002
136.042098 0.194490988444 0.874427513252 0.196354512177 0.11530556502 5.29037923974 14.2013401589 0.0002 0.0002
136.042098 0.194490988444 0.874427513252 0.196354512177 0.11530556502 5.29037923974 14.2013401589 0.0002 0.0002
136.242098 0.232328915469 0.888619030138 -0.323704181124 1.37430904111 5.31569570302 13.9015957452 0.0002 0.0002
136.242098 0.232328915469 0.888619030138 -0.323704181124 1.37430904111 5.31569570302 13.9015957452 0.0002 0.0002
136.292098 0.24170264982 0.892234969181 -0.455919967206 1.67696601505 5.35466213004 13.7489740925 0.0002 0.0002
136.397898 0.261282229292 0.900030530361 -0.479785507933 1.64763056457 5.45365976931 13.3972317744 0.0002 0.0002
136.397898 0.261282229292 0.900030530361 -0.479785507933 1.64763056457 5.45365976931 13.3972317744 0.0002 0.0002
139.002498 0.631882905324 1.17862857399 -1.06731090848 0.925446119178 9.48322709551 6.6953962439 0.0002 0.0002
139.002498 0.631882905324 1.17862857399 -1.06731090848 0.925446119178 9.48322709551 6.6953962439 0.0002 0.0002
141.496798 0.834436155388 1.69560877034 -1.62995569333 0.233844851365 16.2110191804 3.80377677608 0.0002 0.0002
141.633298 0.842765769106 1.73167776706 -0.615449139114 -0.0415960126429 16.5184000136 3.77760989805 0.0002 0.0002
141.633298 0.842765769106 1.73167776706 -0.615449139114 -0.0415960126429 16.5184000136 3.77760989805 0.0002 0.0002
141.833298 0.854857411534 1.78413425847 0.89922534885 -0.450437116584 16.461292323 3.87541439525 0.0002 0.0002
141.833298 0.854857411534 1.78413425847 0.89922534885 -0.450437116584 16.461292323 3.87541439525 0.0002 0.0002
142.169798 0.876057150122 1.86613589775 3.2433799346 -1.2306935554 15.042461354 4.43144624958 0.0002 0.0002
147.464298 2.82928192222 2.3166042869 -0.811146931834 -4.23503661598 2.16500372088 33.3697546419 0.0002 0.0002
147.774298 2.95593692716 2.32561469056 -1.27120410718 -1.54825387664 2.80520020614 35.1776836702 0.0002 0.0002
147.774298 2.95593692716 2.32561469056 -1.27120410718 -1.54825387664 2.80520020614 35.1776836702 0.0002 0.0002
147.974298 3.02100899866 2.331269925 -1.6327293905 0.284424711056 3.38397839031 35.4313309509 0.0002 0.0002
147.974298 3.02100899866 2.331269925 -1.6327293905 0.284424711056 3.38397839031 35.4313309509 0.0002 0.0002
148.484298 3.13925991966 2.34605893205 -2.90681859034 4.72853932755 5.64824763697 32.8153797645 0.0002 0.0002
148.795099 3.18666267899 2.35597386038 -3.42679284645 4.50730078721 7.61674040513 29.944871421 0.0002 0.0002
148.795099 3.18666267899 2.35597386038 -3.42679284645 4.50730078721 7.61674040513 29.944871421 0.0002 0.0002
149.451742 3.25311463875 2.38030252329 -4.52536542329 4.03988035149 12.8384694678 24.3324247565 0.0002 0.0002
149.761742 3.27512456227 2.39356093028 -3.20212709322 1.13452911269 15.2640416936 22.7478912437 0.0002 0.0002
149.761742 3.27512456227 2.39356093028 -3.20212709322 1.13452911269 15.2640416936 22.7478912437 0.0002 0.0002
149.961742 3.28776142467 2.40239545157 -2.08409814872 -0.623864572068 16.3267587825 22.6462804646 0.0002 0.0002
149.961742 3.28776142467 2.40239545157 -2.08409814872 -0.623864572068 16.3267587825 22.6462804646 0.0002 0.0002
150.471742 3.31803744034 2.42389579541 1.16605863728 -5.54649884493 16.811274263 25.6919698661 0.0002 0.0002
150.968217 3.34861342666 2.44134747201 1.09637156671 -6.16030377839 15.6880342274 31.5041046986 0.0002 0.0002
150.968217 3.34861342666 2.44134747201 1.09637156671 -6.16030377839 15.6880342274 31.5041046986 0.0002 0.0002
150.968217 3.34861342666 2.44134747201 1.09637156671 -6.16030377839 15.6880342274 31.5041046986 0.0002 0.0002
153.973287 3.58649651717 2.50135720791 0.674568806969 -9.87554984596 10.3662344387 79.6929673495 0.0002 0.0002
154.283287 3.61676256889 2.50513215189 -0.14721079638 -3.75338646586 10.2040404178 83.9518381049 0.0002 0.0002
154.283287 3.61676256889 2.50513215189 -0.14721079638 -3.75338646586 10.2040404178 83.9518381049 0.0002 0.0002
154.483287 3.63623958555 2.50750112454 -0.679970674682 0.423259683146 10.3689316232 84.6200754105 0.0002 0.0002
154.483287 3.63623958555 2.50750112454 -0.679970674682 0.423259683146 10.3689316232 84.6200754105 0.0002 0.0002
154.993287 3.68283314332 2.51367716198 -2.21383080455 10.6151480574 11.8138238563 78.8661864775 0.0002 0.0002
155.304088 3.70768835538 2.51779005912 -2.36907700413 10.1671451233 13.2381961861 72.4070289747 0.0002 0.0002
155.304088 3.70768835538 2.51779005912 -2.36907700413 10.1671451233 13.2381961861 72.4070289747 0.0002 0.0002
155.960731 3.75204550323 2.52777960306 -2.69707250681 9.22062953725 16.5648477994 59.6761824583 0.0002 0.0002
156.270731 3.76991275451 2.53321747131 -2.2941761398 7.10248548907 18.1170645407 54.6320161638 0.0002 0.0002
156.270731 3.76991275451 2.53321747131 -2.2941761398 7.10248548907 18.1170645407 54.6320161638 0.0002 0.0002
156.470731 3.78069286924 2.53697094871 -1.98691442416 5.8845728472 18.9744155725 52.0380304251 0.0002 0.0002
156.470731 3.78069286924 2.53697094871 -1.98691442416 5.8845728472 18.9744155725 52.0380304251 0.0002 0.0002
156.980731 3.80641298346 2.5472771221 -1.07369264075 3.16034434882 20.548873456 47.4643444253 0.0002 0.0002
157.477206 3.82995841465 2.55809425372 -1.12570616206 3.04541268052 21.6408199766 44.3833412041 0.0002 0.0002
157.477206 3.82995841465 2.55809425372 -1.12570616206 3.04541268052 21.6408199766 44.3833412041 0.0002 0.0002
157.477206 3.82995841465 2.55809425372 -1.12570616206 3.04541268052 21.6408199766 44.3833412041 0.0002 0.0002
158.548502 3.87681454344 2.58414077162 -1.23794117354 2.79741260694 24.1729859127 38.123945845 0.0002 0.0002
158.548502 3.87681454344 2.58414077162 -1.23794117354 2.79741260694 24.1729859127 38.123945845 0.0002 0.0002
158.813005 3.88760997756 2.59121594903 -1.26565199972 2.73618138471 24.8351938178 36.6602936334 0.0002 0.0002
158.813005 3.88760997756 2.59121594903 -1.26565199972 2.73618138471 24.8351938178 36.6602936334 0.0002 0.0002
165.740498 4.09091870384 2.96416873008 -1.99141524012 1.13249876694 47.3985043223 9.86003896361 0.0002 0.0002
165.740498 4.09091870384 2.96416873008 -1.99141524012 1.13249876694 47.3985043223 9.86003896361 0.0002 0.0002
168.065698 4.13557949688 3.27545734443 -2.23501630714 0.594225711624 57.2258029559 5.84505920604 0.0002 0.0002
168.065698 4.13557949688 3.27545734443 -2.23501630714 0.594225711624 57.2258029559 5.84505920604 0.0002 0.0002
168.277698 4.13925368091 3.31250925706 -2.2572266229 0.54514869127 58.1781584571 5.60351183263 0.0002 0.0002
168.277698 4.13925368091 3.31250925706 -2.2572266229 0.54514869127 58.1781584571 5.60351183263 0.0002 0.0002
