0.0 0.0 0.0 -1.25496218107 0.769129356329 5.79591993221 9.76354123194 0.0002 0.0002
0.0 0.0 0.0 -1.25496218107 0.769129356329 5.79591993221 9.76354123194 0.0002 0.0002
0.0 0.0 0.0 -1.25496218107 0.769129356329 5.79591993221 9.76354123194 0.0002 0.0002
0.423 0.0667594163758 0.0447878985559 -1.4428866926 0.700175904917 6.93711000577 9.14202510643 0.0002 0.0002
0.423 0.0667594163758 0.0447878985559 -1.4428866926 0.700175904917 6.93711000577 9.14202510643 0.0002 0.0002
0.877 0.126486659391 0.0961923158198 -1.64458344965 0.626169127279 8.33882145036 8.53986446181 0.0002 0.0002
0.877 0.126486659391 0.0961923158198 -1.64458344965 0.626169127279 8.33882145036 8.53986446181 0.0002 0.0002
1.357 0.179022448202 0.154383895826 -1.85783112231 0.547924076032 10.0199804449 7.97629972422 0.0002 0.0002
1.357 0.179022448202 0.154383895826 -1.85783112231 0.547924076032 10.0199804449 7.97629972422 0.0002 0.0002
1.89 0.227394322413 0.223635578898 -2.09462489216 0.461039467042 12.1266395006 7.43852215576 0.0002 0.0002
1.89 0.227394322413 0.223635578898 -2.09462489216 0.461039467042 12.1266395006 7.43852215576 0.0002 0.0002
2.475 0.271179996266 0.30505861889 -2.3545204932 0.365678310835 14.729389551 6.95489225571 0.0002 0.0002
2.475 0.271179996266 0.30505861889 -2.3545204932 0.365678310835 14.729389551 6.95489225571 0.0002 0.0002
3.06 0.307484137912 0.391624494297 -2.61441609425 0.270317154627 17.6362174547 6.58283490841 0.0002 0.0002
3.06 0.307484137912 0.391624494297 -2.61441609425 0.270317154627 17.6362174547 6.58283490841 0.0002 0.0002
3.645 0.337998020731 0.482428938122 -2.8743116953 0.174955998419 20.8471232116 6.32235011388 0.0002 0.0002
3.645 0.337998020731 0.482428938122 -2.8743116953 0.174955998419 20.8471232116 6.32235011388 0.0002 0.0002
4.6635 0.380811662332 0.646702367221 -3.32679660072 0.00892978030411 27.1629520111 6.13506244825 0.0002 0.0002
5.0 0.393012521176 0.700154293621 2.95767002299 -1.53097501429 27.2904668731 6.63442543722 0.0002 0.0002
5.0 0.393012521176 0.700154293621 2.95767002299 -1.53097501429 27.2904668731 6.63442543722 0.0002 0.0002
5.3365 0.40616238419 0.746093615405 8.35066556162 -3.55674282081 23.383999719 8.30363863041 0.0002 0.0002
5.7585 0.427407908084 0.789108157882 7.07416940936 -4.25047207404 16.8747193613 11.598283316 0.0002 0.0002
6.025 0.444839792891 0.810381711869 3.5266368738 -2.00462090205 14.0984795228 13.2953539966 0.0002 0.0002
6.025 0.444839792891 0.810381711869 3.5266368738 -2.00462090205 14.0984795228 13.2953539966 0.0002 0.0002
6.2915 0.464715101572 0.829983634169 0.740062401505 0.658759508858 12.9810757905 13.6604999535 0.0002 0.0002
6.973 0.519282589956 0.881521585913 0.658809325174 0.587221385729 12.0277447088 12.8113639738 0.0002 0.0002
6.973 0.519282589956 0.881521585913 0.658809325174 0.587221385729 12.0277447088 12.8113639738 0.0002 0.0002
7.482 0.562787632981 0.922178592962 0.598122874914 0.533790857962 11.3879662189 12.2407687418 0.0002 0.0002
7.482 0.562787632981 0.922178592962 0.598122874914 0.533790857962 11.3879662189 12.2407687418 0.0002 0.0002
7.992 0.608771932377 0.964764560211 0.537317197836 0.480255358629 10.8088917818 11.7236051713 0.0002 0.0002
7.992 0.608771932377 0.964764560211 0.537317197836 0.480255358629 10.8088917818 11.7236051713 0.0002 0.0002
8.498 0.656756286595 1.00881042157 0.476988428029 0.427139745564 10.2956531351 11.2644632486 0.0002 0.0002
8.498 0.656756286595 1.00881042157 0.476988428029 0.427139745564 10.2956531351 11.2644632486 0.0002 0.0002
8.9873 0.705345246495 1.053040216 0.41865074608 0.375777157674 9.85741688723 10.8715960079 0.0002 0.0002
8.9873 0.705345246495 1.053040216 0.41865074608 0.375777157674 9.85741688723 10.8715960079 0.0002 0.0002
9.4566 0.753884123975 1.09689140452 0.362697600486 0.32651400113 9.49073010819 10.542010767 0.0002 0.0002
9.4566 0.753884123975 1.09689140452 0.362697600486 0.32651400113 9.49073010819 10.542010767 0.0002 0.0002
9.9277 0.804389090118 1.14220992919 0.306529846621 0.277061895765 9.17545705786 10.257666162 0.0002 0.0002
9.9277 0.804389090118 1.14220992919 0.306529846621 0.277061895765 9.17545705786 10.257666162 0.0002 0.0002
16.240021 1.5214050987 1.78048184098 -0.446068099142 -0.38555233304 10.0562672996 10.9424926275 0.0002 0.0002
16.240021 1.5214050987 1.78048184098 -0.446068099142 -0.38555233304 10.0562672996 10.9424926275 0.0002 0.0002
17.480021 1.63872057671 1.88872641104 -0.382727428512 -0.515833917675 11.0930605476 12.0612148883 0.0002 0.0002
17.480021 1.63872057671 1.88872641104 -0.382727428512 -0.515833917675 11.0930605476 12.0612148883 0.0002 0.0002
17.480021 1.63872057671 1.88872641104 -0.382727428512 -0.515833917675 11.0930605476 12.0612148883 0.0002 0.0002
17.480021 1.63872057671 1.88872641104 -0.382727428512 -0.515833917675 11.0930605476 12.0612148883 0.0002 0.0002
18.720021 1.74640654073 1.98613167349 -0.283560979823 -0.64611550231 11.9265632633 13.5033255051 0.0002 0.0002
18.720021 1.74640654073 1.98613167349 -0.729111450256 -0.141660623028 11.9265632633 13.5033255051 0.0002 0.0002
20.0 1.84561306288 2.07939426865 -0.893485736618 -0.238352750845 14.0034535879 13.9897346434 0.0002 0.0002
20.0 1.84561306288 2.07939426865 -0.893485736618 -0.238352750845 14.0034535879 13.9897346434 0.0002 0.0002
22.328798 1.98940176165 2.23815869125 -1.19254885354 -0.414274726029 18.8614067694 15.5095722063 0.0002 0.0002
22.595298 2.0031035815 2.2554654536 -4.46257701832 2.03226893073 20.3472646412 15.0720890986 0.0002 0.0002
22.595298 2.0031035815 2.2554654536 -4.46257701832 2.03226893073 20.3472646412 15.0720890986 0.0002 0.0002
22.861798 2.01531245148 2.27408161005 -8.51110963145 4.134297156 23.7560401257 13.404735478 0.0002 0.0002
23.218798 2.0286352899 2.3040002717 -9.61473289008 3.65245315077 30.2269659059 10.6248656185 0.0002 0.0002
23.355298 2.03297869048 2.31742681096 -7.36544736707 2.67311133613 32.5534258504 9.76462542643 0.0002 0.0002
23.355298 2.03297869048 2.31742681096 -7.36544736707 2.67311133613 32.5534258504 9.76462542643 0.0002 0.0002
23.555298 2.03890174121 2.33891062725 -3.50958575783 1.44365390719 34.7459796215 8.94778871324 0.0002 0.0002
23.555298 2.03890174121 2.33891062725 -3.50958575783 1.44365390719 34.7459796215 8.94778871324 0.0002 0.0002
23.891798 2.04847812213 2.37773232362 3.52680402474 -0.364355406318 34.7400509644 8.59260257427 0.0002 0.0002
27.336298 2.19977858347 2.71421094009 2.19438269322 -0.818440660329 15.0334233144 12.6667436258 0.0002 0.0002
27.336298 2.19977858347 2.71421094009 2.19438269322 -0.818440660329 15.0334233144 12.6667436258 0.0002 0.0002
28.003298 2.24889243029 2.76465007153 1.93636991106 -0.906370654356 12.2782113274 13.8171927727 0.0002 0.0002
28.003298 2.24889243029 2.76465007153 1.93636991106 -0.906370654356 12.2782113274 13.8171927727 0.0002 0.0002
28.805298 2.32353038535 2.81973690981 1.62613565126 -1.01209757371 9.4210818664 15.3558042916 0.0002 0.0002
28.855298 2.32888120868 2.82298384437 1.34162213525 -0.576854363525 9.27276469666 15.4352897955 0.0002 0.0002
28.855298 2.32888120868 2.82298384437 1.34162213525 -0.576854363525 9.27276469666 15.4352897955 0.0002 0.0002
29.055298 2.3509160118 2.83594260283 0.264693244258 1.17202107361 8.95393053804 15.3153398673 0.0002 0.0002
29.055298 2.3509160118 2.83594260283 0.264693244258 1.17202107361 8.95393053804 15.3153398673 0.0002 0.0002
29.305298 2.37870440047 2.85278814638 -1.05842920224 3.19046252551 9.15003226254 14.2115284342 0.0002 0.0002
32.666098 2.63726414857 3.61946947222 -1.83720365869 0.546795083237 18.8816751815 1.65135306277 0.0002 0.0002
32.716098 2.63990077392 3.65023121445 -1.24699275873 0.456917994146 19.0359662641 1.60119382111 0.0002 0.0002
32.716098 2.63990077392 3.65023121445 -1.24699275873 0.456917994146 19.0359662641 1.60119382111 0.0002 0.0002
32.916098 2.65035807444 3.78078017287 1.1547312441 0.120870125986 19.0545756338 1.48660013581 0.0002 0.0002
32.916098 2.65035807444 3.78078017287 1.1547312441 0.120870125986 19.0545756338 1.48660013581 0.0002 0.0002
33.166098 2.66386028207 3.94857526892 3.96662308894 -0.285706213702 17.7571100347 1.52727505424 0.0002 0.0002
36.526898 3.31329762642 4.88220812135 0.799443356374 -2.66585084357 1.73931392528 11.4468680123 0.0002 0.0002
36.576898 3.34269101253 4.88652884822 0.681664238997 -2.20431531012 1.6653109327 11.6905488721 0.0002 0.0002
36.576898 3.34269101253 4.88652884822 0.681664238997 -2.20431531012 1.6653109327 11.6905488721 0.0002 0.0002
36.776898 3.47119461083 4.90319580613 0.259180720186 -0.212384629982 1.47924495571 12.1794396543 0.0002 0.0002
36.776898 3.47119461083 4.90319580613 0.259180720186 -0.212384629982 1.47924495571 12.1794396543 0.0002 0.0002
37.026898 3.64302911539 4.92399806734 -0.225050094563 2.28539965715 1.47086018832 11.6518136014 0.0002 0.0002
37.333412 3.83951642576 4.95197956856 -0.443995568909 2.12169531882 1.67593205081 10.3009772919 0.0002 0.0002
37.333412 3.83951642576 4.95197956856 -0.443995568909 2.12169531882 1.67593205081 10.3009772919 0.0002 0.0002
40.387698 4.62857270201 5.62635583408 -2.62569721078 0.490448887344 11.0516517321 2.32274181304 0.0002 0.0002
40.437698 4.63304700542 5.64809231008 -2.16538556193 0.363742862995 11.2913812981 2.28006344721 0.0002 0.0002
40.437698 4.63304700542 5.64809231008 -2.16538556193 0.363742862995 11.2913812981 2.28006344721 0.0002 0.0002
40.637698 4.65029862571 5.73738199986 -0.176821115189 -0.121890056659 11.7653846524 2.2322512991 0.0002 0.0002
40.637698 4.65029862571 5.73738199986 -0.176821115189 -0.121890056659 11.7653846524 2.2322512991 0.0002 0.0002
40.887698 4.6718589231 5.84549370633 2.31016234155 -0.761476774439 11.2220747838 2.44914019686 0.0002 0.0002
41.194212 4.70100366911 5.95926275229 2.1370808667 -0.95919725879 9.85893247908 2.97655087749 0.0002 0.0002
41.194212 4.70100366911 5.95926275229 2.1370808667 -0.95919725879 9.85893247908 2.97655087749 0.0002 0.0002
44.248498 5.44299161031 0.153335720046 0.412395124774 -2.9294006011 2.072103651 14.8534408806 0.0002 0.0002
44.298498 5.46734197713 0.156671400647 0.297693341071 -2.31884433158 2.03662435317 15.1160391448 0.0002 0.0002
44.298498 5.46734197713 0.156671400647 0.297693341071 -2.31884433158 2.03662435317 15.1160391448 0.0002 0.0002
44.498498 5.56700502015 0.169650842312 -0.145275364136 0.266234791437 2.00648157509 15.5312773846 0.0002 0.0002
44.498498 5.56700502015 0.169650842312 -0.145275364136 0.266234791437 2.00648157509 15.5312773846 0.0002 0.0002
44.748498 5.68672593065 0.186108928215 -0.734364701374 3.40629472543 2.2225786808 14.5965347713 0.0002 0.0002
44.854298 5.73268804936 0.193540576606 -0.807638616783 3.31494558741 2.38572263186 13.8854275462 0.0002 0.0002
44.854298 5.73268804936 0.193540576606 -0.807638616783 3.31494558741 2.38572263186 13.8854275462 0.0002 0.0002
45.055012 5.81130418958 0.208721930136 -0.946647129614 3.14164642967 2.73783234116 12.5894991361 0.0002 0.0002
45.055012 5.81130418958 0.208721930136 -0.946647129614 3.14164642967 2.73783234116 12.5894991361 0.0002 0.0002
48.109298 0.0252495052428 1.00408514017 -3.06195425627 0.504534961177 14.9812474336 1.45301836053 0.0002 0.0002
48.159298 0.0285556330121 1.03906391995 -2.42608537226 0.39960903588 15.2558504524 1.40784422306 0.0002 0.0002
48.159298 0.0285556330121 1.03906391995 -2.42608537226 0.39960903588 15.2558504524 1.40784422306 0.0002 0.0002
48.359298 0.0414067668035 1.18674904898 0.272027743522 0.00622541076216 15.6917795402 1.32761478018 0.0002 0.0002
48.359298 0.0414067668035 1.18674904898 0.272027743522 0.00622541076216 15.6917795402 1.32761478018 0.0002 0.0002
48.609298 0.0577073047973 1.36982470894 3.54735810928 -0.490691848422 14.7190670822 1.44656258659 0.0002 0.0002
48.715098 0.0650832025027 1.44031271918 3.44971872121 -0.58144102545 13.9787763536 1.55999424464 0.0002 0.0002
48.715098 0.0650832025027 1.44031271918 3.44971872121 -0.58144102545 13.9787763536 1.55999424464 0.0002 0.0002
48.915812 0.0801888138092 1.55945371209 3.26448628133 -0.753601992541 12.6311414107 1.82795606896 0.0002 0.0002
48.915812 0.0801888138092 1.55945371209 3.26448628133 -0.753601992541 12.6311414107 1.82795606896 0.0002 0.0002
51.970098 0.934390951285 2.19626247904 0.445784806364 -3.37339349453 1.29891237132 14.4329806072 0.0002 0.0002
52.020098 0.973508616599 2.19968913512 0.346201524377 -2.78949550614 1.25934107442 14.7413434646 0.0002 0.0002
52.020098 0.973508616599 2.19968913512 0.346201524377 -2.78949550614 1.25934107442 14.7413434646 0.0002 0.0002
52.220098 1.13807313505 2.21290553721 -0.0308249574113 -0.269354314221 1.19697087402 15.3601408899 0.0002 0.0002
52.220098 1.13807313505 2.21290553721 -0.0308249574113 -0.269354314221 1.19697087402 15.3601408899 0.0002 0.0002
52.470098 1.33926329699 2.22940071711 -0.514100376547 2.89090427548 1.33084046309 14.692898157 0.0002 0.0002
52.575898 1.4154923827 2.23675442498 -0.614610436746 2.82352442692 1.45025806714 14.0883116003 0.0002 0.0002
52.575898 1.4154923827 2.23675442498 -0.614610436746 2.82352442692 1.45025806714 14.0883116003 0.0002 0.0002
55.830898 2.1716980602 2.82331955054 -3.70686228879 0.750543263868 15.5166517888 2.45472126674 0.0002 0.0002
55.880898 2.17488466279 2.84398639065 -3.05776957874 0.614019226459 15.8551311 2.38654302422 0.0002 0.0002
55.880898 2.17488466279 2.84398639065 -3.05776957874 0.614019226459 15.8551311 2.38654302422 0.0002 0.0002
56.080898 2.18716859122 2.93104048557 -0.253265639933 0.110533288007 16.525201742 2.24330562655 0.0002 0.0002
56.080898 2.18716859122 2.93104048557 -0.253265639933 0.110533288007 16.525201742 2.24330562655 0.0002 0.0002
56.330898 2.20251884248 3.04137856263 3.25491932237 -0.504764778593 15.7607522758 2.34009923077 0.0002 0.0002
56.436698 2.20938156425 3.08555279503 3.17708686508 -0.561495926494 15.0802460212 2.45290961337 0.0002 0.0002
56.436698 2.20938156425 3.08555279503 3.17708686508 -0.561495926494 15.0802460212 2.45290961337 0.0002 0.0002
59.691698 2.81124686785 3.73568382664 0.782524970274 -2.30686347299 2.19170949709 11.7894194587 0.0002 0.0002
59.741698 2.8344538772 3.73988674875 0.655785600695 -1.82376464041 2.11984483884 11.9960972052 0.0002 0.0002
59.741698 2.8344538772 3.73988674875 0.655785600695 -1.82376464041 2.11984483884 11.9960972052 0.0002 0.0002
59.941698 2.93350039333 3.75624566697 0.19446410233 0.22069180831 1.95169529466 12.320393556 0.0002 0.0002
59.941698 2.93350039333 3.75624566697 0.19446410233 0.22069180831 1.95169529466 12.320393556 0.0002 0.0002
60.191698 3.06182356912 3.77699580168 -0.351558567251 2.70219836993 1.99028825722 11.5764571867 0.0002 0.0002
60.498212 3.20689226939 3.80550579176 -0.524597379187 2.48238662714 2.25884232099 9.9873093009 0.0002 0.0002
60.498212 3.20689226939 3.80550579176 -0.524597379187 2.48238662714 2.25884232099 9.9873093009 0.0002 0.0002
62.097498 3.68346402073 4.06528296424 -1.42745515856 1.3354835725 5.38073261587 3.8814429408 0.0002 0.0002
62.097498 3.68346402073 4.06528296424 -1.42745515856 1.3354835725 5.38073261587 3.8814429408 0.0002 0.0002
63.552498 3.87614449308 4.70920137489 -2.2488580027 0.292052976292 10.7297682655 1.5133772623 0.0002 0.0002
63.602498 3.88075848055 4.74253181235 -1.92986049373 0.209019701479 10.9388147423 1.48833686796 0.0002 0.0002
63.602498 3.88075848055 4.74253181235 -1.92986049373 0.209019701479 10.9388147423 1.48833686796 0.0002 0.0002
63.802498 3.89856273738 4.87875336181 -0.55279279915 -0.115008182227 11.4395894074 1.46969204296 0.0002 0.0002
63.802498 3.89856273738 4.87875336181 -0.55279279915 -0.115008182227 11.4395894074 1.46969204296 0.0002 0.0002
64.052498 3.9204388642 5.04199739681 1.22981153175 -0.540556121639 11.268061175 1.631450374 0.0002 0.0002
68.445984 4.56337337244 5.87344824079 0.250197204687 -4.02044539348 4.76566351153 21.6701466767 0.0002 0.0002
68.445984 4.56337337244 5.87344824079 0.250197204687 -4.02044539348 4.76566351153 21.6701466767 0.0002 0.0002
68.646698 4.60591291973 5.88237771161 0.205444061046 -4.17942222767 4.67420993052 23.3159749064 0.0002 0.0002
68.646698 4.60591291973 5.88237771161 0.205444061046 -4.17942222767 4.67420993052 23.3159749064 0.0002 0.0002
68.752498 4.62864959041 5.8868308894 0.18185386506 -4.26322180844 4.63323380994 24.2092066454 0.0002 0.0002
68.802498 4.63945698249 5.88887912883 0.042561062224 -3.62005706359 4.62201824818 24.6035529166 0.0002 0.0002
68.802498 4.63945698249 5.88887912883 0.042561062224 -3.62005706359 4.62201824818 24.6035529166 0.0002 0.0002
69.002498 4.68246300014 5.896832733 -0.519985105169 -0.883871091239 4.71680297087 25.5110613235 0.0002 0.0002
69.002498 4.68246300014 5.896832733 -0.519985105169 -0.883871091239 4.71680297087 25.5110613235 0.0002 0.0002
69.252498 4.7334268575 5.90666081511 -1.29477998366 2.61665643287 5.1653222964 25.0727877685 0.0002 0.0002
69.7 4.81116757497 5.92538112841 -1.52665691 2.47660422174 6.42792094919 22.793543439 0.0002 0.0002
69.7 4.81116757497 5.92538112841 -1.52665691 2.47660422174 6.42792094919 22.793543439 0.0002 0.0002
70.002498 4.8550450242 5.93910249755 -1.68339879376 2.38193310572 7.39895637947 21.3238456145 0.0002 0.0002
70.002498 4.8550450242 5.93910249755 -1.68339879376 2.38193310572 7.39895637947 21.3238456145 0.0002 0.0002
70.251298 4.88685915345 5.95110314432 -1.81231660702 2.304067554 8.26869037118 20.1579686504 0.0002 0.0002
70.251298 4.88685915345 5.95110314432 -1.81231660702 2.304067554 8.26869037118 20.1579686504 0.0002 0.0002
71.491298 5.00502011664 6.02272787901 -2.21258848609 1.91564317572 13.3026075026 14.9208288121 0.0002 0.0002
71.491298 5.00502011664 6.02272787901 -2.21258848609 1.91564317572 13.3026075026 14.9208288121 0.0002 0.0002
71.491298 5.00502011664 6.02272787901 -2.21258848609 1.91564317572 13.3026075026 14.9208288121 0.0002 0.0002
71.491298 5.00502011664 6.02272787901 -2.21258848609 1.91564317572 13.3026075026 14.9208288121 0.0002 0.0002
72.731298 5.08269191272 6.12135319679 -2.41137316664 1.52721879743 19.0857599598 10.647846432 0.0002 0.0002
72.731298 5.08269191272 6.12135319679 -2.41137316664 1.52721879743 19.0857599598 10.647846432 0.0002 0.0002
73.630098 5.12495702499 6.21795533172 -2.73229676844 1.24592636218 23.7088904974 8.15534356253 0.0002 0.0002
73.680098 5.12705459543 6.22413118103 -2.23838566248 1.05865548387 23.9575131099 8.04015546272 0.0002 0.0002
73.680098 5.12705459543 6.22413118103 -2.23838566248 1.05865548387 23.9575131099 8.04015546272 0.0002 0.0002
73.880098 5.13529550677 6.24952526827 -0.188821590431 0.347070176376 24.4457378762 7.76060041723 0.0002 0.0002
73.880098 5.13529550677 6.24952526827 -0.188821590431 0.347070176376 24.4457378762 7.76060041723 0.0002 0.0002
74.130098 5.14559378287 0.0 2.37463530752 -0.514398478362 23.8943699033 7.80206422373 0.0002 0.0002
74.436612 5.15882391998 0.037106025636 2.2894724173 -0.564080122782 22.4647555882 8.13263301368 0.0002 0.0002
74.436612 5.15882391998 0.037106025636 2.2894724173 -0.564080122782 22.4647555882 8.13263301368 0.0002 0.0002
75.985612 5.24051980244 0.20742861878 1.85909299919 -0.815151418733 16.038627758 10.2690626715 0.0002 0.0002
75.985612 5.24051980244 0.20742861878 1.85909299919 -0.815151418733 16.038627758 10.2690626715 0.0002 0.0002
78.030098 5.40605509038 0.377074896996 1.29104606892 -1.14653408469 9.59821253523 14.2797012196 0.0002 0.0002
78.080098 5.41129780933 0.380563546661 1.08233938924 -0.858908453186 9.47958390665 14.3800077181 0.0002 0.0002
78.080098 5.41129780933 0.380563546661 1.08233938924 -0.858908453186 9.47958390665 14.3800077181 0.0002 0.0002
78.280098 5.43276519085 0.394381628419 0.283700122571 0.31488735085 9.20786401436 14.4894123827 0.0002 0.0002
78.280098 5.43276519085 0.394381628419 0.283700122571 0.31488735085 9.20786401436 14.4894123827 0.0002 0.0002
78.530098 5.45988621988 0.411879050978 -0.694232917795 1.74421704771 9.30962699702 13.970180886 0.0002 0.0002
78.635898 5.47116136111 0.419553551542 -0.711074763194 1.71360365663 9.45830854967 13.6043434555 0.0002 0.0002
78.635898 5.47116136111 0.419553551542 -0.711074763194 1.71360365663 9.45830854967 13.6043434555 0.0002 0.0002
78.836612 5.49206377913 0.434688742456 -0.743025558634 1.65552675513 9.75016684167 12.928111814 0.0002 0.0002
78.836612 5.49206377913 0.434688742456 -0.743025558634 1.65552675513 9.75016684167 12.928111814 0.0002 0.0002
83.821298 5.84688408204 1.2520468999 -1.53651621059 0.213200271649 21.1129667851 3.61309436582 0.0002 0.0002
83.871298 5.84924440448 1.26592137044 -1.16484329848 0.134531446154 21.2480749835 3.59571295391 0.0002 0.0002
83.871298 5.84924440448 1.26592137044 -1.16484329848 0.134531446154 21.2480749835 3.59571295391 0.0002 0.0002
84.071298 5.85859878174 1.32163738627 0.349980226305 -0.178127906729 21.411828308 3.60439095157 0.0002 0.0002
84.071298 5.85859878174 1.32163738627 0.349980226305 -0.178127906729 21.411828308 3.60439095157 0.0002 0.0002
84.271298 5.86801481047 1.37627008898 1.84489514849 -0.501017041472 20.9707503505 3.73957665684 0.0002 0.0002
84.271298 5.86801481047 1.37627008898 1.84489514849 -0.501017041472 20.9707503505 3.73957665684 0.0002 0.0002
84.321298 5.87041032962 1.38954690922 2.20545280468 -0.585482949085 20.7681726437 3.79388549008 0.0002 0.0002
84.427098 5.87556250445 1.41697899807 2.17557951992 -0.622929311761 20.3046594238 3.92173550728 0.0002 0.0002
84.427098 5.87556250445 1.41697899807 2.17557951992 -0.622929311761 20.3046594238 3.92173550728 0.0002 0.0002
84.627812 5.88566454148 1.46653700279 2.11890667986 -0.69396909662 19.4426959207 4.18605545442 0.0002 0.0002
84.627812 5.88566454148 1.46653700279 2.11890667986 -0.69396909662 19.4426959207 4.18605545442 0.0002 0.0002
89.612498 0.113956550765 2.04431394783 0.711449739099 -2.45822580533 5.33425790406 19.8987572514 0.0002 0.0002
89.662498 0.123389105285 2.04681214401 0.581885826223 -2.03472415003 5.26961473699 20.1234868447 0.0002 0.0002
89.662498 0.123389105285 2.04681214401 0.581885826223 -2.03472415003 5.26961473699 20.1234868447 0.0002 0.0002
89.862498 0.161950228772 2.05660966094 0.0836175861982 -0.270653485334 5.13728654372 20.5872761607 0.0002 0.0002
89.862498 0.161950228772 2.05660966094 0.0836175861982 -0.270653485334 5.13728654372 20.5872761607 0.0002 0.0002
90.112498 0.210331929012 2.06882408192 -0.534967405934 1.94630834943 5.24910473213 20.1644945216 0.0002 0.0002
90.218298 0.23027008885 2.0741250119 -0.560891620102 1.92118584053 5.36504661709 19.7553136363 0.0002 0.0002
90.218298 0.23027008885 2.0741250119 -0.560891620102 1.92118584053 5.36504661709 19.7553136363 0.0002 0.0002
90.419012 0.26689622259 2.08448690534 -0.610072647726 1.87352573419 5.60007553914 18.9936618973 0.0002 0.0002
90.419012 0.26689622259 2.08448690534 -0.610072647726 1.87352573419 5.60007553914 18.9936618973 0.0002 0.0002
95.297898 0.784106486936 2.54426338047 -1.80554793664 0.715020470109 17.3856129895 6.36444006082 0.0002 0.0002
95.297898 0.784106486936 2.54426338047 -1.80554793664 0.715020470109 17.3856129895 6.36444006082 0.0002 0.0002
95.403698 0.790125767211 2.56108537723 -1.83147215081 0.689897961212 17.7704097148 6.21579969079 0.0002 0.0002
95.453698 0.792925950754 2.56917133664 -1.47678667829 0.552219387607 17.9358790618 6.15371498402 0.0002 0.0002
95.453698 0.792925950754 2.56917133664 -1.47678667829 0.552219387607 17.9358790618 6.15371498402 0.0002 0.0002
95.653698 0.803954928343 2.60207154517 -0.0124971658862 0.0185919618414 18.235370966 6.04017127761 0.0002 0.0002
95.653698 0.803954928343 2.60207154517 -0.0124971658862 0.0185919618414 18.235370966 6.04017127761 0.0002 0.0002
95.903698 0.817779311373 2.64312023733 1.80774489677 -0.650796611551 17.7826949786 6.19688924327 0.0002 0.0002
101.194898 1.3898471401 3.14508608806 0.537828684208 -1.86627983263 5.37179604691 19.5152441247 0.0002 0.0002
101.244898 1.39919845029 3.14763683269 0.419781511018 -1.48543270011 5.32393143215 19.6828854295 0.0002 0.0002
101.244898 1.39919845029 3.14763683269 0.419781511018 -1.48543270011 5.32393143215 19.6828854295 0.0002 0.0002
101.444898 1.4371436087 3.15769924831 -0.0402893116906 0.0816450142123 5.24843373663 19.9651443948 0.0002 0.0002
101.444898 1.4371436087 3.15769924831 -0.0402893116906 0.0816450142123 5.24843373663 19.9651443948 0.0002 0.0002
101.694898 1.48426064365 3.17033843889 -0.622454824814 2.02150277 5.41275771242 19.4349481068 0.0002 0.0002
101.800698 1.50356969916 3.1758427586 -0.649574496291 1.99381301812 5.54733841459 19.0101276964 0.0002 0.0002
101.800698 1.50356969916 3.1758427586 -0.649574496291 1.99381301812 5.54733841459 19.0101276964 0.0002 0.0002
102.001412 1.53890616408 3.18662765106 -0.70102343524 1.94128257522 5.81842232782 18.2202989195 0.0002 0.0002
102.001412 1.53890616408 3.18662765106 -0.70102343524 1.94128257522 5.81842232782 18.2202989195 0.0002 0.0002
104.444898 1.85263274015 3.36598969026 -1.32736121954 1.30177859538 10.7747518344 10.295924352 0.0002 0.0002
104.444898 1.85263274015 3.36598969026 -1.32736121954 1.30177859538 10.7747518344 10.295924352 0.0002 0.0002
106.986098 2.03035515501 3.71478162496 -1.97874599418 0.636701114444 19.1762314859 5.36985971343 0.0002 0.0002
107.036098 2.0329500402 3.72414490164 -1.59559239926 0.515012187541 19.3550093477 5.31229366888 0.0002 0.0002
107.036098 2.0329500402 3.72414490164 -1.59559239926 0.515012187541 19.3550093477 5.31229366888 0.0002 0.0002
107.236098 2.04317021513 3.76230718943 -0.0137634576258 0.0444674356547 19.6786474856 5.20100402803 0.0002 0.0002
107.236098 2.04317021513 3.76230718943 -0.0137634576258 0.0444674356547 19.6786474856 5.20100402803 0.0002 0.0002
107.486098 2.05598075647 3.81003432877 1.95261454498 -0.54318022811 19.1897615702 5.32463053776 0.0002 0.0002
107.792612 2.07246625919 3.8657963739 1.87574224961 -0.617729879361 18.0163166156 5.68046573844 0.0002 0.0002
107.792612 2.07246625919 3.8657963739 1.87574224961 -0.617729879361 18.0163166156 5.68046573844 0.0002 0.0002
112.046858 2.4733875844 4.3390287679 0.808797003848 -1.65243810031 6.59562623475 15.3383187853 0.0002 0.0002
112.046858 2.4733875844 4.3390287679 0.808797003848 -1.65243810031 6.59562623475 15.3383187853 0.0002 0.0002
112.777298 2.59443459217 4.383147936 0.625606025866 -1.83009408751 5.54788088573 17.8820995966 0.0002 0.0002
112.827298 2.60349487102 4.38593070551 0.503682911987 -1.48251445423 5.49143518347 18.0477850522 0.0002 0.0002
112.827298 2.60349487102 4.38593070551 0.503682911987 -1.48251445423 5.49143518347 18.0477850522 0.0002 0.0002
113.027298 2.64037954343 4.39689020024 0.0313182728775 -0.0473001160255 5.38499990857 18.355384187 0.0002 0.0002
113.027298 2.64037954343 4.39689020024 0.0313182728775 -0.0473001160255 5.38499990857 18.355384187 0.0002 0.0002
113.227298 2.67734958997 4.40783834471 -0.439038751754 1.3909142779 5.46611345089 18.0852242854 0.0002 0.0002
113.227298 2.67734958997 4.40783834471 -0.439038751754 1.3909142779 5.46611345089 18.0852242854 0.0002 0.0002
113.277298 2.68645700438 4.41061462356 -0.559823205241 1.74016743346 5.51603996902 17.9286181868 0.0002 0.0002
113.383098 2.70543138889 4.41657696095 -0.585014816364 1.71639640299 5.6371638317 17.5629137329 0.0002 0.0002
113.383098 2.70543138889 4.41657696095 -0.585014816364 1.71639640299 5.6371638317 17.5629137329 0.0002 0.0002
113.583812 2.74029622876 4.42823337532 -0.632806017071 1.67130019684 5.88159752247 16.8829555976 0.0002 0.0002
113.583812 2.74029622876 4.42823337532 -0.632806017071 1.67130019684 5.88159752247 16.8829555976 0.0002 0.0002
115.622798 3.01729049453 4.57840815329 -1.11830074671 1.21318301023 9.45207969832 11.0015347211 0.0002 0.0002
115.622798 3.01729049453 4.57840815329 -1.11830074671 1.21318301023 9.45207969832 11.0015347211 0.0002 0.0002
117.267498 3.16193344814 4.75903614006 -1.50991362774 0.843653579019 13.77470388 7.61865558281 0.0002 0.0002
117.267498 3.16193344814 4.75903614006 -1.50991362774 0.843653579019 13.77470388 7.61865558281 0.0002 0.0002
118.462698 3.23850039509 4.93791177321 -1.7944978774 0.57511732549 17.7241365109 5.92294059774 0.0002 0.0002
118.462698 3.23850039509 4.93791177321 -1.7944978774 0.57511732549 17.7241365109 5.92294059774 0.0002 0.0002
118.568498 3.24440632358 4.95595797468 -1.81968948852 0.551346295016 18.1065175342 5.80376074669 0.0002 0.0002
118.618498 3.24715487878 4.9646110151 -1.4578128879 0.422455966731 18.2704485342 5.75508722327 0.0002 0.0002
118.618498 3.24715487878 4.9646110151 -1.4578128879 0.422455966731 18.2704485342 5.75508722327 0.0002 0.0002
118.818498 3.25798736501 4.99967236941 0.0341767468722 -0.0810001847373 18.5567388209 5.68716608768 0.0002 0.0002
118.818498 3.25798736501 4.99967236941 0.0341767468722 -0.0810001847373 18.5567388209 5.68716608768 0.0002 0.0002
119.068498 3.27158102482 5.04307955973 1.88457782902 -0.721700374542 18.0729202887 5.88614848799 0.0002 0.0002
122.440498 3.55177040404 5.42814825081 1.03534548402 -1.59295108024 8.2269388771 13.6911531935 0.0002 0.0002
122.440498 3.55177040404 5.42814825081 1.03534548402 -1.59295108024 8.2269388771 13.6911531935 0.0002 0.0002
124.359698 3.8501565451 5.54224103204 0.55199829644 -2.0888301889 5.18050869364 20.7572278053 0.0002 0.0002
124.409698 3.85985625979 5.54463855987 0.437201003555 -1.68424012918 5.13106514797 20.9459439988 0.0002 0.0002
124.409698 3.85985625979 5.54463855987 0.437201003555 -1.68424012918 5.13106514797 20.9459439988 0.0002 0.0002
124.609698 3.89927686263 5.55408499703 -0.00904182672304 -0.0152612405484 5.04588544936 21.2876619829 0.0002 0.0002
124.609698 3.89927686263 5.55408499703 -0.00904182672304 -0.0152612405484 5.04588544936 21.2876619829 0.0002 0.0002
124.859698 3.94835362154 5.56592468209 -0.570990303687 2.05981562373 5.18970141166 20.7722368889 0.0002 0.0002
124.965498 3.96850284462 5.57107197596 -0.598023451673 2.0331120714 5.31338306698 20.3392051387 0.0002 0.0002
124.965498 3.96850284462 5.57107197596 -0.598023451673 2.0331120714 5.31338306698 20.3392051387 0.0002 0.0002
125.166212 4.0054267286 5.58114201235 -0.649308246238 1.98245255531 5.56374000139 19.5332251002 0.0002 0.0002
125.166212 4.0054267286 5.58114201235 -0.649308246238 1.98245255531 5.56374000139 19.5332251002 0.0002 0.0002
129.341898 4.47275691541 5.93640391325 -1.71624527443 0.928523920123 15.4415487199 7.37790138543 0.0002 0.0002
129.341898 4.47275691541 5.93640391325 -1.71624527443 0.928523920123 15.4415487199 7.37790138543 0.0002 0.0002
130.150898 4.52078889339 6.05788419493 -1.92295431716 0.724335131533 18.3856611895 6.04073841264 0.0002 0.0002
130.200898 4.52349516739 6.06620820636 -1.55603127206 0.589562028147 18.5596697853 5.97506593817 0.0002 0.0002
130.200898 4.52349516739 6.06620820636 -1.55603127206 0.589562028147 18.5596697853 5.97506593817 0.0002 0.0002
130.400898 4.53415032297 6.10015272407 -0.0400702207855 0.069213002834 18.880642498 5.84402481788 0.0002 0.0002
130.400898 4.53415032297 6.10015272407 -0.0400702207855 0.069213002834 18.880642498 5.84402481788 0.0002 0.0002
130.650898 4.54749746141 6.14266987477 1.84687656348 -0.578771051312 18.4250519792 5.97033977108 0.0002 0.0002
130.756698 4.55330112731 6.16020910339 1.82154806876 -0.602428072318 18.0369326531 6.09531063836 0.0002 0.0002
130.756698 4.55330112731 6.16020910339 1.82154806876 -0.602428072318 18.0369326531 6.09531063836 0.0002 0.0002
135.061658 4.95284181554 0.337036249307 0.79094167353 -1.56502286579 6.79026881211 15.4261002289 0.0002 0.0002
135.061658 4.95284181554 0.337036249307 0.79094167353 -1.56502286579 6.79026881211 15.4261002289 0.0002 0.0002
135.792098 5.06987970485 0.381091781531 0.616074512085 -1.72835022329 5.76252790949 17.8317116681 0.0002 0.0002
135.842098 5.07859995091 0.383883166797 0.490422602132 -1.38099646665 5.70722142009 17.9872306546 0.0002 0.0002
135.842098 5.07859995091 0.383883166797 0.490422602132 -1.38099646665 5.70722142009 17.9872306546 0.0002 0.0002
136.042098 5.11404966441 0.394891239994 0.00246197189711 0.0493030596487 5.60916499216 18.2549936553 0.0002 0.0002
136.042098 5.11404966441 0.394891239994 0.00246197189711 0.0493030596487 5.60916499216 18.2549936553 0.0002 0.0002
136.242098 5.14950556423 0.405911274551 -0.485340837041 1.47647549158 5.70523084436 17.948206041 0.0002 0.0002
136.242098 5.14950556423 0.405911274551 -0.485340837041 1.47647549158 5.70523084436 17.948206041 0.0002 0.0002
136.292098 5.15822922635 0.408709499922 -0.610903235357 1.82208485993 5.76002485185 17.7832232282 0.0002 0.0002
136.397898 5.17639138437 0.414724055796 -0.636126191171 1.79638337271 5.89196056518 17.4003892892 0.0002 0.0002
136.397898 5.17639138437 0.414724055796 -0.636126191171 1.79638337271 5.89196056518 17.4003892892 0.0002 0.0002
139.002498 5.50863558114 0.616672682175 -1.25706863646 1.16366037081 10.8229758132 9.69065935485 0.0002 0.0002
139.002498 5.50863558114 0.616672682175 -1.25706863646 1.16366037081 10.8229758132 9.69065935485 0.0002 0.0002
141.496798 5.68546342646 0.968807474022 -1.85171531591 0.557732019563 18.5772156256 5.39699031556 0.0002 0.0002
141.633298 5.69272974645 0.994392814736 -0.873389898115 0.243921489144 18.950095834 5.28782881232 0.0002 0.0002
141.633298 5.69272974645 0.994392814736 -0.873389898115 0.243921489144 18.950095834 5.28782881232 0.0002 0.0002
141.833298 5.70324120131 1.03235042967 0.597634815017 -0.205545549627 19.0055353472 5.28019327575 0.0002 0.0002
141.833298 5.70324120131 1.03235042967 0.597634815017 -0.205545549627 19.0055353472 5.28019327575 0.0002 0.0002
142.169798 5.72140489929 1.09427784171 2.94299381532 -1.00565724698 17.7962660314 5.68186941417 0.0002 0.0002
147.464298 0.612850620499 1.54264412973 0.0687228865412 -2.87987737765 1.8507319534 26.2538324843 0.0002 0.0002
147.774298 0.779056916786 1.5541751329 -0.281973942411 -0.319473359364 1.91618488282 27.2556957687 0.0002 0.0002
147.774298 0.779056916786 1.5541751329 -0.281973942411 -0.319473359364 1.91618488282 27.2556957687 0.0002 0.0002
147.974298 0.879696828481 1.56152638574 -0.523626741948 1.37234728797 2.0766360123 27.0442378277 0.0002 0.0002
147.974298 0.879696828481 1.56152638574 -0.523626741948 1.37234728797 2.0766360123 27.0442378277 0.0002 0.0002
148.484298 1.08910494296 1.58144058626 -1.29115718119 5.1897021984 2.97785293847 23.6037234304 0.0002 0.0002
148.795099 1.180823091 1.59557290026 -1.56952326653 4.82189552047 3.8669552823 20.4921088478 0.0002 0.0002
148.795099 1.180823091 1.59557290026 -1.56952326653 4.82189552047 3.8669552823 20.4921088478 0.0002 0.0002
149.451742 1.31410347834 1.63345439334 -2.15763958977 4.04481410692 6.31437068175 14.6698460379 0.0002 0.0002
149.761742 1.3590140996 1.65622277601 -1.45474577388 2.03516085104 7.44954170347 12.8100373074 0.0002 0.0002
149.761742 1.3590140996 1.65622277601 -1.45474577388 2.03516085104 7.44954170347 12.8100373074 0.0002 0.0002
149.961742 1.38498674268 1.67225379609 -0.869330248121 0.933419043198 7.91698052829 12.2196277306 0.0002 0.0002
149.961742 1.38498674268 1.67225379609 -0.869330248121 0.933419043198 7.91698052829 12.2196277306 0.0002 0.0002
150.471742 1.44810302746 1.71408121215 0.785622917844 -1.75452583504 7.96129883964 12.6237652696 0.0002 0.0002
150.968217 1.51358294069 1.75085460556 0.684772408547 -1.91492205498 7.23128431997 14.4455544108 0.0002 0.0002
150.968217 1.51358294069 1.75085460556 0.684772408547 -1.91492205498 7.23128431997 14.4455544108 0.0002 0.0002
150.968217 1.51358294069 1.75085460556 0.684772408547 -1.91492205498 7.23128431997 14.4455544108 0.0002 0.0002
153.973287 2.03980907756 1.89853712368 0.0743432026985 -2.88577027226 4.95008877009 28.8719709026 0.0002 0.0002
154.283287 2.10221062304 1.9090218452 -0.323748536329 -0.95132329022 5.0268718614 30.0698010866 0.0002 0.0002
154.283287 2.10221062304 1.9090218452 -0.323748536329 -0.95132329022 5.0268718614 30.0698010866 0.0002 0.0002
154.483287 2.14135909767 1.91565017221 -0.59284207725 0.348970674593 5.20966184879 30.190621099 0.0002 0.0002
154.483287 2.14135909767 1.91565017221 -0.59284207725 0.348970674593 5.20966184879 30.190621099 0.0002 0.0002
154.993287 2.23202574986 1.93297006746 -1.39629515043 3.50645871631 6.20547206071 28.1865358223 0.0002 0.0002
155.304088 2.27880291565 1.94443962225 -1.5440278448 3.35985759195 7.11932738795 26.0524778474 0.0002 0.0002
155.304088 2.27880291565 1.94443962225 -1.5440278448 3.35985759195 7.11932738795 26.0524778474 0.0002 0.0002
155.960731 2.35936427156 1.97196919534 -1.85614923317 3.0501269215 9.35202986496 21.8434063865 0.0002 0.0002
156.270731 2.39065253024 1.98676449777 -1.75625359314 2.43028465926 10.4746114984 20.1486065472 0.0002 0.0002
156.270731 2.39065253024 1.98676449777 -1.75625359314 2.43028465926 10.4746114984 20.1486065472 0.0002 0.0002
156.470731 2.40914285282 1.99692521053 -1.66437146575 2.0692397275 11.1594312266 19.2496132851 0.0002 0.0002
156.470731 2.40914285282 1.99692521053 -1.66437146575 2.0692397275 11.1594312266 19.2496132851 0.0002 0.0002
156.980731 2.45184988742 2.02475479905 -1.34173910986 1.25319836402 12.7027393939 17.5662571998 0.0002 0.0002
157.477206 2.48896945014 2.05404721995 -1.45118487162 1.18054816761 14.0893563276 16.3579628905 0.0002 0.0002
157.477206 2.48896945014 2.05404721995 -1.45118487162 1.18054816761 14.0893563276 16.3579628905 0.0002 0.0002
157.477206 2.48896945014 2.05404721995 -1.45118487162 1.18054816761 14.0893563276 16.3579628905 0.0002 0.0002
158.548502 2.55734235745 2.12490688451 -1.68734743126 1.0237832453 17.4516534296 13.9964714652 0.0002 0.0002
158.548502 2.55734235745 2.12490688451 -1.68734743126 1.0237832453 17.4516534296 13.9964714652 0.0002 0.0002
158.813005 2.57211966831 2.14417516916 -1.74565597111 0.985077983401 18.3596931285 13.4651216436 0.0002 0.0002
158.813005 2.57211966831 2.14417516916 -1.74565597111 0.985077983401 18.3596931285 13.4651216436 0.0002 0.0002
165.740498 2.7957967851 2.95068471245 -3.2727917755 -0.0286361553503 53.124954764 6.83937757485 0.0002 0.0002
165.740498 2.7957967851 2.95068471245 -3.2727917755 -0.0286361553503 53.124954764 6.83937757485 0.0002 0.0002
168.065698 2.83406254152 3.2754573196 -3.78537203684 -0.368887399982 69.5365972605 7.7636993457 0.0002 0.0002
168.065698 2.83406254152 3.2754573196 -3.78537203684 -0.368887399982 69.5365972605 7.7636993457 0.0002 0.0002
168.277698 2.83707650345 3.30248498916 -3.83210651792 -0.399909791114 71.1515027141 7.92668435022 0.0002 0.0002
168.277698 2.83707650345 3.30248498916 -3.83210651792 -0.399909791114 71.1515027141 7.92668435022 0.0002 0.0002
