0.0 0.0 0.0 -1.25496218107 0.769129356329 5.79591993221 9.76354123194 0.0002 0.0002
0.0 0.0 0.0 -1.25496218107 0.769129356329 5.79591993221 9.76354123194 0.0002 0.0002
0.0 0.0 0.0 -1.25496218107 0.769129356329 5.79591993221 9.76354123194 0.0002 0.0002
0.423 0.0667594163758 0.0447878985559 -1.4428866926 0.700175904917 6.93711000577 9.14202510643 0.0002 0.0002
0.423 0.0667594163758 0.0447878985559 -1.4428866926 0.700175904917 6.93711000577 9.14202510643 0.0002 0.0002
0.877 0.126486659391 0.0961923158198 -1.64458344965 0.626169127279 8.33882145036 8.53986446181 0.0002 0.0002
0.877 0.126486659391 0.0961923158198 -1.64458344965 0.626169127279 8.33882145036 8.53986446181 0.0002 0.0002
1.357 0.179022448202 0.154383895826 -1.85783112231 0.547924076032 10.0199804449 7.97629972422 0.0002 0.0002
1.357 0.179022448202 0.154383895826 -1.85783112231 0.547924076032 10.0199804449 7.97629972422 0.0002 0.0002
1.89 0.227394322413 0.223635578898 -2.09462489216 0.461039467042 12.1266395006 7.43852215576 0.0002 0.0002
1.89 0.227394322413 0.223635578898 -2.09462489216 0.461039467042 12.1266395006 7.43852215576 0.0002 0.0002
2.475 0.271179996266 0.30505861889 -2.3545204932 0.365678310835 14.729389551 6.95489225571 0.0002 0.0002
2.475 0.271179996266 0.30505861889 -2.3545204932 0.365678310835 14.729389551 6.95489225571 0.0002 0.0002
3.06 0.307484137912 0.391624494297 -2.61441609425 0.270317154627 17.6362174547 6.58283490841 0.0002 0.0002
3.06 0.307484137912 0.391624494297 -2.61441609425 0.270317154627 17.6362174547 6.58283490841 0.0002 0.0002
3.645 0.337998020731 0.482428938122 -2.8743116953 0.174955998419 20.8471232116 6.32235011388 0.0002 0.0002
3.645 0.337998020731 0.482428938122 -2.8743116953 0.174955998419 20.8471232116 6.32235011388 0.0002 0.0002
4.6635 0.380811662332 0.646702367221 -3.32679660072 0.00892978030411 27.1629520111 6.13506244825 0.0002 0.0002
5.0 0.393012521176 0.700154293621 2.95767002299 -1.53097501429 27.2904668731 6.63442543722 0.0002 0.0002
5.0 0.393012521176 0.700154293621 2.95767002299 -1.53097501429 27.2904668731 6.63442543722 0.0002 0.0002
5.3365 0.40616238419 0.746093615405 8.35066556162 -3.55674282081 23.383999719 8.30363863041 0.0002 0.0002
5.7585 0.427407908084 0.789108157882 7.07416940936 -4.25047207404 16.8747193613 11.598283316 0.0002 0.0002
6.025 0.444839792891 0.810381711869 3.5266368738 -2.00462090205 14.0984795228 13.2953539966 0.0002 0.0002
6.025 0.444839792891 0.810381711869 3.5266368738 -2.00462090205 14.0984795228 13.2953539966 0.0002 0.0002
6.2915 0.464715101572 0.829983634169 0.740062401505 0.658759508858 12.9810757905 13.6604999535 0.0002 0.0002
6.973 0.519282589956 0.881521585913 0.658809325174 0.587221385729 12.0277447088 12.8113639738 0.0002 0.0002
6.973 0.519282589956 0.881521585913 0.658809325174 0.587221385729 12.0277447088 12.8113639738 0.0002 0.0002
7.482 0.562787632981 0.922178592962 0.598122874914 0.533790857962 11.3879662189 12.2407687418 0.0002 0.0002
7.482 0.562787632981 0.922178592962 0.598122874914 0.533790857962 11.3879662189 12.2407687418 0.0002 0.0002
7.992 0.608771932377 0.964764560211 0.537317197836 0.480255358629 10.8088917818 11.7236051713 0.0002 0.0002
7.992 0.608771932377 0.964764560211 0.537317197836 0.480255358629 10.8088917818 11.7236051713 0.0002 0.0002
8.498 0.656756286595 1.00881042157 0.476988428029 0.427139745564 10.2956531351 11.2644632486 0.0002 0.0002
8.498 0.656756286595 1.00881042157 0.476988428029 0.427139745564 10.2956531351 11.2644632486 0.0002 0.0002
8.9873 0.705345246495 1.053040216 0.41865074608 0.375777157674 9.85741688723 10.8715960079 0.0002 0.0002
8.9873 0.705345246495 1.053040216 0.41865074608 0.375777157674 9.85741688723 10.8715960079 0.0002 0.0002
9.4566 0.753884123975 1.09689140452 0.362697600486 0.32651400113 9.49073010819 10.542010767 0.0002 0.0002
9.4566 0.753884123975 1.09689140452 0.362697600486 0.32651400113 9.49073010819 10.542010767 0.0002 0.0002
9.9277 0.804389090118 1.14220992919 0.306529846621 0.277061895765 9.17545705786 10.257666162 0.0002 0.0002
9.9277 0.804389090118 1.14220992919 0.306529846621 0.277061895765 9.17545705786 10.257666162 0.0002 0.0002
16.240021 1.5214050987 1.78048184098 -0.446068099142 -0.38555233304 10.0562672996 10.9424926275 0.0002 0.0002
16.240021 1.5214050987 1.78048184098 -0.446068099142 -0.38555233304 10.0562672996 10.9424926275 0.0002 0.0002
17.480021 1.63872057671 1.88872641104 -0.382727428512 -0.515833917675 11.0930605476 12.0612148883 0.0002 0.0002
17.480021 1.63872057671 1.88872641104 -0.382727428512 -0.515833917675 11.0930605476 12.0612148883 0.0002 0.0002
17.480021 1.63872057671 1.88872641104 -0.382727428512 -0.515833917675 11.0930605476 12.0612148883 0.0002 0.0002
17.480021 1.63872057671 1.88872641104 -0.382727428512 -0.515833917675 11.0930605476 12.0612148883 0.0002 0.0002
18.720021 1.74640654073 1.98613167349 -0.283560979823 -0.64611550231 11.9265632633 13.5033255051 0.0002 0.0002
18.720021 1.74640654073 1.98613167349 -0.729111450256 -0.141660623028 11.9265632633 13.5033255051 0.0002 0.0002
20.0 1.84561306288 2.07939426865 -0.893485736618 -0.238352750845 14.0034535879 13.9897346434 0.0002 0.0002
20.0 1.84561306288 2.07939426865 -0.893485736618 -0.238352750845 14.0034535879 13.9897346434 0.0002 0.0002
22.328798 1.98940176165 2.23815869125 -1.19254885354 -0.414274726029 18.8614067694 15.5095722063 0.0002 0.0002
22.595298 2.0031035815 2.2554654536 -4.46257701832 2.03226893073 20.3472646412 15.0720890986 0.0002 0.0002
22.595298 2.0031035815 2.2554654536 -4.46257701832 2.03226893073 20.3472646412 15.0720890986 0.0002 0.0002
22.861798 2.01531245148 2.27408161005 -8.51110963145 4.134297156 23.7560401257 13.404735478 0.0002 0.0002
23.218798 2.0286352899 2.3040002717 -9.61473289008 3.65245315077 30.2269659059 10.6248656185 0.0002 0.0002
23.355298 2.03297869048 2.31742681096 -7.36544736707 2.67311133613 32.5534258504 9.76462542643 0.0002 0.0002
23.355298 2.03297869048 2.31742681096 -7.36544736707 2.67311133613 32.5534258504 9.76462542643 0.0002 0.0002
23.555298 2.03890174121 2.33891062725 -3.50958575783 1.44365390719 34.7459796215 8.94778871324 0.0002 0.0002
23.555298 2.03890174121 2.33891062725 -3.50958575783 1.44365390719 34.7459796215 8.94778871324 0.0002 0.0002
23.891798 2.04847812213 2.37773232362 3.52680402474 -0.364355406318 34.7400509644 8.59260257427 0.0002 0.0002
27.336298 2.19977858347 2.71421094009 2.19438269322 -0.818440660329 15.0334233144 12.6667436258 0.0002 0.0002
27.336298 2.19977858347 2.71421094009 2.19438269322 -0.818440660329 15.0334233144 12.6667436258 0.0002 0.0002
28.003298 2.24889243029 2.76465007153 1.93636991106 -0.906370654356 12.2782113274 13.8171927727 0.0002 0.0002
28.003298 2.24889243029 2.76465007153 1.93636991106 -0.906370654356 12.2782113274 13.8171927727 0.0002 0.0002
28.805298 2.32353038535 2.81973690981 1.62613565126 -1.01209757371 9.4210818664 15.3558042916 0.0002 0.0002
28.855298 2.32888120868 2.82298384437 1.34162213525 -0.576854363525 9.27276469666 15.4352897955 0.0002 0.0002
28.855298 2.32888120868 2.82298384437 1.34162213525 -0.576854363525 9.27276469666 15.4352897955 0.0002 0.0002
29.055298 2.3509160118 2.83594260283 0.264693244258 1.17202107361 8.95393053804 15.3153398673 0.0002 0.0002
29.055298 2.3509160118 2.83594260283 0.264693244258 1.17202107361 8.95393053804 15.3153398673 0.0002 0.0002
29.305298 2.37870440047 2.85278814638 -1.05842920224 3.19046252551 9.15003226254 14.2115284342 0.0002 0.0002
32.666098 2.63726414857 3.61946947222 -1.83720365869 0.546795083237 18.8816751815 1.65135306277 0.0002 0.0002
32.716098 2.63990077392 3.65023121445 -1.24699275873 0.456917994146 19.0359662641 1.60119382111 0.0002 0.0002
32.716098 2.63990077392 3.65023121445 -1.24699275873 0.456917994146 19.0359662641 1.60119382111 0.0002 0.0002
32.916098 2.65035807444 3.78078017287 1.1547312441 0.120870125986 19.0545756338 1.48660013581 0.0002 0.0002
32.916098 2.65035807444 3.78078017287 1.1547312441 0.120870125986 19.0545756338 1.48660013581 0.0002 0.0002
33.166098 2.66386028207 3.94857526892 3.96662308894 -0.285706213702 17.7571100347 1.52727505424 0.0002 0.0002
36.526898 3.31329762642 4.88220812135 0.799443356374 -2.66585084357 1.73931392528 11.4468680123 0.0002 0.0002
36.576898 3.34269101253 4.88652884822 0.681664238997 -2.20431531012 1.6653109327 11.6905488721 0.0002 0.0002
36.576898 3.34269101253 4.88652884822 0.681664238997 -2.20431531012 1.6653109327 11.6905488721 0.0002 0.0002
36.776898 3.47119461083 4.90319580613 0.259180720186 -0.212384629982 1.47924495571 12.1794396543 0.0002 0.0002
36.776898 3.47119461083 4.90319580613 0.259180720186 -0.212384629982 1.47924495571 12.1794396543 0.0002 0.0002
37.026898 3.64302911539 4.92399806734 -0.225050094563 2.28539965715 1.47086018832 11.6518136014 0.0002 0.0002
37.333412 3.83951642576 4.95197956856 -0.443995568909 2.12169531882 1.67593205081 10.3009772919 0.0002 0.0002
37.333412 3.83951642576 4.95197956856 -0.443995568909 2.12169531882 1.67593205081 10.3009772919 0.0002 0.0002
40.387698 4.62857270201 5.62635583408 -2.62569721078 0.490448887344 11.0516517321 2.32274181304 0.0002 0.0002
40.437698 4.63304700542 5.64809231008 -2.16538556193 0.363742862995 11.2913812981 2.28006344721 0.0002 0.0002
40.437698 4.63304700542 5.64809231008 -2.16538556193 0.363742862995 11.2913812981 2.28006344721 0.0002 0.0002
40.637698 4.65029862571 5.73738199986 -0.176821115189 -0.121890056659 11.7653846524 2.2322512991 0.0002 0.0002
40.637698 4.65029862571 5.73738199986 -0.176821115189 -0.121890056659 11.7653846524 2.2322512991 0.0002 0.0002
40.887698 4.6718589231 5.84549370633 2.31016234155 -0.761476774439 11.2220747838 2.44914019686 0.0002 0.0002
41.194212 4.70100366911 5.95926275229 2.1370808667 -0.95919725879 9.85893247908 2.97655087749 0.0002 0.0002
41.194212 4.70100366911 5.95926275229 2.1370808667 -0.95919725879 9.85893247908 2.97655087749 0.0002 0.0002
44.248498 5.44299161031 0.153335720046 0.412395124774 -2.9294006011 2.072103651 14.8534408806 0.0002 0.0002
44.298498 5.46734197713 0.156671400647 0.297693341071 -2.31884433158 2.03662435317 15.1160391448 0.0002 0.0002
44.298498 5.46734197713 0.156671400647 0.297693341071 -2.31884433158 2.03662435317 15.1160391448 0.0002 0.0002
44.498498 5.56700502015 0.169650842312 -0.145275364136 0.266234791437 2.00648157509 15.5312773846 0.0002 0.0002
44.498498 5.56700502015 0.169650842312 -0.145275364136 0.266234791437 2.00648157509 15.5312773846 0.0002 0.0002
44.748498 5.68672593065 0.186108928215 -0.734364701374 3.40629472543 2.2225786808 14.5965347713 0.0002 0.0002
44.854298 5.73268804936 0.193540576606 -0.807638616783 3.31494558741 2.38572263186 13.8854275462 0.0002 0.0002
44.854298 5.73268804936 0.193540576606 -0.807638616783 3.31494558741 2.38572263186 13.8854275462 0.0002 0.0002
45.055012 5.81130418958 0.208721930136 -0.946647129614 3.14164642967 2.73783234116 12.5894991361 0.0002 0.0002
45.055012 5.81130418958 0.208721930136 -0.946647129614 3.14164642967 2.73783234116 12.5894991361 0.0002 0.0002
48.109298 0.0252495052428 1.00408514017 -3.06195425627 0.504534961177 14.9812474336 1.45301836053 0.0002 0.0002
48.159298 0.0285556330121 1.03906391995 -2.42608537226 0.39960903588 15.2558504524 1.40784422306 0.0002 0.0002
48.159298 0.0285556330121 1.03906391995 -2.42608537226 0.39960903588 15.2558504524 1.40784422306 0.0002 0.0002
48.359298 0.0414067668035 1.18674904898 0.272027743522 0.00622541076216 15.6917795402 1.32761478018 0.0002 0.0002
48.359298 0.0414067668035 1.18674904898 0.272027743522 0.00622541076216 15.6917795402 1.32761478018 0.0002 0.0002
48.609298 0.0577073047973 1.36982470894 3.54735810928 -0.490691848422 14.7190670822 1.44656258659 0.0002 0.0002
48.715098 0.0650832025027 1.44031271918 3.44971872121 -0.58144102545 13.9787763536 1.55999424464 0.0002 0.0002
48.715098 0.0650832025027 1.44031271918 3.44971872121 -0.58144102545 13.9787763536 1.55999424464 0.0002 0.0002
48.915812 0.0801888138092 1.55945371209 3.26448628133 -0.753601992541 12.6311414107 1.82795606896 0.0002 0.0002
48.915812 0.0801888138092 1.55945371209 3.26448628133 -0.753601992541 12.6311414107 1.82795606896 0.0002 0.0002
51.970098 0.934390951285 2.19626247904 0.445784806364 -3.37339349453 1.29891237132 14.4329806072 0.0002 0.0002
52.020098 0.973508616599 2.19968913512 0.346201524377 -2.78949550614 1.25934107442 14.7413434646 0.0002 0.0002
52.020098 0.973508616599 2.19968913512 0.346201524377 -2.78949550614 1.25934107442 14.7413434646 0.0002 0.0002
52.220098 1.13807313505 2.21290553721 -0.0308249574113 -0.269354314221 1.19697087402 15.3601408899 0.0002 0.0002
52.220098 1.13807313505 2.21290553721 -0.0308249574113 -0.269354314221 1.19697087402 15.3601408899 0.0002 0.0002
52.470098 1.33926329699 2.22940071711 -0.514100376547 2.89090427548 1.33084046309 14.692898157 0.0002 0.0002
52.575898 1.4154923827 2.23675442498 -0.614610436746 2.82352442692 1.45025806714 14.0883116003 0.0002 0.0002
52.575898 1.4154923827 2.23675442498 -0.614610436746 2.82352442692 1.45025806714 14.0883116003 0.0002 0.0002
55.830898 2.1716980602 2.82331955054 -3.70686228879 0.750543263868 15.5166517888 2.45472126674 0.0002 0.0002
55.880898 2.17488466279 2.84398639065 -3.05776957874 0.614019226459 15.8551311 2.38654302422 0.0002 0.0002
55.880898 2.17488466279 2.84398639065 -3.05776957874 0.614019226459 15.8551311 2.38654302422 0.0002 0.0002
56.080898 2.18716859122 2.93104048557 -0.253265639933 0.110533288007 16.525201742 2.24330562655 0.0002 0.0002
56.080898 2.18716859122 2.93104048557 -0.253265639933 0.110533288007 16.525201742 2.24330562655 0.0002 0.0002
56.330898 2.20251884248 3.04137856263 3.25491932237 -0.504764778593 15.7607522758 2.34009923077 0.0002 0.0002
56.436698 2.20938156425 3.08555279503 3.17708686508 -0.561495926494 15.0802460212 2.45290961337 0.0002 0.0002
56.436698 2.20938156425 3.08555279503 3.17708686508 -0.561495926494 15.0802460212 2.45290961337 0.0002 0.0002
59.691698 2.81124686785 3.73568382664 0.782524970274 -2.30686347299 2.19170949709 11.7894194587 0.0002 0.0002
59.741698 2.8344538772 3.73988674875 0.655785600695 -1.82376464041 2.11984483884 11.9960972052 0.0002 0.0002
59.741698 2.8344538772 3.73988674875 0.655785600695 -1.82376464041 2.11984483884 11.9960972052 0.0002 0.0002
59.941698 2.93350039333 3.75624566697 0.19446410233 0.22069180831 1.95169529466 12.320393556 0.0002 0.0002
59.941698 2.93350039333 3.75624566697 0.19446410233 0.22069180831 1.95169529466 12.320393556 0.0002 0.0002
60.191698 3.06182356912 3.77699580168 -0.351558567251 2.70219836993 1.99028825722 11.5764571867 0.0002 0.0002
60.498212 3.20689226939 3.80550579176 -0.524597379187 2.48238662714 2.25884232099 9.9873093009 0.0002 0.0002
60.498212 3.20689226939 3.80550579176 -0.524597379187 2.48238662714 2.25884232099 9.9873093009 0.0002 0.0002
62.097498 3.68346402073 4.06528296424 -1.42745515856 1.3354835725 5.38073261587 3.8814429408 0.0002 0.0002
62.097498 3.68346402073 4.06528296424 -1.42745515856 1.3354835725 5.38073261587 3.8814429408 0.0002 0.0002
63.552498 3.87614449308 4.70920137489 -2.2488580027 0.292052976292 10.7297682655 1.5133772623 0.0002 0.0002
63.602498 3.88075848055 4.74253181235 -1.92986049373 0.209019701479 10.9388147423 1.48833686796 0.0002 0.0002
63.602498 3.88075848055 4.74253181235 -1.92986049373 0.209019701479 10.9388147423 1.48833686796 0.0002 0.0002
63.802498 3.89856273738 4.87875336181 -0.55279279915 -0.115008182227 11.4395894074 1.46969204296 0.0002 0.0002
63.802498 3.89856273738 4.87875336181 -0.55279279915 -0.115008182227 11.4395894074 1.46969204296 0.0002 0.0002
64.052498 3.9204388642 5.04199739681 1.22981153175 -0.540556121639 11.268061175 1.631450374 0.0002 0.0002
68.445984 4.56337337244 5.87344824079 0.250197204687 -4.02044539348 4.76566351153 21.6701466767 0.0002 0.0002
68.445984 4.56337337244 5.87344824079 0.250197204687 -4.02044539348 4.76566351153 21.6701466767 0.0002 0.0002
68.646698 4.60591291973 5.88237771161 0.205444061046 -4.17942222767 4.67420993052 23.3159749064 0.0002 0.0002
68.646698 4.60591291973 5.88237771161 0.205444061046 -4.17942222767 4.67420993052 23.3159749064 0.0002 0.0002
68.752498 4.62864959041 5.8868308894 0.18185386506 -4.26322180844 4.63323380994 24.2092066454 0.0002 0.0002
68.802498 4.63945698249 5.88887912883 0.042561062224 -3.62005706359 4.62201824818 24.6035529166 0.0002 0.0002
68.802498 4.63945698249 5.88887912883 0.042561062224 -3.62005706359 4.62201824818 24.6035529166 0.0002 0.0002
69.002498 4.68246300014 5.896832733 -0.519985105169 -0.883871091239 4.71680297087 25.5110613235 0.0002 0.0002
69.002498 4.68246300014 5.896832733 -0.519985105169 -0.883871091239 4.71680297087 25.5110613235 0.0002 0.0002
69.252498 4.7334268575 5.90666081511 -1.29477998366 2.61665643287 5.1653222964 25.0727877685 0.0002 0.0002
69.7 4.81116757497 5.92538112841 -1.52665691 2.47660422174 6.42792094919 22.793543439 0.0002 0.0002
69.7 4.81116757497 5.92538112841 -1.52665691 2.47660422174 6.42792094919 22.793543439 0.0002 0.0002
70.002498 4.8550450242 5.93910249755 -1.68339879376 2.38193310572 7.39895637947 21.3238456145 0.0002 0.0002
70.002498 4.8550450242 5.93910249755 -1.68339879376 2.38193310572 7.39895637947 21.3238456145 0.0002 0.0002
70.251298 4.88685915345 5.95110314432 -1.81231660702 2.304067554 8.26869037118 20.1579686504 0.0002 0.0002
70.251298 4.88685915345 5.95110314432 -1.81231660702 2.304067554 8.26869037118 20.1579686504 0.0002 0.0002
71.491298 5.00502011664 6.02272787901 -2.21258848609 1.91564317572 13.3026075026 14.9208288121 0.0002 0.0002
71.491298 5.00502011664 6.02272787901 -2.21258848609 1.91564317572 13.3026075026 14.9208288121 0.0002 0.0002
71.491298 5.00502011664 6.02272787901 -2.21258848609 1.91564317572 13.3026075026 14.9208288121 0.0002 0.0002
71.491298 5.00502011664 6.02272787901 -2.21258848609 1.91564317572 13.3026075026 14.9208288121 0.0002 0.0002
72.731298 5.08269191272 6.12135319679 -2.41137316664 1.52721879743 19.0857599598 10.647846432 0.0002 0.0002
72.731298 5.08269191272 6.12135319679 -2.41137316664 1.52721879743 19.0857599598 10.647846432 0.0002 0.0002
73.630098 5.12495702499 6.21795533172 -2.73229676844 1.24592636218 23.7088904974 8.15534356253 0.0002 0.0002
73.680098 5.12705459543 6.22413118103 -2.23838566248 1.05865548387 23.9575131099 8.04015546272 0.0002 0.0002
73.680098 5.12705459543 6.22413118103 -2.23838566248 1.05865548387 23.9575131099 8.04015546272 0.0002 0.0002
73.880098 5.13529550677 6.24952526827 -0.188821590431 0.347070176376 24.4457378762 7.76060041723 0.0002 0.0002
73.880098 5.13529550677 6.24952526827 -0.188821590431 0.347070176376 24.4457378762 7.76060041723 0.0002 0.0002
74.130098 5.14559378287 0.0 2.37463530752 -0.514398478362 23.8943699033 7.80206422373 0.0002 0.0002
74.436612 5.15882391998 0.037106025636 2.2894724173 -0.564080122782 22.4647555882 8.13263301368 0.0002 0.0002
74.436612 5.15882391998 0.037106025636 2.2894724173 -0.564080122782 22.4647555882 8.13263301368 0.0002 0.0002
75.985612 5.24051980244 0.20742861878 1.85909299919 -0.815151418733 16.038627758 10.2690626715 0.0002 0.0002
75.985612 5.24051980244 0.20742861878 1.85909299919 -0.815151418733 16.038627758 10.2690626715 0.0002 0.0002
78.030098 5.40605509038 0.377074896996 1.29104606892 -1.14653408469 9.59821253523 14.2797012196 0.0002 0.0002
78.080098 5.41129780933 0.380563546661 1.08233938924 -0.858908453186 9.47958390665 14.3800077181 0.0002 0.0002
78.080098 5.41129780933 0.380563546661 1.08233938924 -0.858908453186 9.47958390665 14.3800077181 0.0002 0.0002
78.280098 5.43276519085 0.394381628419 0.283700122571 0.31488735085 9.20786401436 14.4894123827 0.0002 0.0002
78.280098 5.43276519085 0.394381628419 0.283700122571 0.31488735085 9.20786401436 14.4894123827 0.0002 0.0002
78.530098 5.45988621988 0.411879050978 -0.694232917795 1.74421704771 9.30962699702 13.970180886 0.0002 0.0002
78.635898 5.47116136111 0.419553551542 -0.711074763194 1.71360365663 9.45830854967 13.6043434555 0.0002 0.0002
78.635898 5.47116136111 0.419553551542 -0.711074763194 1.71360365663 9.45830854967 13.6043434555 0.0002 0.0002
78.836612 5.49206377913 0.434688742456 -0.743025558634 1.65552675513 9.75016684167 12.928111814 0.0002 0.0002
78.836612 5.49206377913 0.434688742456 -0.743025558634 1.65552675513 9.75016684167 12.928111814 0.0002 0.0002
83.821298 5.84688408204 1.2520468999 -1.53651621059 0.213200271649 21.1129667851 3.61309436582 0.0002 0.0002
83.871298 5.84924440448 1.26592137044 -1.16484329848 0.134531446154 21.2480749835 3.59571295391 0.0002 0.0002
83.871298 5.84924440448 1.26592137044 -1.16484329848 0.134531446154 21.2480749835 3.59571295391 0.0002 0.0002
84.071298 5.85859878174 1.32163738627 0.349980226305 -0.178127906729 21.411828308 3.60439095157 0.0002 0.0002
84.071298 5.85859878174 1.32163738627 0.349980226305 -0.178127906729 21.411828308 3.60439095157 0.0002 0.0002
84.271298 5.86801481047 1.37627008898 1.84489514849 -0.501017041472 20.9707503505 3.73957665684 0.0002 0.0002
84.271298 5.86801481047 1.37627008898 1.84489514849 -0.501017041472 20.9707503505 3.73957665684 0.0002 0.0002
84.321298 5.87041032962 1.38954690922 2.20545280468 -0.585482949085 20.7681726437 3.79388549008 0.0002 0.0002
84.427098 5.87556250445 1.41697899807 2.17557951992 -0.622929311761 20.3046594238 3.92173550728 0.0002 0.0002
84.427098 5.87556250445 1.41697899807 2.17557951992 -0.622929311761 20.3046594238 3.92173550728 0.0002 0.0002
84.627812 5.88566454148 1.46653700279 2.11890667986 -0.69396909662 19.4426959207 4.18605545442 0.0002 0.0002
84.627812 5.88566454148 1.46653700279 2.11890667986 -0.69396909662 19.4426959207 4.18605545442 0.0002 0.0002
89.612498 0.113956550765 2.04431394783 0.711449739099 -2.45822580533 5.33425790406 19.8987572514 0.0002 0.0002
89.662498 0.123389105285 2.04681214401 0.581885826223 -2.03472415003 5.26961473699 20.1234868447 0.0002 0.0002
89.662498 0.123389105285 2.04681214401 0.581885826223 -2.03472415003 5.26961473699 20.1234868447 0.0002 0.0002
89.862498 0.161950228772 2.05660966094 0.0836175861982 -0.270653485334 5.13728654372 20.5872761607 0.0002 0.0002
89.862498 0.161950228772 2.05660966094 0.0836175861982 -0.270653485334 5.13728654372 20.5872761607 0.0002 0.0002
90.112498 0.210331929012 2.06882408192 -0.534967405934 1.94630834943 5.24910473213 20.1644945216 0.0002 0.0002
90.218298 0.23027008885 2.0741250119 -0.560891620102 1.92118584053 5.36504661709 19.7553136363 0.0002 0.0002
90.218298 0.23027008885 2.0741250119 -0.560891620102 1.92118584053 5.36504661709 19.7553136363 0.0002 0.0002
90.419012 0.26689622259 2.08448690534 -0.610072647726 1.87352573419 5.60007553914 18.9936618973 0.0002 0.0002
90.419012 0.26689622259 2.08448690534 -0.610072647726 1.87352573419 5.60007553914 18.9936618973 0.0002 0.0002
95.297898 0.784106486936 2.54426338047 -1.80554793664 0.715020470109 17.3856129895 6.36444006082 0.0002 0.0002
95.297898 0.784106486936 2.54426338047 -1.80554793664 0.715020470109 17.3856129895 6.36444006082 0.0002 0.0002
95.403698 0.790125767211 2.56108537723 -1.83147215081 0.689897961212 17.7704097148 6.21579969079 0.0002 0.0002
95.453698 0.792926018889 2.56917113798 -1.45049010841 0.543190308377 17.9345677998 6.15416779005 0.0002 0.0002
95.453698 0.792926018889 2.56917113798 -1.45049010841 0.543190308377 17.9345677998 6.15416779005 0.0002 0.0002
95.653698 0.803963270104 2.60204613972 0.119931355511 -0.0261134716091 18.2022459254 6.05135266216 0.0002 0.0002
95.653698 0.803963270104 2.60204613972 0.119931355511 -0.0261134716091 18.2022459254 6.05135266216 0.0002 0.0002
95.903698 0.817846851053 2.64291951241 2.05831102957 -0.745012944116 17.6526569586 6.24239275084 0.0002 0.0002
101.194898 1.48183961846 3.12207618946 0.488681462995 -2.0631053262 4.17601028192 21.1007081427 0.0002 0.0002
101.244898 1.49387858138 3.12443503568 0.390475473693 -1.64575410982 4.13206721741 21.2862135264 0.0002 0.0002
101.244898 1.49387858138 3.12443503568 0.390475473693 -1.64575410982 4.13206721741 21.2862135264 0.0002 0.0002
101.444898 1.5429046912 3.13373680608 0.0095406039465 0.0728646261473 4.05249187311 21.6024957166 0.0002 0.0002
101.444898 1.5429046912 3.13373680608 0.0095406039465 0.0728646261473 4.05249187311 21.6024957166 0.0002 0.0002
101.694898 1.60404091099 3.14541727033 -0.468629234752 2.20154228851 4.16630838374 21.0290630018 0.0002 0.0002
101.800698 1.62913117996 3.15050470906 -0.499600320319 2.17212632177 4.26874707067 20.5663288629 0.0002 0.0002
101.800698 1.62913117996 3.15050470906 -0.499600320319 2.17212632177 4.26874707067 20.5663288629 0.0002 0.0002
102.001412 1.67503914082 3.16047509319 -0.55835580679 2.11632106329 4.48109367677 19.7055774344 0.0002 0.0002
102.001412 1.67503914082 3.16047509319 -0.55835580679 2.11632106329 4.48109367677 19.7055774344 0.0002 0.0002
104.444898 2.07097994041 3.32703525673 -1.2736432736 1.43694958027 8.95755778171 11.0232103627 0.0002 0.0002
104.444898 2.07097994041 3.32703525673 -1.2736432736 1.43694958027 8.95755778171 11.0232103627 0.0002 0.0002
106.986098 2.27643460174 3.65900466637 -2.01753479197 0.730410311117 17.3210994819 5.51551540666 0.0002 0.0002
107.036098 2.27930557512 3.6681268203 -1.64836934084 0.597121183599 17.5044616764 5.44916306894 0.0002 0.0002
107.036098 2.27930557512 3.6681268203 -1.64836934084 0.597121183599 17.5044616764 5.44916306894 0.0002 0.0002
107.236098 2.29058432835 3.70541216935 -0.116083507885 0.0844620837831 17.8594294149 5.31363761928 0.0002 0.0002
107.236098 2.29058432835 3.70541216935 -0.116083507885 0.0844620837831 17.8594294149 5.31363761928 0.0002 0.0002
107.486098 2.30468772696 3.75218608413 1.79797375509 -0.552144993759 17.4350742882 5.42950212966 0.0002 0.0002
107.792612 2.32283987547 3.80687842437 1.72356141039 -0.625809043132 16.3556744584 5.79056153333 0.0002 0.0002
107.792612 2.32283987547 3.80687842437 1.72356141039 -0.625809043132 16.3556744584 5.79056153333 0.0002 0.0002
112.046858 2.76341030939 4.27315290303 0.690758929063 -1.64822559633 6.08456181159 15.4648643021 0.0002 0.0002
112.046858 2.76341030939 4.27315290303 0.690758929063 -1.64822559633 6.08456181159 15.4648643021 0.0002 0.0002
112.777298 2.89357333662 4.31694569231 0.51343015107 -1.82377114474 5.2049739399 18.0009496017 0.0002 0.0002
112.827298 2.90322358422 4.31971024204 0.397186103422 -1.46899120426 5.15945843846 18.165643129 0.0002 0.0002
112.827298 2.90322358422 4.31971024204 0.397186103422 -1.46899120426 5.15945843846 18.165643129 0.0002 0.0002
113.027298 2.94235967371 4.33060213472 -0.0563585677553 -0.0052289896163 5.09165749242 18.4620845488 0.0002 0.0002
113.027298 2.94235967371 4.33060213472 -0.0563585677553 -0.0052289896163 5.09165749242 18.4620845488 0.0002 0.0002
113.227298 2.98132396706 4.34149278693 -0.513563223449 1.45886916502 5.20503224232 18.1697814321 0.0002 0.0002
113.227298 2.98132396706 4.34149278693 -0.513563223449 1.45886916502 5.20503224232 18.1697814321 0.0002 0.0002
113.277298 2.99087940852 4.34425662713 -0.631883329755 1.81383648266 5.26228531021 18.0060910773 0.0002 0.0002
113.383098 3.01072991564 4.35019564388 -0.660016250998 1.78862932954 5.39896828585 17.6249501944 0.0002 0.0002
113.383098 3.01072991564 4.35019564388 -0.660016250998 1.78862932954 5.39896828585 17.6249501944 0.0002 0.0002
113.583812 3.0470000147 4.36181996756 -0.713387433931 1.74080864401 5.67462963307 16.9165425809 0.0002 0.0002
113.583812 3.0470000147 4.36181996756 -0.713387433931 1.74080864401 5.67462963307 16.9165425809 0.0002 0.0002
115.622798 3.32556770049 4.51319126122 -1.25556732573 1.2550143879 9.68930082266 10.8081013604 0.0002 0.0002
115.622798 3.32556770049 4.51319126122 -1.25556732573 1.2550143879 9.68930082266 10.8081013604 0.0002 0.0002
117.267498 3.46458800013 4.69911407786 -1.69290395681 0.86315990091 14.5386515411 7.32434010758 0.0002 0.0002
117.267498 3.46458800013 4.69911407786 -1.69290395681 0.86315990091 14.5386515411 7.32434010758 0.0002 0.0002
118.462698 3.53662826835 4.88681292947 -2.0107155586 0.578400076715 18.9652175859 5.60138762232 0.0002 0.0002
118.462698 3.53662826835 4.88681292947 -2.0107155586 0.578400076715 18.9652175859 5.60138762232 0.0002 0.0002
118.568498 3.54214496433 4.90590741652 -2.03884847984 0.553192923603 19.3936614611 5.48166508288 0.0002 0.0002
118.618498 3.54471057184 4.91507136982 -1.62290226839 0.422248202633 19.5768159105 5.4329108354 0.0002 0.0002
118.618498 3.54471057184 4.91507136982 -1.62290226839 0.422248202633 19.5768159105 5.4329108354 0.0002 0.0002
118.818498 3.55481795658 4.95222774695 0.0933533765032 -0.0886493596029 19.8845263213 5.36657831908 0.0002 0.0002
118.818498 3.55481795658 4.95222774695 0.0933533765032 -0.0886493596029 19.8845263213 5.36657831908 0.0002 0.0002
119.068498 3.56752100432 4.9981710341 2.21541761111 -0.740295887624 19.3020038847 5.57194253735 0.0002 0.0002
122.440498 3.84515934265 5.39404325924 1.18329526438 -1.67712969472 7.84154406858 13.723501601 0.0002 0.0002
122.440498 3.84515934265 5.39404325924 1.18329526438 -1.67712969472 7.84154406858 13.723501601 0.0002 0.0002
124.359698 4.17694859653 5.50684135984 0.595854811279 -2.2103359351 4.42699924338 21.1843256377 0.0002 0.0002
124.409698 4.18831511282 5.50919012802 0.492323387039 -1.79243581775 4.37260863032 21.3845315832 0.0002 0.0002
124.409698 4.18831511282 5.50919012802 0.492323387039 -1.79243581775 4.37260863032 21.3845315832 0.0002 0.0002
124.609698 4.23481856639 5.51843722726 0.0940091787869 -0.0657597380619 4.25596927903 21.7581841292 0.0002 0.0002
124.609698 4.23481856639 5.51843722726 0.0940091787869 -0.0657597380619 4.25596927903 21.7581841292 0.0002 0.0002
124.859698 4.29332439767 5.53001543774 -0.398268419423 2.08539769193 4.33140073774 21.2489848002 0.0002 0.0002
124.965498 4.31751062409 5.53504669833 -0.426569138675 2.0587652724 4.41866855138 20.8105323586 0.0002 0.0002
124.965498 4.31751062409 5.53504669833 -0.426569138675 2.0587652724 4.41866855138 20.8105323586 0.0002 0.0002
125.166212 4.36204182534 5.54488660018 -0.480258652513 2.00824070289 4.60068158466 19.9942273212 0.0002 0.0002
125.166212 4.36204182534 5.54488660018 -0.480258652513 2.00824070289 4.60068158466 19.9942273212 0.0002 0.0002
129.341898 4.92572787124 5.8901863706 -1.59722384317 0.957119517734 13.2755961571 7.61181416304 0.0002 0.0002
129.341898 4.92572787124 5.8901863706 -1.59722384317 0.957119517734 13.2755961571 7.61181416304 0.0002 0.0002
130.150898 4.9812045148 6.00795686614 -1.81362537318 0.753474646259 16.0349731732 6.22794348437 0.0002 0.0002
130.200898 4.98430628101 6.01603091584 -1.47181467606 0.605925938272 16.1993052112 6.159998274 0.0002 0.0002
130.200898 4.98430628101 6.01603091584 -1.47181467606 0.605925938272 16.1993052112 6.159998274 0.0002 0.0002
130.400898 4.99650163532 6.04894205588 -0.0554382720209 0.0359902072032 16.5065537304 6.03236020185 0.0002 0.0002
130.400898 4.99650163532 6.04894205588 -0.0554382720209 0.0359902072032 16.5065537304 6.03236020185 0.0002 0.0002
130.650898 5.01177285647 6.09004844677 1.70876909592 -0.677513866919 16.0894043876 6.19129229696 0.0002 0.0002
130.756698 5.0184232424 6.10693977508 1.68299284312 -0.702446440251 15.7305559744 6.33729209746 0.0002 0.0002
130.756698 5.0184232424 6.10693977508 1.68299284312 -0.702446440251 15.7305559744 6.33729209746 0.0002 0.0002
135.061658 5.48792635009 0.254784218012 0.634167349239 -1.71694295154 5.75527403274 16.7526666535 0.0002 0.0002
135.061658 5.48792635009 0.254784218012 0.634167349239 -1.71694295154 5.75527403274 16.7526666535 0.0002 0.0002
135.792098 5.62508555173 0.295326687341 0.456208879532 -1.88907668372 4.9588196202 19.3866476359 0.0002 0.0002
135.842098 5.63521142427 0.297894131299 0.344778174295 -1.50597981337 4.91878373547 19.5564575921 0.0002 0.0002
135.842098 5.63521142427 0.297894131299 0.344778174295 -1.50597981337 4.91878373547 19.5564575921 0.0002 0.0002
136.042098 5.6762033538 0.308019202164 -0.0914475589119 0.0713938280011 4.8683885837 19.8449292248 0.0002 0.0002
136.042098 5.6762033538 0.308019202164 -0.0914475589119 0.0713938280011 4.8683885837 19.8449292248 0.0002 0.0002
136.242098 5.71689041289 0.31815893189 -0.533611992532 1.64418072436 4.99273190837 19.4999554155 0.0002 0.0002
136.242098 5.71689041289 0.31815893189 -0.533611992532 1.64418072436 4.99273190837 19.4999554155 0.0002 0.0002
136.292098 5.72684807686 0.320734760592 -0.648411315959 2.02471924719 5.05181319901 19.3164486774 0.0002 0.0002
136.397898 5.74750752437 0.326273323338 -0.678159498148 1.99678834526 5.19216439114 18.8909731741 0.0002 0.0002
136.397898 5.74750752437 0.326273323338 -0.678159498148 1.99678834526 5.19216439114 18.8909731741 0.0002 0.0002
139.002498 6.10566863628 0.514280157367 -1.41050463358 1.30918128329 10.6322989886 10.2802446796 0.0002 0.0002
139.002498 6.10566863628 0.514280157367 -1.41050463358 1.30918128329 10.6322989886 10.2802446796 0.0002 0.0002
141.496798 0.0 0.855916569544 -2.11183630497 0.650693110571 19.4180739917 5.39172997899 0.0002 0.0002
141.633298 0.00390711601722 0.881573954743 -0.850547183619 0.271520172708 19.823646405 5.26622096239 0.0002 0.0002
141.633298 0.00390711601722 0.881573954743 -0.850547183619 0.271520172708 19.823646405 5.26622096239 0.0002 0.0002
141.833298 0.0139737167264 0.919683400598 1.03928665813 -0.270194414536 19.7856556071 5.26595749102 0.0002 0.0002
141.833298 0.0139737167264 0.919683400598 1.03928665813 -0.270194414536 19.7856556071 5.26595749102 0.0002 0.0002
142.169798 0.0316109436764 0.98132878258 3.96901794393 -1.2507584297 18.0692215925 5.76870303339 0.0002 0.0002
147.464298 2.10998987234 1.38513860415 -0.93984355323 -3.60435472022 2.03125778093 31.4740996056 0.0002 0.0002
147.774298 2.24172488466 1.39472763916 -1.44696808629 -1.0537438562 2.7650386358 32.9303176926 0.0002 0.0002
147.774298 2.24172488466 1.39472763916 -1.44696808629 -1.0537438562 2.7650386358 32.9303176926 0.0002 0.0002
147.974298 2.30690534929 1.40078334946 -1.84813924078 0.664180581268 3.42177398718 33.0085028919 0.0002 0.0002
147.974298 2.30690534929 1.40078334946 -1.84813924078 0.664180581268 3.42177398718 33.0085028919 0.0002 0.0002
148.484298 2.42123114269 1.41676009376 -3.27026704383 4.75623486459 5.97459709075 30.1797237516 0.0002 0.0002
148.795099 2.46565919446 1.42758841479 -3.87862737064 4.5129698889 8.19648062366 27.298845645 0.0002 0.0002
148.795099 2.46565919446 1.42758841479 -3.87862737064 4.5129698889 8.19648062366 27.298845645 0.0002 0.0002
149.451742 2.52670410957 1.45456486667 -5.16393710282 3.99901323035 14.1342172872 21.7095115136 0.0002 0.0002
149.761742 2.54662256856 1.46951416024 -3.74537880803 1.40977318761 16.9304578736 20.0530384772 0.0002 0.0002
149.761742 2.54662256856 1.46951416024 -3.74537880803 1.40977318761 16.9304578736 20.0530384772 0.0002 0.0002
149.961742 2.55799018297 1.47957758947 -2.52479148737 -0.127019484551 18.1909281629 19.7977884411 0.0002 0.0002
149.961742 2.55799018297 1.47957758947 -2.52479148737 -0.127019484551 18.1909281629 19.7977884411 0.0002 0.0002
150.471742 2.58500898479 1.50443241232 1.08640563279 -4.30530928268 18.949846295 21.9861662448 0.0002 0.0002
150.968217 2.61196943835 1.52500993823 1.02928363267 -4.74644943424 17.8994594669 26.4801381538 0.0002 0.0002
150.968217 2.61196943835 1.52500993823 1.02928363267 -4.74644943424 17.8994594669 26.4801381538 0.0002 0.0002
150.968217 2.61196943835 1.52500993823 1.02928363267 -4.74644943424 17.8994594669 26.4801381538 0.0002 0.0002
153.973287 2.81220725907 1.59863235322 0.6835348862 -7.4165879815 12.7523199204 63.0309170007 0.0002 0.0002
154.283287 2.83672816684 1.60341348997 -0.298145293553 -2.65935614892 12.6337723901 66.1790538591 0.0002 0.0002
154.283287 2.83672816684 1.60341348997 -0.298145293553 -2.65935614892 12.6337723901 66.1790538591 0.0002 0.0002
154.483287 2.85243237572 1.60642118402 -0.940588314422 0.570069870999 12.8807178837 66.5982730616 0.0002 0.0002
154.483287 2.85243237572 1.60642118402 -0.940588314422 0.570069870999 12.8807178837 66.5982730616 0.0002 0.0002
154.993287 2.88982908174 1.61427980071 -2.8080704494 8.41533127096 14.7531696681 61.9164589327 0.0002 0.0002
155.304088 2.90971655131 1.61952083096 -2.99525379008 8.05482867493 16.556848645 56.7975167514 0.0002 0.0002
155.304088 2.90971655131 1.61952083096 -2.99525379008 8.05482867493 16.556848645 56.7975167514 0.0002 0.0002
155.960731 2.94515059178 1.63226841806 -3.39072430136 7.29317891781 20.7501564569 46.7193550017 0.0002 0.0002
156.270731 2.95941474535 1.63921652336 -2.83588408512 5.54560721414 22.6869344925 42.7526860734 0.0002 0.0002
156.270731 2.95941474535 1.63921652336 -2.83588408512 5.54560721414 22.6869344925 42.7526860734 0.0002 0.0002
156.470731 2.968026948 1.64401224718 -2.4156772368 4.54156610606 23.7387220879 40.7380756968 0.0002 0.0002
156.470731 2.968026948 1.64401224718 -2.4156772368 4.54156610606 23.7387220879 40.7380756968 0.0002 0.0002
156.980731 2.98862687943 1.6571583039 -1.1787055006 2.29144449762 25.5887575432 37.284672617 0.0002 0.0002
157.477206 3.00759288831 1.67089231788 -1.2250637843 2.20821122924 26.782168899 35.05070604 0.0002 0.0002
157.477206 3.00759288831 1.67089231788 -1.2250637843 2.20821122924 26.782168899 35.05070604 0.0002 0.0002
157.477206 3.00759288831 1.67089231788 -1.2250637843 2.20821122924 26.782168899 35.05070604 0.0002 0.0002
158.548502 3.04570619758 1.70365691064 -1.32509589848 2.02861010637 29.5141447665 30.5118162905 0.0002 0.0002
158.548502 3.04570619758 1.70365691064 -1.32509589848 2.02861010637 29.5141447665 30.5118162905 0.0002 0.0002
158.813005 3.05456269525 1.71248073024 -1.34979382912 1.98426658618 30.2216611241 29.4503983667 0.0002 0.0002
158.813005 3.05456269525 1.71248073024 -1.34979382912 1.98426658618 30.2216611241 29.4503983667 0.0002 0.0002
165.740498 3.22786554068 2.12792372433 -1.99664751922 0.822883064249 53.4041101396 10.0038888134 0.0002 0.0002
165.740498 3.22786554068 2.12792372433 -1.99664751922 0.822883064249 53.4041101396 10.0038888134 0.0002 0.0002
168.065698 3.26790152773 2.40777937877 -2.21376274405 0.43306686881 63.1941560837 7.08355402904 0.0002 0.0002
168.065698 3.26790152773 2.40777937877 -2.21376274405 0.43306686881 63.1941560837 7.08355402904 0.0002 0.0002
168.277698 3.27123152536 2.43809156839 -2.2335582144 0.397525395632 64.1369881269 6.90746846898 0.0002 0.0002
168.277698 3.27123152536 2.43809156839 -2.2335582144 0.397525395632 64.1369881269 6.90746846898 0.0002 0.0002
