0.0 0.0 0.0 -1.25496218107 0.769129356329 5.79591993221 9.76354123194 0.0002 0.0002
0.0 0.0 0.0 -1.25496218107 0.769129356329 5.79591993221 9.76354123194 0.0002 0.0002
0.0 0.0 0.0 -1.25496218107 0.769129356329 5.79591993221 9.76354123194 0.0002 0.0002
0.423 0.0667594163758 0.0447878985559 -1.4428866926 0.700175904917 6.93711000577 9.14202510643 0.0002 0.0002
0.423 0.0667594163758 0.0447878985559 -1.4428866926 0.700175904917 6.93711000577 9.14202510643 0.0002 0.0002
0.877 0.126486659391 0.0961923158198 -1.64458344965 0.626169127279 8.33882145036 8.53986446181 0.0002 0.0002
0.877 0.126486659391 0.0961923158198 -1.64458344965 0.626169127279 8.33882145036 8.53986446181 0.0002 0.0002
1.357 0.179022448202 0.154383895826 -1.85783112231 0.547924076032 10.0199804449 7.97629972422 0.0002 0.0002
1.357 0.179022448202 0.154383895826 -1.85783112231 0.547924076032 10.0199804449 7.97629972422 0.0002 0.0002
1.89 0.227394322413 0.223635578898 -2.09462489216 0.461039467042 12.1266395006 7.43852215576 0.0002 0.0002
1.89 0.227394322413 0.223635578898 -2.09462489216 0.461039467042 12.1266395006 7.43852215576 0.0002 0.0002
2.475 0.271179996266 0.30505861889 -2.3545204932 0.365678310835 14.729389551 6.95489225571 0.0002 0.0002
2.475 0.271179996266 0.30505861889 -2.3545204932 0.365678310835 14.729389551 6.95489225571 0.0002 0.0002
3.06 0.307484137912 0.391624494297 -2.61441609425 0.270317154627 17.6362174547 6.58283490841 0.0002 0.0002
3.06 0.307484137912 0.391624494297 -2.61441609425 0.270317154627 17.6362174547 6.58283490841 0.0002 0.0002
3.645 0.337998020731 0.482428938122 -2.8743116953 0.174955998419 20.8471232116 6.32235011388 0.0002 0.0002
3.645 0.337998020731 0.482428938122 -2.8743116953 0.174955998419 20.8471232116 6.32235011388 0.0002 0.0002
4.6635 0.380811662332 0.646702367221 -3.32679660072 0.00892978030411 27.1629520111 6.13506244825 0.0002 0.0002
5.0 0.393012521176 0.700154293621 2.95767002299 -1.53097501429 27.2904668731 6.63442543722 0.0002 0.0002
5.0 0.393012521176 0.700154293621 2.95767002299 -1.53097501429 27.2904668731 6.63442543722 0.0002 0.0002
5.3365 0.40616238419 0.746093615405 8.35066556162 -3.55674282081 23.383999719 8.30363863041 0.0002 0.0002
5.7585 0.427407908084 0.789108157882 7.07416940936 -4.25047207404 16.8747193613 11.598283316 0.0002 0.0002
6.025 0.444839792891 0.810381711869 3.5266368738 -2.00462090205 14.0984795228 13.2953539966 0.0002 0.0002
6.025 0.444839792891 0.810381711869 3.5266368738 -2.00462090205 14.0984795228 13.2953539966 0.0002 0.0002
6.2915 0.464715101572 0.829983634169 0.740062401505 0.658759508858 12.9810757905 13.6604999535 0.0002 0.0002
6.973 0.519282589956 0.881521585913 0.658809325174 0.587221385729 12.0277447088 12.8113639738 0.0002 0.0002
6.973 0.519282589956 0.881521585913 0.658809325174 0.587221385729 12.0277447088 12.8113639738 0.0002 0.0002
7.482 0.562787632981 0.922178592962 0.598122874914 0.533790857962 11.3879662189 12.2407687418 0.0002 0.0002
7.482 0.562787632981 0.922178592962 0.598122874914 0.533790857962 11.3879662189 12.2407687418 0.0002 0.0002
7.992 0.608771932377 0.964764560211 0.537317197836 0.480255358629 10.8088917818 11.7236051713 0.0002 0.0002
7.992 0.608771932377 0.964764560211 0.537317197836 0.480255358629 10.8088917818 11.7236051713 0.0002 0.0002
8.498 0.656756286595 1.00881042157 0.476988428029 0.427139745564 10.2956531351 11.2644632486 0.0002 0.0002
8.498 0.656756286595 1.00881042157 0.476988428029 0.427139745564 10.2956531351 11.2644632486 0.0002 0.0002
8.9873 0.705345246495 1.053040216 0.41865074608 0.375777157674 9.85741688723 10.8715960079 0.0002 0.0002
8.9873 0.705345246495 1.053040216 0.41865074608 0.375777157674 9.85741688723 10.8715960079 0.0002 0.0002
9.4566 0.753884123975 1.09689140452 0.362697600486 0.32651400113 9.49073010819 10.542010767 0.0002 0.0002
9.4566 0.753884123975 1.09689140452 0.362697600486 0.32651400113 9.49073010819 10.542010767 0.0002 0.0002
9.9277 0.804389090118 1.14220992919 0.306529846621 0.277061895765 9.17545705786 10.257666162 0.0002 0.0002
9.9277 0.804389090118 1.14220992919 0.306529846621 0.277061895765 9.17545705786 10.257666162 0.0002 0.0002
16.240021 1.5214050987 1.78048184098 -0.446068099142 -0.38555233304 10.0562672996 10.9424926275 0.0002 0.0002
16.240021 1.5214050987 1.78048184098 -0.446068099142 -0.38555233304 10.0562672996 10.9424926275 0.0002 0.0002
17.480021 1.63872057671 1.88872641104 -0.382727428512 -0.515833917675 11.0930605476 12.0612148883 0.0002 0.0002
17.480021 1.63872057671 1.88872641104 -0.382727428512 -0.515833917675 11.0930605476 12.0612148883 0.0002 0.0002
17.480021 1.63872057671 1.88872641104 -0.382727428512 -0.515833917675 11.0930605476 12.0612148883 0.0002 0.0002
17.480021 1.63872057671 1.88872641104 -0.382727428512 -0.515833917675 11.0930605476 12.0612148883 0.0002 0.0002
18.720021 1.74640654073 1.98613167349 -0.283560979823 -0.64611550231 11.9265632633 13.5033255051 0.0002 0.0002
18.720021 1.74640654073 1.98613167349 -0.729111450256 -0.141660623028 11.9265632633 13.5033255051 0.0002 0.0002
20.0 1.84561306288 2.07939426865 -0.893485736618 -0.238352750845 14.0034535879 13.9897346434 0.0002 0.0002
20.0 1.84561306288 2.07939426865 -0.893485736618 -0.238352750845 14.0034535879 13.9897346434 0.0002 0.0002
22.328798 1.98940176165 2.23815869125 -1.19254885354 -0.414274726029 18.8614067694 15.5095722063 0.0002 0.0002
22.595298 2.0031035815 2.2554654536 -4.46257701832 2.03226893073 20.3472646412 15.0720890986 0.0002 0.0002
22.595298 2.0031035815 2.2554654536 -4.46257701832 2.03226893073 20.3472646412 15.0720890986 0.0002 0.0002
22.861798 2.01531245148 2.27408161005 -8.51110963145 4.134297156 23.7560401257 13.404735478 0.0002 0.0002
23.218798 2.0286352899 2.3040002717 -9.61473289008 3.65245315077 30.2269659059 10.6248656185 0.0002 0.0002
23.355298 2.03297869048 2.31742681096 -7.36544736707 2.67311133613 32.5534258504 9.76462542643 0.0002 0.0002
23.355298 2.03297869048 2.31742681096 -7.36544736707 2.67311133613 32.5534258504 9.76462542643 0.0002 0.0002
23.555298 2.03890174121 2.33891062725 -3.50958575783 1.44365390719 34.7459796215 8.94778871324 0.0002 0.0002
23.555298 2.03890174121 2.33891062725 -3.50958575783 1.44365390719 34.7459796215 8.94778871324 0.0002 0.0002
23.891798 2.04847812213 2.37773232362 3.52680402474 -0.364355406318 34.7400509644 8.59260257427 0.0002 0.0002
27.336298 2.19977858347 2.71421094009 2.19438269322 -0.818440660329 15.0334233144 12.6667436258 0.0002 0.0002
27.336298 2.19977858347 2.71421094009 2.19438269322 -0.818440660329 15.0334233144 12.6667436258 0.0002 0.0002
28.003298 2.24889243029 2.76465007153 1.93636991106 -0.906370654356 12.2782113274 13.8171927727 0.0002 0.0002
28.003298 2.24889243029 2.76465007153 1.93636991106 -0.906370654356 12.2782113274 13.8171927727 0.0002 0.0002
28.805298 2.32353038535 2.81973690981 1.62613565126 -1.01209757371 9.4210818664 15.3558042916 0.0002 0.0002
28.855298 2.32888120868 2.82298384437 1.34162213525 -0.576854363525 9.27276469666 15.4352897955 0.0002 0.0002
28.855298 2.32888120868 2.82298384437 1.34162213525 -0.576854363525 9.27276469666 15.4352897955 0.0002 0.0002
29.055298 2.3509160118 2.83594260283 0.264693244258 1.17202107361 8.95393053804 15.3153398673 0.0002 0.0002
29.055298 2.3509160118 2.83594260283 0.264693244258 1.17202107361 8.95393053804 15.3153398673 0.0002 0.0002
29.305298 2.37870440047 2.85278814638 -1.05842920224 3.19046252551 9.15003226254 14.2115284342 0.0002 0.0002
32.666098 2.63726414857 3.61946947222 -1.83720365869 0.546795083237 18.8816751815 1.65135306277 0.0002 0.0002
32.716098 2.63990077392 3.65023121445 -1.24699275873 0.456917994146 19.0359662641 1.60119382111 0.0002 0.0002
32.716098 2.63990077392 3.65023121445 -1.24699275873 0.456917994146 19.0359662641 1.60119382111 0.0002 0.0002
32.916098 2.65035807444 3.78078017287 1.1547312441 0.120870125986 19.0545756338 1.48660013581 0.0002 0.0002
32.916098 2.65035807444 3.78078017287 1.1547312441 0.120870125986 19.0545756338 1.48660013581 0.0002 0.0002
33.166098 2.66386028207 3.94857526892 3.96662308894 -0.285706213702 17.7571100347 1.52727505424 0.0002 0.0002
36.526898 3.31329762642 4.88220812135 0.799443356374 -2.66585084357 1.73931392528 11.4468680123 0.0002 0.0002
36.576898 3.34269101253 4.88652884822 0.681664238997 -2.20431531012 1.6653109327 11.6905488721 0.0002 0.0002
36.576898 3.34269101253 4.88652884822 0.681664238997 -2.20431531012 1.6653109327 11.6905488721 0.0002 0.0002
36.776898 3.47119461083 4.90319580613 0.259180720186 -0.212384629982 1.47924495571 12.1794396543 0.0002 0.0002
36.776898 3.47119461083 4.90319580613 0.259180720186 -0.212384629982 1.47924495571 12.1794396543 0.0002 0.0002
37.026898 3.64302911539 4.92399806734 -0.225050094563 2.28539965715 1.47086018832 11.6518136014 0.0002 0.0002
37.333412 3.83951642576 4.95197956856 -0.443995568909 2.12169531882 1.67593205081 10.3009772919 0.0002 0.0002
37.333412 3.83951642576 4.95197956856 -0.443995568909 2.12169531882 1.67593205081 10.3009772919 0.0002 0.0002
40.387698 4.62857270201 5.62635583408 -2.62569721078 0.490448887344 11.0516517321 2.32274181304 0.0002 0.0002
40.437698 4.63304700542 5.64809231008 -2.16538556193 0.363742862995 11.2913812981 2.28006344721 0.0002 0.0002
40.437698 4.63304700542 5.64809231008 -2.16538556193 0.363742862995 11.2913812981 2.28006344721 0.0002 0.0002
40.637698 4.65029862571 5.73738199986 -0.176821115189 -0.121890056659 11.7653846524 2.2322512991 0.0002 0.0002
40.637698 4.65029862571 5.73738199986 -0.176821115189 -0.121890056659 11.7653846524 2.2322512991 0.0002 0.0002
40.887698 4.6718589231 5.84549370633 2.31016234155 -0.761476774439 11.2220747838 2.44914019686 0.0002 0.0002
41.194212 4.70100366911 5.95926275229 2.1370808667 -0.95919725879 9.85893247908 2.97655087749 0.0002 0.0002
41.194212 4.70100366911 5.95926275229 2.1370808667 -0.95919725879 9.85893247908 2.97655087749 0.0002 0.0002
44.248498 5.44299161031 0.153335720046 0.412395124774 -2.9294006011 2.072103651 14.8534408806 0.0002 0.0002
44.298498 5.46734197713 0.156671400647 0.297693341071 -2.31884433158 2.03662435317 15.1160391448 0.0002 0.0002
44.298498 5.46734197713 0.156671400647 0.297693341071 -2.31884433158 2.03662435317 15.1160391448 0.0002 0.0002
44.498498 5.56700502015 0.169650842312 -0.145275364136 0.266234791437 2.00648157509 15.5312773846 0.0002 0.0002
44.498498 5.56700502015 0.169650842312 -0.145275364136 0.266234791437 2.00648157509 15.5312773846 0.0002 0.0002
44.748498 5.68672593065 0.186108928215 -0.734364701374 3.40629472543 2.2225786808 14.5965347713 0.0002 0.0002
44.854298 5.73268804936 0.193540576606 -0.807638616783 3.31494558741 2.38572263186 13.8854275462 0.0002 0.0002
44.854298 5.73268804936 0.193540576606 -0.807638616783 3.31494558741 2.38572263186 13.8854275462 0.0002 0.0002
45.055012 5.81130418958 0.208721930136 -0.946647129614 3.14164642967 2.73783234116 12.5894991361 0.0002 0.0002
45.055012 5.81130418958 0.208721930136 -0.946647129614 3.14164642967 2.73783234116 12.5894991361 0.0002 0.0002
48.109298 0.0252495052428 1.00408514017 -3.06195425627 0.504534961177 14.9812474336 1.45301836053 0.0002 0.0002
48.159298 0.0285556330121 1.03906391995 -2.42608537226 0.39960903588 15.2558504524 1.40784422306 0.0002 0.0002
48.159298 0.0285556330121 1.03906391995 -2.42608537226 0.39960903588 15.2558504524 1.40784422306 0.0002 0.0002
48.359298 0.0414067668035 1.18674904898 0.272027743522 0.00622541076216 15.6917795402 1.32761478018 0.0002 0.0002
48.359298 0.0414067668035 1.18674904898 0.272027743522 0.00622541076216 15.6917795402 1.32761478018 0.0002 0.0002
48.609298 0.0577073047973 1.36982470894 3.54735810928 -0.490691848422 14.7190670822 1.44656258659 0.0002 0.0002
48.715098 0.0650832025027 1.44031271918 3.44971872121 -0.58144102545 13.9787763536 1.55999424464 0.0002 0.0002
48.715098 0.0650832025027 1.44031271918 3.44971872121 -0.58144102545 13.9787763536 1.55999424464 0.0002 0.0002
48.915812 0.0801888138092 1.55945371209 3.26448628133 -0.753601992541 12.6311414107 1.82795606896 0.0002 0.0002
48.915812 0.0801888138092 1.55945371209 3.26448628133 -0.753601992541 12.6311414107 1.82795606896 0.0002 0.0002
51.970098 0.934390951285 2.19626247904 0.445784806364 -3.37339349453 1.29891237132 14.4329806072 0.0002 0.0002
52.020098 0.973508616599 2.19968913512 0.346201524377 -2.78949550614 1.25934107442 14.7413434646 0.0002 0.0002
52.020098 0.973508616599 2.19968913512 0.346201524377 -2.78949550614 1.25934107442 14.7413434646 0.0002 0.0002
52.220098 1.13807313505 2.21290553721 -0.0308249574113 -0.269354314221 1.19697087402 15.3601408899 0.0002 0.0002
52.220098 1.13807313505 2.21290553721 -0.0308249574113 -0.269354314221 1.19697087402 15.3601408899 0.0002 0.0002
52.470098 1.33926329699 2.22940071711 -0.514100376547 2.89090427548 1.33084046309 14.692898157 0.0002 0.0002
52.575898 1.4154923827 2.23675442498 -0.614610436746 2.82352442692 1.45025806714 14.0883116003 0.0002 0.0002
52.575898 1.4154923827 2.23675442498 -0.614610436746 2.82352442692 1.45025806714 14.0883116003 0.0002 0.0002
55.830898 2.1716980602 2.82331955054 -3.70686228879 0.750543263868 15.5166517888 2.45472126674 0.0002 0.0002
55.880898 2.17488466279 2.84398639065 -3.05776957874 0.614019226459 15.8551311 2.38654302422 0.0002 0.0002
55.880898 2.17488466279 2.84398639065 -3.05776957874 0.614019226459 15.8551311 2.38654302422 0.0002 0.0002
56.080898 2.18716859122 2.93104048557 -0.253265639933 0.110533288007 16.525201742 2.24330562655 0.0002 0.0002
56.080898 2.18716859122 2.93104048557 -0.253265639933 0.110533288007 16.525201742 2.24330562655 0.0002 0.0002
56.330898 2.20251884248 3.04137856263 3.25491932237 -0.504764778593 15.7607522758 2.34009923077 0.0002 0.0002
56.436698 2.20938156425 3.08555279503 3.17708686508 -0.561495926494 15.0802460212 2.45290961337 0.0002 0.0002
56.436698 2.20938156425 3.08555279503 3.17708686508 -0.561495926494 15.0802460212 2.45290961337 0.0002 0.0002
59.691698 2.81124686785 3.73568382664 0.782524970274 -2.30686347299 2.19170949709 11.7894194587 0.0002 0.0002
59.741698 2.8344538772 3.73988674875 0.655785600695 -1.82376464041 2.11984483884 11.9960972052 0.0002 0.0002
59.741698 2.8344538772 3.73988674875 0.655785600695 -1.82376464041 2.11984483884 11.9960972052 0.0002 0.0002
59.941698 2.93350039333 3.75624566697 0.19446410233 0.22069180831 1.95169529466 12.320393556 0.0002 0.0002
59.941698 2.93350039333 3.75624566697 0.19446410233 0.22069180831 1.95169529466 12.320393556 0.0002 0.0002
60.191698 3.06182356912 3.77699580168 -0.351558567251 2.70219836993 1.99028825722 11.5764571867 0.0002 0.0002
60.498212 3.20689226939 3.80550579176 -0.524597379187 2.48238662714 2.25884232099 9.9873093009 0.0002 0.0002
60.498212 3.20689226939 3.80550579176 -0.524597379187 2.48238662714 2.25884232099 9.9873093009 0.0002 0.0002
62.097498 3.68346402073 4.06528296424 -1.42745515856 1.3354835725 5.38073261587 3.8814429408 0.0002 0.0002
62.097498 3.68346402073 4.06528296424 -1.42745515856 1.3354835725 5.38073261587 3.8814429408 0.0002 0.0002
63.552498 3.87614449308 4.70920137489 -2.2488580027 0.292052976292 10.7297682655 1.5133772623 0.0002 0.0002
63.602498 3.88075848055 4.74253181235 -1.92986049373 0.209019701479 10.9388147423 1.48833686796 0.0002 0.0002
63.602498 3.88075848055 4.74253181235 -1.92986049373 0.209019701479 10.9388147423 1.48833686796 0.0002 0.0002
63.802498 3.89856273738 4.87875336181 -0.55279279915 -0.115008182227 11.4395894074 1.46969204296 0.0002 0.0002
63.802498 3.89856273738 4.87875336181 -0.55279279915 -0.115008182227 11.4395894074 1.46969204296 0.0002 0.0002
64.052498 3.9204388642 5.04199739681 1.22981153175 -0.540556121639 11.268061175 1.631450374 0.0002 0.0002
68.445984 4.56337337244 5.87344824079 0.250197204687 -4.02044539348 4.76566351153 21.6701466767 0.0002 0.0002
68.445984 4.56337337244 5.87344824079 0.250197204687 -4.02044539348 4.76566351153 21.6701466767 0.0002 0.0002
68.646698 4.60591291973 5.88237771161 0.205444061046 -4.17942222767 4.67420993052 23.3159749064 0.0002 0.0002
68.646698 4.60591291973 5.88237771161 0.205444061046 -4.17942222767 4.67420993052 23.3159749064 0.0002 0.0002
68.752498 4.62864959041 5.8868308894 0.18185386506 -4.26322180844 4.63323380994 24.2092066454 0.0002 0.0002
68.802498 4.63945698249 5.88887912883 0.042561062224 -3.62005706359 4.62201824818 24.6035529166 0.0002 0.0002
68.802498 4.63945698249 5.88887912883 0.042561062224 -3.62005706359 4.62201824818 24.6035529166 0.0002 0.0002
69.002498 4.68246300014 5.896832733 -0.519985105169 -0.883871091239 4.71680297087 25.5110613235 0.0002 0.0002
69.002498 4.68246300014 5.896832733 -0.519985105169 -0.883871091239 4.71680297087 25.5110613235 0.0002 0.0002
69.252498 4.7334268575 5.90666081511 -1.29477998366 2.61665643287 5.1653222964 25.0727877685 0.0002 0.0002
69.7 4.81116757497 5.92538112841 -1.52665691 2.47660422174 6.42792094919 22.793543439 0.0002 0.0002
69.7 4.81116757497 5.92538112841 -1.52665691 2.47660422174 6.42792094919 22.793543439 0.0002 0.0002
70.002498 4.8550450242 5.93910249755 -1.68339879376 2.38193310572 7.39895637947 21.3238456145 0.0002 0.0002
70.002498 4.8550450242 5.93910249755 -1.68339879376 2.38193310572 7.39895637947 21.3238456145 0.0002 0.0002
70.251298 4.88685915345 5.95110314432 -1.81231660702 2.304067554 8.26869037118 20.1579686504 0.0002 0.0002
70.251298 4.88685915345 5.95110314432 -1.81231660702 2.304067554 8.26869037118 20.1579686504 0.0002 0.0002
71.491298 5.00502011664 6.02272787901 -2.21258848609 1.91564317572 13.3026075026 14.9208288121 0.0002 0.0002
71.491298 5.00502011664 6.02272787901 -2.21258848609 1.91564317572 13.3026075026 14.9208288121 0.0002 0.0002
71.491298 5.00502011664 6.02272787901 -2.21258848609 1.91564317572 13.3026075026 14.9208288121 0.0002 0.0002
71.491298 5.00502011664 6.02272787901 -2.21258848609 1.91564317572 13.3026075026 14.9208288121 0.0002 0.0002
72.731298 5.08269191272 6.12135319679 -2.41137316664 1.52721879743 19.0857599598 10.647846432 0.0002 0.0002
72.731298 5.08269191272 6.12135319679 -2.41137316664 1.52721879743 19.0857599598 10.647846432 0.0002 0.0002
73.630098 5.12495702499 6.21795533172 -2.73229676844 1.24592636218 23.7088904974 8.15534356253 0.0002 0.0002
73.680098 5.12705459543 6.22413118103 -2.23838566248 1.05865548387 23.9575131099 8.04015546272 0.0002 0.0002
73.680098 5.12705459543 6.22413118103 -2.23838566248 1.05865548387 23.9575131099 8.04015546272 0.0002 0.0002
73.880098 5.13529550677 6.24952526827 -0.188821590431 0.347070176376 24.4457378762 7.76060041723 0.0002 0.0002
73.880098 5.13529550677 6.24952526827 -0.188821590431 0.347070176376 24.4457378762 7.76060041723 0.0002 0.0002
74.130098 5.14559378287 0.0 2.37463530752 -0.514398478362 23.8943699033 7.80206422373 0.0002 0.0002
74.436612 5.15882391998 0.037106025636 2.2894724173 -0.564080122782 22.4647555882 8.13263301368 0.0002 0.0002
74.436612 5.15882391998 0.037106025636 2.2894724173 -0.564080122782 22.4647555882 8.13263301368 0.0002 0.0002
75.985612 5.24051980244 0.20742861878 1.85909299919 -0.815151418733 16.038627758 10.2690626715 0.0002 0.0002
75.985612 5.24051980244 0.20742861878 1.85909299919 -0.815151418733 16.038627758 10.2690626715 0.0002 0.0002
78.030098 5.40605509038 0.377074896996 1.29104606892 -1.14653408469 9.59821253523 14.2797012196 0.0002 0.0002
78.080098 5.41129780933 0.380563546661 1.08233938924 -0.858908453186 9.47958390665 14.3800077181 0.0002 0.0002
78.080098 5.41129780933 0.380563546661 1.08233938924 -0.858908453186 9.47958390665 14.3800077181 0.0002 0.0002
78.280098 5.43276519085 0.394381628419 0.283700122571 0.31488735085 9.20786401436 14.4894123827 0.0002 0.0002
78.280098 5.43276519085 0.394381628419 0.283700122571 0.31488735085 9.20786401436 14.4894123827 0.0002 0.0002
78.530098 5.45988621988 0.411879050978 -0.694232917795 1.74421704771 9.30962699702 13.970180886 0.0002 0.0002
78.635898 5.47116136111 0.419553551542 -0.711074763194 1.71360365663 9.45830854967 13.6043434555 0.0002 0.0002
78.635898 5.47116136111 0.419553551542 -0.711074763194 1.71360365663 9.45830854967 13.6043434555 0.0002 0.0002
78.836612 5.49206377913 0.434688742456 -0.743025558634 1.65552675513 9.75016684167 12.928111814 0.0002 0.0002
78.836612 5.49206377913 0.434688742456 -0.743025558634 1.65552675513 9.75016684167 12.928111814 0.0002 0.0002
83.821298 5.84688408204 1.2520468999 -1.53651621059 0.213200271649 21.1129667851 3.61309436582 0.0002 0.0002
83.871298 5.84924440448 1.26592137044 -1.16484329848 0.134531446154 21.2480749835 3.59571295391 0.0002 0.0002
83.871298 5.84924440448 1.26592137044 -1.16484329848 0.134531446154 21.2480749835 3.59571295391 0.0002 0.0002
84.071298 5.85859878174 1.32163738627 0.349980226305 -0.178127906729 21.411828308 3.60439095157 0.0002 0.0002
84.071298 5.85859878174 1.32163738627 0.349980226305 -0.178127906729 21.411828308 3.60439095157 0.0002 0.0002
84.271298 5.86801481047 1.37627008898 1.84489514849 -0.501017041472 20.9707503505 3.73957665684 0.0002 0.0002
84.271298 5.86801481047 1.37627008898 1.84489514849 -0.501017041472 20.9707503505 3.73957665684 0.0002 0.0002
84.321298 5.87041032962 1.38954690922 2.20545280468 -0.585482949085 20.7681726437 3.79388549008 0.0002 0.0002
84.427098 5.87556250445 1.41697899807 2.17557951992 -0.622929311761 20.3046594238 3.92173550728 0.0002 0.0002
84.427098 5.87556250445 1.41697899807 2.17557951992 -0.622929311761 20.3046594238 3.92173550728 0.0002 0.0002
84.627812 5.88566454148 1.46653700279 2.11890667986 -0.69396909662 19.4426959207 4.18605545442 0.0002 0.0002
84.627812 5.88566454148 1.46653700279 2.11890667986 -0.69396909662 19.4426959207 4.18605545442 0.0002 0.0002
89.612498 0.113956550765 2.04431394783 0.711449739099 -2.45822580533 5.33425790406 19.8987572514 0.0002 0.0002
89.662498 0.123389105285 2.04681214401 0.581885826223 -2.03472415003 5.26961473699 20.1234868447 0.0002 0.0002
89.662498 0.123389105285 2.04681214401 0.581885826223 -2.03472415003 5.26961473699 20.1234868447 0.0002 0.0002
89.862498 0.161950228772 2.05660966094 0.0836175861982 -0.270653485334 5.13728654372 20.5872761607 0.0002 0.0002
89.862498 0.161950228772 2.05660966094 0.0836175861982 -0.270653485334 5.13728654372 20.5872761607 0.0002 0.0002
90.112498 0.210331929012 2.06882408192 -0.534967405934 1.94630834943 5.24910473213 20.1644945216 0.0002 0.0002
90.218298 0.23027008885 2.0741250119 -0.560891620102 1.92118584053 5.36504661709 19.7553136363 0.0002 0.0002
90.218298 0.23027008885 2.0741250119 -0.560891620102 1.92118584053 5.36504661709 19.7553136363 0.0002 0.0002
90.419012 0.26689622259 2.08448690534 -0.610072647726 1.87352573419 5.60007553914 18.9936618973 0.0002 0.0002
90.419012 0.26689622259 2.08448690534 -0.610072647726 1.87352573419 5.60007553914 18.9936618973 0.0002 0.0002
95.297898 0.784106486936 2.54426338047 -1.80554793664 0.715020470109 17.3856129895 6.36444006082 0.0002 0.0002
95.297898 0.784106486936 2.54426338047 -1.80554793664 0.715020470109 17.3856129895 6.36444006082 0.0002 0.0002
95.403698 0.790125767211 2.56108537723 -1.83147215081 0.689897961212 17.7704097148 6.21579969079 0.0002 0.0002
95.453698 0.792925997591 2.56917120008 -1.4587094729 0.546012664418 17.9349776601 6.15402625201 0.0002 0.0002
95.453698 0.792925997591 2.56917120008 -1.4587094729 0.546012664418 17.9349776601 6.15402625201 0.0002 0.0002
95.653698 0.803960661381 2.60205407677 0.0785721263656 -0.0121278551571 18.2125956504 6.04785616599 0.0002 0.0002
95.653698 0.803960661381 2.60205407677 0.0785721263656 -0.0121278551571 18.2125956504 6.04785616599 0.0002 0.0002
95.903698 0.817825697238 2.64298212782 1.9802608114 -0.715466655112 17.6932351871 6.22814559685 0.0002 0.0002
101.194898 1.45057410564 3.12908264399 0.508495733645 -1.99991411296 4.52472655591 20.5957683169 0.0002 0.0002
101.244898 1.46168305591 3.13149933067 0.412156136788 -1.62938877971 4.47870808298 20.7772891673 0.0002 0.0002
101.244898 1.46168305591 3.13149933067 0.412156136788 -1.62938877971 4.47870808298 20.7772891673 0.0002 0.0002
101.444898 1.50691901743 3.14102237456 0.0385070586068 -0.101246088803 4.38901538866 21.1251256411 0.0002 0.0002
101.444898 1.50691901743 3.14102237456 0.0385070586068 -0.101246088803 4.38901538866 21.1251256411 0.0002 0.0002
101.694898 1.5635092333 3.15293330941 -0.427909398364 1.80667131016 4.48562594862 20.6954680971 0.0002 0.0002
101.800698 1.58685576615 3.1580931513 -0.455814681636 1.78487244698 4.57912395628 20.3154827676 0.0002 0.0002
101.800698 1.58685576615 3.1580931513 -0.455814681636 1.78487244698 4.57912395628 20.3154827676 0.0002 0.0002
102.001412 1.62980314989 3.16815001762 -0.508754010811 1.7435176547 4.77272639682 19.6072854767 0.0002 0.0002
102.001412 1.62980314989 3.16815001762 -0.508754010811 1.7435176547 4.77272639682 19.6072854767 0.0002 0.0002
104.444898 2.01562061257 3.32604038397 -1.15323575941 1.24006569833 8.83377513249 12.3169413237 0.0002 0.0002
104.444898 2.01562061257 3.32604038397 -1.15323575941 1.24006569833 8.83377513249 12.3169413237 0.0002 0.0002
106.986098 2.22836005861 3.59649855935 -1.82349006802 0.716480905329 16.3982308052 7.34496509449 0.0002 0.0002
107.036098 2.23139337834 3.60333674424 -1.48110568935 0.549975529937 16.563519715 7.28166491125 0.0002 0.0002
107.036098 2.23139337834 3.60333674424 -1.48110568935 0.549975529937 16.563519715 7.28166491125 0.0002 0.0002
107.236098 2.24332253758 3.63105623261 -0.0630825613259 -0.0994477559432 16.8741369444 7.19207147894 0.0002 0.0002
107.236098 2.24332253758 3.63105623261 -0.0630825613259 -0.0994477559432 16.8741369444 7.19207147894 0.0002 0.0002
107.486098 2.25825682655 3.66537809241 1.70403333138 -0.92614281156 16.4601912879 7.44620085609 0.0002 0.0002
107.792612 2.27748624701 3.70500946017 1.63133990079 -1.00261448952 15.437852697 8.03739197147 0.0002 0.0002
107.792612 2.27748624701 3.70500946017 1.63133990079 -1.00261448952 15.437852697 8.03739197147 0.0002 0.0002
112.046858 2.74164024176 4.0379342117 0.622395003257 -2.06399938571 5.84990999637 21.0835217837 0.0002 0.0002
112.046858 2.74164024176 4.0379342117 0.622395003257 -2.06399938571 5.84990999637 21.0835217837 0.0002 0.0002
112.777298 2.87620687052 4.07025596761 0.449162493676 -2.24623567002 5.06720153831 24.2318898778 0.0002 0.0002
112.827298 2.88611479932 4.07231046948 0.344770330917 -1.80868678368 5.02751707411 24.4346982391 0.0002 0.0002
112.827298 2.88611479932 4.07231046948 0.344770330917 -1.80868678368 5.02751707411 24.4346982391 0.0002 0.0002
113.027298 2.92622793768 4.0804152193 -0.0638821838925 -0.00834771647874 4.97161365229 24.7998999837 0.0002 0.0002
113.027298 2.92622793768 4.0804152193 -0.0638821838925 -0.00834771647874 4.97161365229 24.7998999837 0.0002 0.0002
113.227298 2.96613665182 4.08851887263 -0.476317028761 1.79248077187 5.07912614354 24.4413110277 0.0002 0.0002
113.227298 2.96613665182 4.08851887263 -0.476317028761 1.79248077187 5.07912614354 24.4413110277 0.0002 0.0002
113.277298 2.97593161626 4.0905727482 -0.582853076025 2.23030284587 5.13206840366 24.2401101015 0.0002 0.0002
113.383098 2.99629949878 4.09498029194 -0.610471985669 2.20422723275 5.25832219518 23.7709368192 0.0002 0.0002
113.383098 2.99629949878 4.09498029194 -0.610471985669 2.20422723275 5.25832219518 23.7709368192 0.0002 0.0002
113.583812 3.03358373717 4.10358388397 -0.662868033216 2.154758985 5.51389936373 22.8960272595 0.0002 0.0002
113.583812 3.03358373717 4.10358388397 -0.662868033216 2.154758985 5.51389936373 22.8960272595 0.0002 0.0002
115.622798 3.3222778102 4.21334155337 -1.19514185269 1.65222769869 9.30235550897 15.1336347093 0.0002 0.0002
115.622798 3.3222778102 4.21334155337 -1.19514185269 1.65222769869 9.30235550897 15.1336347093 0.0002 0.0002
117.267498 3.46721624196 4.34503871256 -1.624487984 1.24687268076 13.9398007014 10.3654843152 0.0002 0.0002
117.267498 3.46721624196 4.34503871256 -1.624487984 1.24687268076 13.9398007014 10.3654843152 0.0002 0.0002
118.462698 3.54233254431 4.47890043809 -1.93649290657 0.952302049374 18.1958850618 7.73703067775 0.0002 0.0002
118.462698 3.54233254431 4.47890043809 -1.93649290657 0.952302049374 18.1958850618 7.73703067775 0.0002 0.0002
118.568498 3.54808224159 4.49275447054 -1.96411181621 0.926226436255 18.6085690415 7.53828236397 0.0002 0.0002
118.618498 3.55075601505 4.49942578204 -1.57389106118 0.753997220618 18.7855324832 7.45430121594 0.0002 0.0002
118.618498 3.55075601505 4.49942578204 -1.57389106118 0.753997220618 18.7855324832 7.45430121594 0.0002 0.0002
118.818498 3.56128599574 4.52664434775 0.0373857857715 0.0902483727531 19.0946042634 7.28641176543 0.0002 0.0002
118.818498 3.56128599574 4.52664434775 0.0373857857715 0.0902483727531 19.0946042634 7.28641176543 0.0002 0.0002
119.068498 3.57450279762 4.56074272483 2.0349076728 -0.735959238306 18.5718482539 7.44641138446 0.0002 0.0002
122.440498 3.85487336484 4.88816136133 1.10150872459 -1.43406686695 7.99585216191 14.7637394114 0.0002 0.0002
122.440498 3.85487336484 4.88816136133 1.10150872459 -1.43406686695 7.99585216191 14.7637394114 0.0002 0.0002
124.359698 4.17027396829 4.99729441937 0.570257460824 -1.831400248 4.78739849886 21.0308238984 0.0002 0.0002
124.409698 4.18077700124 4.99966229439 0.469259631971 -1.45139485496 4.73543858792 21.1950140408 0.0002 0.0002
124.409698 4.18077700124 4.99966229439 0.469259631971 -1.45139485496 4.73543858792 21.1950140408 0.0002 0.0002
124.609698 4.22362492283 5.00901606563 0.0789207140015 0.107803581488 4.62633766132 21.4650594786 0.0002 0.0002
124.609698 4.22362492283 5.00901606563 0.0789207140015 0.107803581488 4.62633766132 21.4650594786 0.0002 0.0002
124.859698 4.27742852365 5.02076740936 -0.405094725749 2.03715897393 4.70726129916 20.9246667766 0.0002 0.0002
124.965498 4.29969796159 5.02587622137 -0.43125897624 2.01111928732 4.79574752083 20.4963589365 0.0002 0.0002
124.965498 4.29969796159 5.02587622137 -0.43125897624 2.01111928732 4.79574752083 20.4963589365 0.0002 0.0002
125.166212 4.3407853064 5.03586528868 -0.480895378631 1.96171919604 4.97882967002 19.6989546332 0.0002 0.0002
125.166212 4.3407853064 5.03586528868 -0.480895378631 1.96171919604 4.97882967002 19.6989546332 0.0002 0.0002
129.341898 4.87947154611 5.38395806821 -1.5135389937 0.933991834771 13.3069613565 7.6073746218 0.0002 0.0002
129.341898 4.87947154611 5.38395806821 -1.5135389937 0.933991834771 13.3069613565 7.6073746218 0.0002 0.0002
130.150898 4.93508662366 5.50148552831 -1.71360400927 0.73487929727 15.9177200459 6.25725787598 0.0002 0.0002
130.200898 4.93821206147 5.50952038589 -1.38093743919 0.589766484541 16.0725024823 6.19104926558 0.0002 0.0002
130.200898 4.93821206147 5.50952038589 -1.38093743919 0.589766484541 16.0725024823 6.19104926558 0.0002 0.0002
130.400898 4.95051413041 5.5422500394 -0.00563972214739 0.0285537521037 16.351415857 6.06808807326 0.0002 0.0002
130.400898 4.95051413041 5.5422500394 -0.00563972214739 0.0285537521037 16.351415857 6.06808807326 0.0002 0.0002
130.650898 4.96593895324 5.58310961714 1.7029243097 -0.674680512096 15.9232594517 6.22819074607 0.0002 0.0002
130.756698 4.9726592608 5.59990283025 1.67701159762 -0.699400291823 15.5656622327 6.37356849513 0.0002 0.0002
130.756698 4.9726592608 5.59990283025 1.67701159762 -0.699400291823 15.5656622327 6.37356849513 0.0002 0.0002
135.061658 5.44886615769 6.02999526178 0.622633630066 -1.70523831578 5.66578151331 16.7254415153 0.0002 0.0002
135.061658 5.44886615769 6.02999526178 0.622633630066 -1.70523831578 5.66578151331 16.7254415153 0.0002 0.0002
135.792098 5.58813188225 6.07061834981 0.443733049661 -1.87590292735 4.88686463577 19.3412503249 0.0002 0.0002
135.842098 5.59840652606 6.07319180221 0.342265040628 -1.5282347418 4.84757678658 19.5115094581 0.0002 0.0002
135.842098 5.59840652606 6.07319180221 0.342265040628 -1.5282347418 4.84757678658 19.5115094581 0.0002 0.0002
136.042098 5.64002397946 6.08333279243 -0.0546757029666 -0.0943842755264 4.79033966845 19.8376360649 0.0002 0.0002
136.042098 5.64002397946 6.08333279243 -0.0546757029666 -0.0943842755264 4.79033966845 19.8376360649 0.0002 0.0002
136.242098 5.68145300073 6.09345440751 -0.454853680205 1.34499987893 4.89174813419 19.5862776014 0.0002 0.0002
136.242098 5.68145300073 6.09345440751 -0.454853680205 1.34499987893 4.89174813419 19.5862776014 0.0002 0.0002
136.292098 5.69162353756 6.09601679399 -0.55815660447 1.69575688755 4.94238311128 19.4341930908 0.0002 0.0002
136.397898 5.71277430729 6.1015114776 -0.586232292129 1.67465811743 5.06345945654 19.0776031833 0.0002 0.0002
136.397898 5.71277430729 6.1015114776 -0.586232292129 1.67465811743 5.06345945654 19.0776031833 0.0002 0.0002
139.002498 6.08914768816 0.0 -1.27740371062 1.15524548375 9.91748578931 11.7068362636 0.0002 0.0002
139.002498 6.08914768816 0.0 -1.27740371062 1.15524548375 9.91748578931 11.7068362636 0.0002 0.0002
141.496798 0.0 0.268951697301 -1.93930529595 0.657829015879 17.9409230644 7.18448453922 0.0002 0.0002
141.633298 0.00158241968814 0.288131017793 -0.768232313341 0.167153464839 18.31161139 7.07221005778 0.0002 0.0002
141.633298 0.00158241968814 0.288131017793 -0.768232313341 0.167153464839 18.31161139 7.07221005778 0.0002 0.0002
141.833298 0.0124826436347 0.316355620628 0.985261664519 -0.545795314308 18.2679246282 7.1474558629 0.0002 0.0002
141.833298 0.0124826436347 0.316355620628 0.985261664519 -0.545795314308 18.2679246282 7.1474558629 0.0002 0.0002
142.169798 0.0315962664185 0.361428859301 3.69878876363 -1.8706557059 16.662451079 7.94612609711 0.0002 0.0002
147.464298 2.10651259181 0.649768483417 -0.9661165979 -4.86857229441 2.19431829749 43.6269687448 0.0002 0.0002
147.774298 2.22927872934 0.656693440958 -1.47710798186 -1.26833496169 2.94534733664 45.5457413354 0.0002 0.0002
147.774298 2.22927872934 0.656693440958 -1.47710798186 -1.26833496169 2.94534733664 45.5457413354 0.0002 0.0002
147.974298 2.29071746598 0.661075705383 -1.88351295415 1.14626594693 3.61510448101 45.5702418501 0.0002 0.0002
147.974298 2.29071746598 0.661075705383 -1.88351295415 1.14626594693 3.61510448101 45.5702418501 0.0002 0.0002
148.484298 2.39976158734 0.672683821714 -3.33276117601 6.85198063431 6.21586716899 41.3946646621 0.0002 0.0002
148.795099 2.4425944706 0.680599115657 -3.93814091307 6.49196332889 8.47567080918 37.2473535344 0.0002 0.0002
148.795099 2.4425944706 0.680599115657 -3.93814091307 6.49196332889 8.47567080918 37.2473535344 0.0002 0.0002
149.451742 2.50188715203 0.70050413908 -5.21715342167 5.73133886666 14.487430747 29.2210077108 0.0002 0.0002
149.761742 2.52134835759 0.71165442385 -3.75492026782 2.24516654147 17.3032994877 26.7780978255 0.0002 0.0002
149.761742 2.52134835759 0.71165442385 -3.75492026782 2.24516654147 17.3032994877 26.7780978255 0.0002 0.0002
149.961742 2.53247997284 0.719211358532 -2.50560270419 0.202718924948 18.5618177505 26.2909980432 0.0002 0.0002
149.961742 2.53247997284 0.719211358532 -2.50560270419 0.202718924948 18.5618177505 26.2909980432 0.0002 0.0002
150.471742 2.55900710155 0.738061532489 1.16878608733 -5.24266908175 19.2670981142 28.7795317249 0.0002 0.0002
150.968217 2.58556903666 0.753880393093 1.10781737854 -5.7340731122 18.1368214085 34.2292098057 0.0002 0.0002
150.968217 2.58556903666 0.753880393093 1.10781737854 -5.7340731122 18.1368214085 34.2292098057 0.0002 0.0002
150.968217 2.58556903666 0.753880393093 1.10781737854 -5.7340731122 18.1368214085 34.2292098057 0.0002 0.0002
153.973287 2.78578892097 0.812209812813 0.738785226394 -8.70844948519 12.5876513185 77.6300011874 0.0002 0.0002
154.283287 2.81067526055 0.816097463274 -0.205012127945 -2.99882231889 12.423426729 81.2870658715 0.0002 0.0002
154.283287 2.81067526055 0.816097463274 -0.205012127945 -2.99882231889 12.423426729 81.2870658715 0.0002 0.0002
154.483287 2.82666920273 0.818547545119 -0.818480615156 0.862695736013 12.627480779 81.7156465597 0.0002 0.0002
154.483287 2.82666920273 0.818547545119 -0.818480615156 0.862695736013 12.627480779 81.7156465597 0.0002 0.0002
154.993287 2.86498664167 0.824955346225 -2.58177529857 10.2254269905 14.3268307745 75.9415503093 0.0002 0.0002
155.304088 2.88552680778 0.829226707643 -2.7480692193 9.79341113586 15.9833517805 69.7196754008 0.0002 0.0002
155.304088 2.88552680778 0.829226707643 -2.7480692193 9.79341113586 15.9833517805 69.7196754008 0.0002 0.0002
155.960731 2.92242530229 0.839601661766 -3.09940573041 8.88067215876 19.8230552739 57.457469324 0.0002 0.0002
156.270731 2.93738628216 0.845249036234 -2.58052192473 6.79196871936 21.5896119559 52.6147723344 0.0002 0.0002
156.270731 2.93738628216 0.845249036234 -2.58052192473 6.79196871936 21.5896119559 52.6147723344 0.0002 0.0002
156.470731 2.94644551124 0.849145528591 -2.19076010853 5.59097899587 22.5451690131 50.1415473741 0.0002 0.0002
156.470731 2.94644551124 0.849145528591 -2.19076010853 5.59097899587 22.5451690131 50.1415473741 0.0002 0.0002
156.980731 2.96817879777 0.859829545525 -1.05154811273 2.9002138986 24.2135348119 45.8489546483 0.0002 0.0002
157.477206 2.98824737518 0.871008665178 -1.09472454046 2.79830436235 25.2791055274 43.0197827947 0.0002 0.0002
157.477206 2.98824737518 0.871008665178 -1.09472454046 2.79830436235 25.2791055274 43.0197827947 0.0002 0.0002
157.477206 2.98824737518 0.871008665178 -1.09472454046 2.79830436235 25.2791055274 43.0197827947 0.0002 0.0002
158.548502 3.02872506027 0.897769972312 -1.18789083145 2.57840350422 27.7244622448 37.2597371641 0.0002 0.0002
158.548502 3.02872506027 0.897769972312 -1.18789083145 2.57840350422 27.7244622448 37.2597371641 0.0002 0.0002
158.813005 3.03815829019 0.905001101886 -1.21089359022 2.52410997874 28.3589479207 35.9101070403 0.0002 0.0002
158.813005 3.03815829019 0.905001101886 -1.21089359022 2.52410997874 28.3589479207 35.9101070403 0.0002 0.0002
165.740498 3.22448805919 1.26464516867 -1.81334970755 1.10212982069 49.3093721963 10.7893562134 0.0002 0.0002
165.740498 3.22448805919 1.26464516867 -1.81334970755 1.10212982069 49.3093721963 10.7893562134 0.0002 0.0002
168.065698 3.26790151963 1.54010139213 -2.01556297056 0.624844854332 58.2123599554 6.77379469905 0.0002 0.0002
168.065698 3.26790151963 1.54010139213 -2.01556297056 0.624844854332 58.2123599554 6.77379469905 0.0002 0.0002
168.277698 3.27151680456 1.57201188499 -2.03399975525 0.581328420103 59.0708672533 6.51808596487 0.0002 0.0002
168.277698 3.27151680456 1.57201188499 -2.03399975525 0.581328420103 59.0708672533 6.51808596487 0.0002 0.0002
