start time: Tue Sep 07 17:26:52 EDT 2021

RTBT_Diag:WS24

Name	X Fit	X RMS	Y Fit	Y RMS	Z Fit	Z RMS
-------	-----	-----	-----	-----	-----	-----
Area	27.495556404638954	23.44809790691732	26.271133861331407	25.295323893229167	25.4613562220314	24.079218326163737
Ampl	0.38316105318292615	0.358642578125	0.572360967853912	0.5944824218750001	0.5230750154299495	0.52255859375
Mean	121.69804957621947	109.73699826414583	107.47105517858546	105.35307490994886	101.99852210702937	112.54523420536795
Sigma	28.628013943097894	20.768078718621133	18.311287177161088	17.180685417911402	19.419034007925635	14.154115615382954
Offset	-0.011271980127129148	2.44140625E-4	-0.007028313339232584	-0.006298828125	-0.017424251625865153	-0.0042724609375
Slope	0.0	0.0	0.0	0.0	0.0	0.0

Position	X Raw	Y Raw	Z Raw
--------	-----	-----	-----
25.0		-9.765625E-4	-0.0078125	-0.00498046875	17.67775	17.67775	25.0
28.0		0.00146484375	-0.00478515625	-0.003564453125	19.79908	19.79908	28.0
31.0		-2.44140625E-4	-0.006884765625	-0.00478515625	21.92041	21.92041	31.0
34.0		7.8125E-4	-0.00625	-0.0041015625	24.04174	24.04174	34.0
37.0		3.90625E-4	-0.00673828125	-0.0041015625	26.16307	26.16307	37.0
40.0		0.00146484375	-0.0052734375	-0.00380859375	28.2844	28.2844	40.0
43.0		0.00185546875	-0.004150390625	-0.003369140625	30.405730000000002	30.405730000000002	43.0
46.0		0.0013671875	-0.004833984375	-0.003662109375	32.52706	32.52706	46.0
49.0		8.30078125E-4	-0.005419921875	-0.0037109375	34.64839	34.64839	49.0
52.0		2.44140625E-4	-0.00625	-0.0041015625	36.76972	36.76972	52.0
55.0		0.001171875	-0.0052734375	-0.003466796875	38.89105	38.89105	55.0
58.0		4.39453125E-4	-0.005859375	-0.0041015625	41.01238	41.01238	58.0
61.0		9.765625E-4	1.46484375E-4	-0.003564453125	43.13371	43.13371	61.0
64.0		0.002783203125	0.023974609375	-0.002880859375	45.25504	45.25504	64.0
67.0		8.30078125E-4	0.05830078125	-0.004150390625	47.37637	47.37637	67.0
70.0		0.0025390625	0.083154296875	-0.0025390625	49.4977	49.4977	70.0
73.0		0.003466796875	0.1134765625	-0.00205078125	51.61903	51.61903	73.0
76.0		0.002783203125	0.163427734375	-0.002197265625	53.74036	53.74036	76.0
79.0		0.003466796875	0.205419921875	-0.0021484375	55.86169	55.86169	79.0
82.0		0.0046875	0.246630859375	-0.00107421875	57.98302	57.98302	82.0
85.0		0.00380859375	0.288916015625	-0.001953125	60.104350000000004	60.104350000000004	85.0
88.0		0.00205078125	0.343603515625	-0.00322265625	62.225680000000004	62.225680000000004	88.0
91.0		0.00693359375	0.390478515625	-0.002099609375	64.34701	64.34701	91.0
94.0		0.023876953125	0.462939453125	-7.32421875E-4	66.46834	66.46834	94.0
97.0		0.04912109375	0.50927734375	-0.0021484375	68.58967	68.58967	97.0
100.0		0.096533203125	0.534423828125	-8.30078125E-4	70.711	70.711	100.0
103.0		0.13984375	0.53681640625	-0.002734375	72.83233	72.83233	103.0
106.0		0.18193359375	0.581884765625	0.0021484375	74.95366	74.95366	106.0
109.0		0.200732421875	0.573828125	9.27734375E-4	77.07499	77.07499	109.0
112.0		0.2150390625	0.526123046875	-8.7890625E-4	79.19632	79.19632	112.0
115.0		0.233642578125	0.49248046875	0.001025390625	81.31765	81.31765	115.0
118.0		0.255126953125	0.425927734375	0.004248046875	83.43898	83.43898	118.0
121.0		0.26982421875	0.3701171875	0.01064453125	85.56031	85.56031	121.0
124.0		0.302685546875	0.321240234375	0.125048828125	87.68164	87.68164	124.0
127.0		0.32353515625	0.293017578125	0.31708984375	89.80297	89.80297	127.0
130.0		0.341357421875	0.23955078125	0.3943359375	91.9243	91.9243	130.0
133.0		0.363916015625	0.1857421875	0.40341796875	94.04563	94.04563	133.0
136.0		0.370849609375	0.14716796875	0.46123046875	96.16696	96.16696	136.0
139.0		0.373486328125	0.1091796875	0.541357421875	98.28829	98.28829	139.0
142.0		0.373974609375	0.072265625	0.586181640625	100.40962	100.40962	142.0
145.0		0.37001953125	0.02890625	0.586962890625	102.53095	102.53095	145.0
148.0		0.365283203125	-1.46484375E-4	0.5603515625	104.65228	104.65228	148.0
151.0		0.359716796875	-0.00498046875	0.53369140625	106.77361	106.77361	151.0
154.0		0.359130859375	-0.006298828125	0.51357421875	108.89494	108.89494	154.0
157.0		0.360498046875	-0.006298828125	0.508203125	111.01627	111.01627	157.0
160.0		0.36845703125	-0.004541015625	0.514013671875	113.1376	113.1376	160.0
163.0		0.368994140625	-0.004833984375	0.51142578125	115.25893	115.25893	163.0
166.0		0.37001953125	-0.007568359375	0.517822265625	117.38026	117.38026	166.0
169.0		0.378271484375	-0.005126953125	0.544091796875	119.50159000000001	119.50159000000001	169.0
172.0		0.379248046875	-0.00595703125	0.56728515625	121.62292000000001	121.62292000000001	172.0
175.0		0.381298828125	-0.004931640625	0.578076171875	123.74425000000001	123.74425000000001	175.0
178.0		0.370947265625	-0.008251953125	0.552880859375	125.86558000000001	125.86558000000001	178.0
181.0		0.352734375	-0.008154296875	0.4796875	127.98691000000001	127.98691000000001	181.0
184.0		0.336083984375	-0.0072265625	0.421630859375	130.10824	130.10824	184.0
187.0		0.305517578125	-0.007421875	0.387841796875	132.22957	132.22957	187.0
190.0		0.28056640625	-0.00771484375	0.353076171875	134.3509	134.3509	190.0
193.0		0.262451171875	-0.006787109375	0.212255859375	136.47223	136.47223	193.0
196.0		0.248583984375	-0.007275390625	0.03671875	138.59356	138.59356	196.0
199.0		0.2326171875	-0.005419921875	0.00654296875	140.71489	140.71489	199.0
202.0		0.19814453125	-0.00810546875	-9.765625E-4	142.83622	142.83622	202.0
205.0		0.156787109375	-0.00615234375	0.00185546875	144.95755	144.95755	205.0
208.0		0.091162109375	-0.0076171875	0.0	147.07888	147.07888	208.0
211.0		0.05009765625	-0.005908203125	0.00341796875	149.20021	149.20021	211.0
214.0		0.025927734375	-0.006005859375	0.00302734375	151.32154	151.32154	214.0
217.0		0.007275390625	-0.007275390625	-0.001025390625	153.44287	153.44287	217.0
220.0		0.00244140625	-0.0076171875	-0.0017578125	155.5642	155.5642	220.0
223.0		0.005908203125	-0.006103515625	0.00244140625	157.68553	157.68553	223.0
226.0		0.003125	-0.00703125	-4.8828125E-4	159.80686	159.80686	226.0
229.0		0.001513671875	-0.008154296875	-0.002001953125	161.92819	161.92819	229.0
232.0		0.003955078125	-0.00712890625	0.0	164.04952	164.04952	232.0
235.0		0.0029296875	-0.00751953125	-2.9296875E-4	166.17085	166.17085	235.0
238.0		0.0021484375	-0.0076171875	-0.0013671875	168.29218	168.29218	238.0
241.0		0.0044921875	-0.006298828125	9.27734375E-4	170.41351	170.41351	241.0
244.0		0.003662109375	-0.007080078125	1.46484375E-4	172.53484	172.53484	244.0
247.0		0.003076171875	-0.006982421875	-2.9296875E-4	174.65617	174.65617	247.0
250.0		0.0017578125	-0.00751953125	-0.001123046875	176.7775	176.7775	250.0
253.0		0.003173828125	-0.00693359375	-2.44140625E-4	178.89883	178.89883	253.0
256.0		0.0025390625	-0.00693359375	-6.34765625E-4	181.02016	181.02016	256.0
259.0		0.003564453125	-0.006884765625	4.8828125E-4	183.14149	183.14149	259.0
262.0		0.00244140625	-0.007373046875	-6.34765625E-4	185.26282	185.26282	262.0
265.0		0.002197265625	-0.007275390625	-0.001318359375	187.38415	187.38415	265.0
268.0		8.7890625E-4	-0.007763671875	-0.002197265625	189.50548	189.50548	268.0
271.0		0.00205078125	-0.00732421875	-0.001220703125	191.62681	191.62681	271.0
274.0		0.001220703125	-0.0076171875	-0.001708984375	193.74814	193.74814	274.0
277.0		9.765625E-5	-0.007958984375	-0.002880859375	195.86947	195.86947	277.0
280.0		0.0017578125	-0.0068359375	-0.001123046875	197.9908	197.9908	280.0
283.0		0.00146484375	-0.007275390625	-0.00166015625	200.11213	200.11213	283.0
286.0		0.00224609375	-0.00703125	-5.859375E-4	202.23346	202.23346	286.0
289.0		0.0013671875	-0.006884765625	-0.0015625	204.35479	204.35479	289.0
292.0		0.001220703125	-0.007373046875	-0.00205078125	206.47612	206.47612	292.0

Position	X Fit	Y Fit	Z Fit
--------	-----	-----	-----
25.0		-0.010342388162646484	-0.006969701740211911	-0.01731362892056673	17.67775	17.67775	25.0
28.0		-0.01018349476630652	-0.006945725330918498	-0.017288419614639252	19.79908	19.79908	28.0
31.0		-0.009980932122035862	-0.006898789195739776	-0.017249430190299852	21.92041	21.92041	31.0
34.0		-0.009724225450527861	-0.006809467802392553	-0.01718988338751823	24.04174	24.04174	34.0
37.0		-0.009400832245851726	-0.0066442426667628375	-0.017100082713246124	26.16307	26.16307	37.0
40.0		-0.008995854039568617	-0.006347206059655218	-0.016966363827766236	28.2844	28.2844	40.0
43.0		-0.008491738682612564	-0.0058282985968753954	-0.016769765933145095	30.405730000000002	30.405730000000002	43.0
46.0		-0.00786798153296436	-0.004947575461364227	-0.01648439008805339	32.52706	32.52706	46.0
49.0		-0.0071008363292131135	-0.0034955618641989306	-0.016075426011165482	34.64839	34.64839	49.0
52.0		-0.006163049050066795	-0.0011707786108812934	-0.015496853300613744	36.76972	36.76972	52.0
55.0		-0.005023630602978346	0.0024429623797087886	-0.014688858857005774	38.89105	38.89105	55.0
58.0		-0.0036476866169701753	0.007894969095960764	-0.013575060645190025	41.01238	41.01238	58.0
61.0		-0.0019963247727893332	0.015875236672675812	-0.012059688448058683	43.13371	43.13371	61.0
64.0		-2.666180028967728E-5	0.02720303492687176	-0.010024942758431868	45.25504	45.25504	64.0
67.0		0.0023080466974036862	0.042787985450889986	-0.007328828836039133	47.37637	47.37637	67.0
70.0		0.005058130285807866	0.06355670542702731	-0.0038038369122984778	49.4977	49.4977	70.0
73.0		0.008277059246397217	0.09034232740372375	7.430985073513773E-4	51.61903	51.61903	73.0
76.0		0.012020811503358044	0.12374117040823526	0.006528889701970058	53.74036	53.74036	76.0
79.0		0.016347034486371273	0.16394984226931347	0.013790367125732107	55.86169	55.86169	79.0
82.0		0.021313990723286706	0.21060546025807353	0.022777713218701555	57.98302	57.98302	82.0
85.0		0.026979282784592953	0.2626590638818025	0.03374495560979641	60.104350000000004	60.104350000000004	85.0
88.0		0.03339836156873329	0.3183149488231877	0.04693740070619749	62.225680000000004	62.225680000000004	88.0
91.0		0.040622831670254746	0.37506436250102226	0.06257614090914959	64.34701	64.34701	91.0
94.0		0.04869857844709305	0.4298299287113862	0.08084007885547961	66.46834	66.46834	94.0
97.0		0.05766375302019147	0.47921849660275706	0.10184625921149296	68.58967	68.58967	97.0
100.0		0.06754666330912529	0.519858181304767	0.1256296511539362	70.711	70.711	100.0
103.0		0.07836363074500326	0.5487751124835722	0.1521238425158272	72.83233	72.83233	103.0
106.0		0.09011688284445991	0.563752140141303	0.18114434426025308	74.95366	74.95366	106.0
109.0		0.10279256066874677	0.5636096018989628	0.21237631621267125	77.07499	77.07499	109.0
112.0		0.11635892661588457	0.5483588228695916	0.24536847315483673	79.19632	79.19632	112.0
115.0		0.13076486132583406	0.5192006292044838	0.2795346891657645	81.31765	81.31765	115.0
118.0		0.14593873812963626	0.4783691460558673	0.3141643816624171	83.43898	83.43898	118.0
121.0		0.16178775899024642	0.4288490775109939	0.348442142832227	85.56031	85.56031	121.0
124.0		0.1781978269941002	0.37401610515800954	0.38147633803273123	87.68164	87.68164	124.0
127.0		0.19503401710839804	0.317260377124569	0.41233557413237326	89.80297	89.80297	127.0
130.0		0.21214168931984526	0.2616506833037538	0.4400911385381024	91.9243	91.9243	130.0
133.0		0.22934826688119647	0.20968347174530133	0.46386281244554256	94.04563	94.04563	133.0
136.0		0.24646567794058327	0.16314052932413134	0.4828649566849974	96.16696	96.16696	136.0
139.0		0.26329343228656343	0.12305724080804764	0.4964495267936202	98.28829	98.28829	139.0
142.0		0.2796222774851909	0.08978476679601292	0.5041427405064769	100.40962	100.40962	142.0
145.0		0.29523835163924816	0.06311754892352803	0.5056725063085948	102.53095	102.53095	145.0
148.0		0.3099277247677818	0.042453404616986073	0.5009843989311643	104.65228	104.65228	148.0
151.0		0.32348119878734977	0.02695624001591699	0.4902448737873958	106.77361	106.77361	151.0
154.0		0.3356992185867325	0.015698858952375598	0.4738314556072307	108.89494	108.89494	154.0
157.0		0.34639673486044453	0.007772765855571313	0.45231070771728105	111.01627	111.01627	157.0
160.0		0.3554078540839958	0.0023608390595109153	0.42640577470953395	113.1376	113.1376	160.0
163.0		0.3625901128340436	-0.0012243302506790357	0.39695609071487165	115.25893	115.25893	163.0
166.0		0.36782822276706173	-0.0035294580766902866	0.36487237991273996	117.38026	117.38026	166.0
169.0		0.371037148761828	-0.00496840736039384	0.3310903000193029	119.50159000000001	119.50159000000001	169.0
172.0		0.3721644053973959	-0.005840732710204474	0.29652598549419945	121.62292000000001	121.62292000000001	172.0
175.0		0.37119148510102334	-0.006354415526718878	0.2620363638633932	123.74425000000001	123.74425000000001	175.0
178.0		0.368134363660611	-0.0066483040662602124	0.22838650544753303	125.86558000000001	125.86558000000001	178.0
181.0		0.36304306380641527	-0.006811691133063967	0.19622550472789302	127.98691000000001	127.98691000000001	181.0
184.0		0.35600029352220447	-0.006899972104379051	0.16607157095144193	130.10824	130.10824	184.0
187.0		0.3471192108852057	-0.006946337079354085	0.13830621437200216	132.22957	132.22957	187.0
190.0		0.33654039984452067	-0.0069700092922288645	0.11317672791728389	134.3509	134.3509	190.0
193.0		0.32442816986714346	-0.00698175989820048	0.0908056367833526	136.47223	136.47223	193.0
196.0		0.31096631548916626	-0.0069874313729612406	0.07120545072915405	138.59356	138.59356	196.0
199.0		0.29635348850331655	-0.006990093222977535	0.05429691111733883	140.71489	140.71489	199.0
202.0		0.2807983451575756	-0.006991308168495313	0.039928960614636154	142.83622	142.83622	202.0
205.0		0.26451463309464635	-0.006991847488152959	0.027898844985725424	144.95755	144.95755	205.0
208.0		0.24771637798756363	-0.0069920803399925475	0.017971040710466187	147.07888	147.07888	208.0
211.0		0.230613318455439	-0.006992178127264819	0.00989404314962437	149.20021	149.20021	211.0
214.0		0.21340672073436137	-0.0069922180736312935	0.0034144043438069267	151.32154	151.32154	214.0
217.0		0.19628568285181242	-0.0069922339476038405	-0.0017122588690257727	153.44287	153.44287	217.0
220.0		0.17942401301037125	-0.006992240084188371	-0.00571328312166525	155.5642	155.5642	220.0
223.0		0.16297773992551512	-0.0069922423920957474	-0.008793781704378029	157.68553	157.68553	223.0
226.0		0.14708328538931675	-0.006992243236551695	-0.011133902777144718	159.80686	159.80686	226.0
229.0		0.13185630268022508	-0.006992243537171612	-0.012888070940402271	161.92819	161.92819	229.0
232.0		0.1173911597980207	-0.006992243641296527	-0.014185736246940632	164.04952	164.04952	232.0
235.0		0.10376102486037656	-0.0069922436763879305	-0.015133175367703684	166.17085	166.17085	235.0
238.0		0.09101849310018306	-0.006992243687895088	-0.015815941285900886	168.29218	168.29218	238.0
241.0		0.07919668123560823	-0.006992243691566794	-0.01630162738179952	170.41351	170.41351	241.0
244.0		0.0683107057671085	-0.006992243692706809	-0.016642687795105936	172.53484	172.53484	244.0
247.0		0.05835945695494521	-0.006992243693051243	-0.01687912982738903	174.65617	174.65617	247.0
250.0		0.04932757959101582	-0.006992243693152509	-0.01704095997420671	176.7775	176.7775	250.0
253.0		0.04118757475863537	-0.006992243693181482	-0.017150319642218022	178.89883	178.89883	253.0
256.0		0.03390194299259332	-0.006992243693189549	-0.017223288541155037	181.02016	181.02016	256.0
259.0		0.02742529793834278	-0.0069922436931917345	-0.017271363564462284	183.14149	183.14149	259.0
262.0		0.02170639005088442	-0.00699224369319231	-0.01730264013513677	185.26282	185.26282	262.0
265.0		0.016689991361603193	-0.006992243693192459	-0.01732273347811486	187.38415	187.38415	265.0
268.0		0.012318604208359901	-0.006992243693192495	-0.017335481214687653	189.50548	189.50548	268.0
271.0		0.008533968477647131	-0.006992243693192505	-0.017343468056869323	191.62681	191.62681	271.0
274.0		0.005278352850880982	-0.006992243693192506	-0.0173484099192134	193.74814	193.74814	274.0
277.0		0.0024956253927615	-0.006992243693192507	-0.01735142980990255	195.86947	195.86947	277.0
280.0		1.3210729529723048E-4	-0.006992243693192507	-0.017353252394009706	197.9908	197.9908	280.0
283.0		-0.0018627794646831272	-0.006992243693192507	-0.017354338793961328	200.11213	200.11213	283.0
286.0		-0.003536054442625199	-0.006992243693192507	-0.017354978391928327	202.23346	202.23346	286.0
289.0		-0.004930891111968802	-0.006992243693192507	-0.017355350310932233	204.35479	204.35479	289.0
292.0		-0.006086477076159408	-0.006992243693192507	-0.0173555639210687	206.47612	206.47612	292.0
RTBT_Diag:WS23

Name	X Fit	X RMS	Y Fit	Y RMS	Z Fit	Z RMS
-------	-----	-----	-----	-----	-----	-----
Area	27.665892446639017	24.60755057033691	25.323208603046798	24.68127604166667	27.532779673080128	24.34164314383952
Ampl	0.602255155238653	0.605126953125	0.5954059295390605	0.600146484375	0.40354793237284314	0.38251953125
Mean	93.96216050228875	101.02813319076668	100.79107871336251	101.22154075500046	101.87263176907771	115.64639179372378
Sigma	18.326276040973564	12.974329420384818	16.96741346697978	16.1126813405809	27.218550827366276	18.39878028981302
Offset	-0.03627865570658314	-0.0118408203125	-0.005652490304305629	-0.0037109375	-0.02241638931810931	-0.0039794921875
Slope	0.0	0.0	0.0	0.0	0.0	0.0

Position	X Raw	Y Raw	Z Raw
--------	-----	-----	-----
25.0		-0.01279296875	-0.0046875	-0.00458984375	17.67775	17.67775	25.0
28.0		-0.010888671875	-0.002734375	-0.003369140625	19.79908	19.79908	28.0
31.0		-0.0125	-0.004052734375	-0.004345703125	21.92041	21.92041	31.0
34.0		-0.0123046875	-0.00419921875	-0.00439453125	24.04174	24.04174	34.0
37.0		-0.01171875	-0.00390625	-0.004443359375	26.16307	26.16307	37.0
40.0		-0.0119140625	-0.003564453125	-0.004150390625	28.2844	28.2844	40.0
43.0		-0.011376953125	-0.003515625	-0.00390625	30.405730000000002	30.405730000000002	43.0
46.0		-0.011083984375	-0.002978515625	-0.003857421875	32.52706	32.52706	46.0
49.0		-0.013134765625	-0.0048828125	-0.004736328125	34.64839	34.64839	49.0
52.0		-0.01259765625	-0.004150390625	-0.004443359375	36.76972	36.76972	52.0
55.0		-0.011083984375	-0.002880859375	-0.003515625	38.89105	38.89105	55.0
58.0		-0.01220703125	-0.00361328125	-0.00419921875	41.01238	41.01238	58.0
61.0		-0.012548828125	0.001171875	-0.0046875	43.13371	43.13371	61.0
64.0		-0.01064453125	0.036962890625	-0.003271484375	45.25504	45.25504	64.0
67.0		-0.0125	0.08447265625	-0.004443359375	47.37637	47.37637	67.0
70.0		-0.01015625	0.125146484375	-0.003076171875	49.4977	49.4977	70.0
73.0		-0.010595703125	0.156787109375	-0.003173828125	51.61903	51.61903	73.0
76.0		-0.01044921875	0.20625	-0.00341796875	53.74036	53.74036	76.0
79.0		-0.01142578125	0.26162109375	-0.003662109375	55.86169	55.86169	79.0
82.0		-0.012451171875	0.31357421875	-0.004345703125	57.98302	57.98302	82.0
85.0		-0.0125	0.365185546875	-0.0046875	60.104350000000004	60.104350000000004	85.0
88.0		-0.0125	0.435009765625	-0.0044921875	62.225680000000004	62.225680000000004	88.0
91.0		-0.012451171875	0.471240234375	-0.0044921875	64.34701	64.34701	91.0
94.0		-0.011181640625	0.5509765625	-0.00390625	66.46834	66.46834	94.0
97.0		-0.0115234375	0.599267578125	-0.003759765625	68.58967	68.58967	97.0
100.0		-0.006982421875	0.592724609375	-0.002392578125	70.711	70.711	100.0
103.0		0.011865234375	0.576171875	-0.004541015625	72.83233	72.83233	103.0
106.0		0.087939453125	0.581884765625	-0.002099609375	74.95366	74.95366	106.0
109.0		0.18876953125	0.516259765625	0.00166015625	77.07499	77.07499	109.0
112.0		0.27568359375	0.45927734375	0.024951171875	79.19632	79.19632	112.0
115.0		0.339306640625	0.396337890625	0.094140625	81.31765	81.31765	115.0
118.0		0.3939453125	0.340869140625	0.207275390625	83.43898	83.43898	118.0
121.0		0.446435546875	0.292919921875	0.261376953125	85.56031	85.56031	121.0
124.0		0.52021484375	0.24765625	0.28046875	87.68164	87.68164	124.0
127.0		0.572119140625	0.201806640625	0.293505859375	89.80297	89.80297	127.0
130.0		0.60146484375	0.154833984375	0.318359375	91.9243	91.9243	130.0
133.0		0.60732421875	0.12109375	0.3529296875	94.04563	94.04563	133.0
136.0		0.60166015625	0.084130859375	0.391015625	96.16696	96.16696	136.0
139.0		0.592578125	0.0376953125	0.417431640625	98.28829	98.28829	139.0
142.0		0.5814453125	0.002783203125	0.43017578125	100.40962	100.40962	142.0
145.0		0.58271484375	-0.003564453125	0.429248046875	102.53095	102.53095	145.0
148.0		0.586865234375	-0.002978515625	0.421728515625	104.65228	104.65228	148.0
151.0		0.595849609375	-0.00283203125	0.4060546875	106.77361	106.77361	151.0
154.0		0.603076171875	-0.00380859375	0.39599609375	108.89494	108.89494	154.0
157.0		0.592724609375	-0.004248046875	0.3853515625	111.01627	111.01627	157.0
160.0		0.55107421875	-0.00390625	0.382861328125	113.1376	113.1376	160.0
163.0		0.487158203125	-0.00400390625	0.374560546875	115.25893	115.25893	163.0
166.0		0.426953125	-0.004443359375	0.375244140625	117.38026	117.38026	166.0
169.0		0.37265625	-0.003173828125	0.378759765625	119.50159000000001	119.50159000000001	169.0
172.0		0.3337890625	-0.004931640625	0.38583984375	121.62292000000001	121.62292000000001	172.0
175.0		0.2751953125	-0.00419921875	0.394677734375	123.74425000000001	123.74425000000001	175.0
178.0		0.128369140625	-0.0048828125	0.3984375	125.86558000000001	125.86558000000001	178.0
181.0		0.034375	-0.004150390625	0.414697265625	127.98691000000001	127.98691000000001	181.0
184.0		-0.003662109375	-0.0046875	0.42294921875	130.10824	130.10824	184.0
187.0		-0.01220703125	-0.0044921875	0.41923828125	132.22957	132.22957	187.0
190.0		-0.011865234375	-0.004541015625	0.40068359375	134.3509	134.3509	190.0
193.0		-0.010009765625	-0.0041015625	0.368359375	136.47223	136.47223	193.0
196.0		-0.012060546875	-0.005029296875	0.330419921875	138.59356	138.59356	196.0
199.0		-0.0099609375	-0.003857421875	0.299169921875	140.71489	140.71489	199.0
202.0		-0.0126953125	-0.004638671875	0.27880859375	142.83622	142.83622	202.0
205.0		-0.010205078125	-0.00390625	0.28095703125	144.95755	144.95755	205.0
208.0		-0.01181640625	-0.004736328125	0.242578125	147.07888	147.07888	208.0
211.0		-0.010595703125	-0.00390625	0.14111328125	149.20021	149.20021	211.0
214.0		-0.012060546875	-0.00478515625	0.045166015625	151.32154	151.32154	214.0
217.0		-0.01171875	-0.004541015625	0.0064453125	153.44287	153.44287	217.0
220.0		-0.012353515625	-0.004833984375	-0.0033203125	155.5642	155.5642	220.0
223.0		-0.0111328125	-0.004736328125	-0.0029296875	157.68553	157.68553	223.0
226.0		-0.0125	-0.00458984375	-0.00419921875	159.80686	159.80686	226.0
229.0		-0.01240234375	-0.0046875	-0.00439453125	161.92819	161.92819	229.0
232.0		-0.01240234375	-0.004443359375	-0.004296875	164.04952	164.04952	232.0
235.0		-0.012255859375	-0.004931640625	-0.004541015625	166.17085	166.17085	235.0
238.0		-0.012451171875	-0.0046875	-0.004443359375	168.29218	168.29218	238.0
241.0		-0.011328125	-0.00439453125	-0.003369140625	170.41351	170.41351	241.0
244.0		-0.010400390625	-0.00439453125	-0.00244140625	172.53484	172.53484	244.0
247.0		-0.011767578125	-0.004638671875	-0.0037109375	174.65617	174.65617	247.0
250.0		-0.0126953125	-0.004931640625	-0.00439453125	176.7775	176.7775	250.0
253.0		-0.011279296875	-0.00458984375	-0.003076171875	178.89883	178.89883	253.0
256.0		-0.012744140625	-0.004638671875	-0.004541015625	181.02016	181.02016	256.0
259.0		-0.012109375	-0.00458984375	-0.00400390625	183.14149	183.14149	259.0
262.0		-0.01240234375	-0.004736328125	-0.003955078125	185.26282	185.26282	262.0
265.0		-0.012451171875	-0.004736328125	-0.004541015625	187.38415	187.38415	265.0
268.0		-0.0126953125	-0.0046875	-0.00478515625	189.50548	189.50548	268.0
271.0		-0.0119140625	-0.0048828125	-0.00361328125	191.62681	191.62681	271.0
274.0		-0.012109375	-0.004638671875	-0.003857421875	193.74814	193.74814	274.0
277.0		-0.012255859375	-0.004833984375	-0.004248046875	195.86947	195.86947	277.0
280.0		-0.012109375	-0.004638671875	-0.00361328125	197.9908	197.9908	280.0
283.0		-0.012255859375	-0.004833984375	-0.004345703125	200.11213	200.11213	283.0
286.0		-0.0125	-0.004541015625	-0.004345703125	202.23346	202.23346	286.0
289.0		-0.011669921875	-0.004443359375	-0.003173828125	204.35479	204.35479	289.0
292.0		-0.011767578125	-0.004638671875	-0.00322265625	206.47612	206.47612	292.0

Position	X Fit	Y Fit	Z Fit
--------	-----	-----	-----
25.0		-0.03636147516955558	-0.005618756924081871	-0.018908187284367307	17.67775	17.67775	25.0
28.0		-0.036298050184965416	-0.005586411716143963	-0.018000625996199164	19.79908	19.79908	28.0
31.0		-0.03619964941966073	-0.005520268789052864	-0.01688207977976013	21.92041	21.92041	31.0
34.0		-0.03604914166479439	-0.005389397417417953	-0.01551278363497229	24.04174	24.04174	34.0
37.0		-0.035822197319235936	-0.005138887700994865	-0.013847876261593355	26.16307	26.16307	37.0
40.0		-0.035484866788164524	-0.004675073224420342	-0.011837328483592443	28.2844	28.2844	40.0
43.0		-0.03499062316012205	-0.00384462367622922	-0.009426028644624848	30.405730000000002	30.405730000000002	43.0
46.0		-0.03427687281021946	-0.0024070611934897284	-0.006554059976809672	32.52706	32.52706	46.0
49.0		-0.033261000652959484	-1.7969466635037526E-6	-0.0031572043419761456	34.64839	34.64839	49.0
52.0		-0.031836103835259894	0.0038866689070611105	8.322958484184018E-4	36.76972	36.76972	52.0
55.0		-0.029866678188737762	0.009958275146071512	0.005484690619540836	38.89105	38.89105	55.0
58.0		-0.02718465117373273	0.01911069036390214	0.01087137082503073	41.01238	41.01238	58.0
61.0		-0.023586293561200775	0.03242224727283577	0.017063202489580175	43.13371	43.13371	61.0
64.0		-0.01883067400030622	0.05108954816466052	0.024128550280339382	45.25504	45.25504	64.0
67.0		-0.012640424347314324	0.07630799516096802	0.03213100828136329	47.37637	47.37637	67.0
70.0		-0.004705632988087592	0.10909212416267956	0.041126873179850094	49.4977	49.4977	70.0
73.0		0.00530834986931094	0.1500466968557546	0.051162413211781534	51.61903	51.61903	73.0
76.0		0.01774855310191887	0.1991171021109424	0.06227100492043742	53.74036	53.74036	76.0
79.0		0.0329571001266768	0.25536461639216723	0.0744702279367794	55.86169	55.86169	79.0
82.0		0.051249031714304824	0.31682278992039375	0.08775902443991598	57.98302	57.98302	82.0
85.0		0.072885795706869	0.38048997621432606	0.10211504346352338	60.104350000000004	60.104350000000004	85.0
88.0		0.09804557804509072	0.4424962815206328	0.11749229954088475	62.225680000000004	62.225680000000004	88.0
91.0		0.12679229516347024	0.4984516332884235	0.13381927917110964	64.34701	64.34701	91.0
94.0		0.15904566646678198	0.5439410420460542	0.15099762626346147	66.46834	66.46834	94.0
97.0		0.1945552461529263	0.5750935480811753	0.16890152836815084	68.58967	68.58967	97.0
100.0		0.232881522988712	0.5891244913026078	0.18737790878017965	70.711	70.711	100.0
103.0		0.27338711409563743	0.5847460745336277	0.20624750558434088	72.83233	72.83233	103.0
106.0		0.31524063164228383	0.5623623475013457	0.22530688794324275	74.95366	74.95366	106.0
109.0		0.3574349788005547	0.5240076997476604	0.24433142345260658	77.07499	77.07499	109.0
112.0		0.3988206741232132	0.4730418371019656	0.263079169702593	79.19632	79.19632	112.0
115.0		0.4381534063342233	0.4136646194828098	0.2812956202034445	81.31765	81.31765	115.0
118.0		0.47415352684463374	0.3503477803564411	0.29871919178645373	83.43898	83.43898	118.0
121.0		0.505573770180208	0.2872895160644519	0.3150872998943889	85.56031	85.56031	121.0
124.0		0.5312703380130582	0.22798189920935114	0.3301428322843806	87.68164	87.68164	124.0
127.0		0.5502717587975359	0.17494679061935461	0.3436408029092236	89.80297	89.80297	127.0
130.0		0.5618397664422617	0.1296544080984582	0.35535494815397667	91.9243	91.9243	130.0
133.0		0.565516886300308	0.09260132468863587	0.36508401876713925	94.04563	94.04563	133.0
136.0		0.5611564541641418	0.06349970095693476	0.37265752374090255	96.16696	96.16696	136.0
139.0		0.5489323227093074	0.041520350933495355	0.3779406973869379	98.28829	98.28829	139.0
142.0		0.5293273600216118	0.025537273441622002	0.38083848751957744	100.40962	100.40962	142.0
145.0		0.5031018007555215	0.014335721414854567	0.3812983998682328	102.53095	102.53095	145.0
148.0		0.4712443412049122	0.006763801857074443	0.379312079795872	104.65228	104.65228	148.0
151.0		0.4349103621989413	0.0018239145784321202	0.37491556473507204	106.77361	106.77361	151.0
154.0		0.39535265345380555	-0.0012880564471797187	0.3681881966848468	108.89494	108.89494	154.0
157.0		0.3538504051903176	-0.003181915837344483	0.359250240620395	111.01627	111.01627	157.0
160.0		0.3116420135825382	-0.004295722885661461	0.34825930869624466	113.1376	113.1376	160.0
163.0		0.26986648052559115	-0.004928943136813548	0.3354057387768169	115.25893	115.25893	163.0
166.0		0.22951700432711786	-0.005277036374973879	0.3209071165658016	117.38026	117.38026	166.0
169.0		0.19140892693128086	-0.00546210381637467	0.30500216140012176	119.50159000000001	119.50159000000001	169.0
172.0		0.15616271041884794	-0.00555728319634967	0.2879442152357545	121.62292000000001	121.62292000000001	172.0
175.0		0.12420123386824823	-0.005604642813140511	0.2699945818025125	123.74425000000001	123.74425000000001	175.0
178.0		0.09575957006010426	-0.005627445760753646	0.25141595839711633	125.86558000000001	125.86558000000001	178.0
181.0		0.07090461016535457	-0.005638071245365127	0.23246618707442177	127.98691000000001	127.98691000000001	181.0
184.0		0.0495614895903323	-0.005642863417788092	0.2133925264641682	130.10824	130.10824	184.0
187.0		0.03154371476057115	-0.0056449555422230565	0.19442661196714373	132.22957	132.22957	187.0
190.0		0.016584143116476137	-0.005645839750693933	0.175780232907317	134.3509	134.3509	190.0
193.0		0.004364444620341697	-0.005646201552299967	0.1576420127626939	136.47223	136.47223	193.0
196.0		-0.005458720829760889	-0.005646344892485623	0.14017503531765863	138.59356	138.59356	196.0
199.0		-0.013231929876543841	-0.005646399881628411	0.1235154177888095	140.71489	140.71489	199.0
202.0		-0.01928813660749879	-0.005646420309567945	0.1077717937189524	142.83622	142.83622	202.0
205.0		-0.02393472111667955	-0.005646427658690566	0.0930256353759612	144.95755	144.95755	205.0
208.0		-0.02744604576618411	-0.005646430219234808	0.07933231875078378	147.07888	147.07888	208.0
211.0		-0.030059860397280404	-0.005646431083278242	0.06672281475397712	149.20021	149.20021	211.0
214.0		-0.03197676576851922	-0.005646431365677993	0.05520587811283264	151.32154	151.32154	214.0
217.0		-0.033361919374200126	-0.005646431455077661	0.04477060057432359	153.44287	153.44287	217.0
220.0		-0.034348222887123116	-0.005646431482491284	0.03538919674007386	155.5642	155.5642	220.0
223.0		-0.03504033757050755	-0.005646431490634027	0.02701989831074708	157.68553	157.68553	223.0
226.0		-0.035519007232831426	-0.005646431492976975	0.019609844598084694	159.80686	159.80686	226.0
229.0		-0.035845306563844104	-0.0056464314936300365	0.013097872654498202	161.92819	161.92819	229.0
232.0		-0.036064560794202706	-0.00564643149380638	0.007417128026291849	164.04952	164.04952	232.0
235.0		-0.03620979126126203	-0.0056464314938525105	0.002497435763659156	166.17085	166.17085	235.0
238.0		-0.03630462645736283	-0.005646431493864201	-0.00173261015667487	168.29218	168.29218	238.0
241.0		-0.03636567923960909	-0.005646431493867072	-0.005343863330496315	170.41351	170.41351	241.0
244.0		-0.03640443048637457	-0.005646431493867754	-0.008405155896281184	172.53484	172.53484	244.0
247.0		-0.03642868143738233	-0.005646431493867911	-0.010982138969062494	174.65617	174.65617	247.0
250.0		-0.036443645580264666	-0.005646431493867947	-0.013136416499201206	176.7775	176.7775	250.0
253.0		-0.03645275038600834	-0.005646431493867955	-0.01492494812003857	178.89883	178.89883	253.0
256.0		-0.03645821299220275	-0.0056464314938679564	-0.01639969073079144	181.02016	181.02016	256.0
259.0		-0.03646144485569306	-0.0056464314938679564	-0.017607445137749825	183.14149	183.14149	259.0
262.0		-0.03646333042543805	-0.0056464314938679564	-0.01858987276663747	185.26282	185.26282	262.0
265.0		-0.036464415302093205	-0.0056464314938679564	-0.019383647919513036	187.38415	187.38415	265.0
268.0		-0.03646503087173474	-0.0056464314938679564	-0.020020712909375616	189.50548	189.50548	268.0
271.0		-0.036465375335273574	-0.0056464314938679564	-0.020528606291935092	191.62681	191.62681	271.0
274.0		-0.03646556543787841	-0.0056464314938679564	-0.02093083797505548	193.74814	193.74814	274.0
277.0		-0.036465668909324685	-0.0056464314938679564	-0.02124728890781532	195.86947	195.86947	277.0
280.0		-0.036465724454834585	-0.0056464314938679564	-0.021494617066564723	197.9908	197.9908	280.0
283.0		-0.03646575386389948	-0.0056464314938679564	-0.021686655351627938	200.11213	200.11213	283.0
286.0		-0.036465769221545596	-0.0056464314938679564	-0.02183479062616255	202.23346	202.23346	286.0
289.0		-0.0364657771317227	-0.0056464314938679564	-0.021948316359948122	204.35479	204.35479	289.0
292.0		-0.036465781150300684	-0.0056464314938679564	-0.022034754122925142	206.47612	206.47612	292.0
RTBT_Diag:WS21

Name	X Fit	X RMS	Y Fit	Y RMS	Z Fit	Z RMS
-------	-----	-----	-----	-----	-----	-----
Area	28.68893121822253	24.747315856722004	24.603516195092823	24.487747395833335	27.642688459342136	24.64150600634766
Ampl	0.486187104432432	0.46166992187500006	0.50959401196813	0.5432128906250001	0.34613869853286666	0.321337890625
Mean	84.01903367473881	93.3717429283784	96.88193377928374	97.0492641143344	99.80083713270191	117.00119913050256
Sigma	23.540788182439652	16.112643794747758	19.261181698064703	18.695430383487764	31.859590439146462	21.533350417518275
Offset	-0.01915591318905732	0.0058837890625	-0.005925286754109426	-0.005444335937499999	-0.012190574248179195	0.0037353515625
Slope	0.0	0.0	0.0	0.0	0.0	0.0

Position	X Raw	Y Raw	Z Raw
--------	-----	-----	-----
25.0		0.00615234375	-0.005224609375	0.00380859375	17.67775	17.67775	25.0
28.0		0.005615234375	-0.0056640625	0.003662109375	19.79908	19.79908	28.0
31.0		0.005908203125	-0.0048828125	0.003662109375	21.92041	21.92041	31.0
34.0		0.00595703125	-0.005224609375	0.003564453125	24.04174	24.04174	34.0
37.0		0.0056640625	-0.005224609375	0.003955078125	26.16307	26.16307	37.0
40.0		0.005078125	-0.005615234375	0.003759765625	28.2844	28.2844	40.0
43.0		0.0048828125	-0.0056640625	0.0037109375	30.405730000000002	30.405730000000002	43.0
46.0		0.005517578125	-0.005078125	0.00341796875	32.52706	32.52706	46.0
49.0		0.005810546875	-0.001123046875	0.003369140625	34.64839	34.64839	49.0
52.0		0.005859375	0.018701171875	0.0041015625	36.76972	36.76972	52.0
55.0		0.00537109375	0.03935546875	0.0037109375	38.89105	38.89105	55.0
58.0		0.005615234375	0.080322265625	0.00400390625	41.01238	41.01238	58.0
61.0		0.00517578125	0.10283203125	0.00341796875	43.13371	43.13371	61.0
64.0		0.005126953125	0.130322265625	0.003759765625	45.25504	45.25504	64.0
67.0		0.0044921875	0.163232421875	0.00302734375	47.37637	47.37637	67.0
70.0		0.005126953125	0.200048828125	0.0037109375	49.4977	49.4977	70.0
73.0		0.004931640625	0.2396484375	0.00400390625	51.61903	51.61903	73.0
76.0		0.00556640625	0.2748046875	0.0037109375	53.74036	53.74036	76.0
79.0		0.00654296875	0.312646484375	0.002978515625	55.86169	55.86169	79.0
82.0		0.02255859375	0.347607421875	0.0029296875	57.98302	57.98302	82.0
85.0		0.056494140625	0.407666015625	0.0037109375	60.104350000000004	60.104350000000004	85.0
88.0		0.113720703125	0.463525390625	0.003955078125	62.225680000000004	62.225680000000004	88.0
91.0		0.19267578125	0.497412109375	0.004150390625	64.34701	64.34701	91.0
94.0		0.26748046875	0.503515625	0.003515625	66.46834	66.46834	94.0
97.0		0.310302734375	0.53232421875	0.004052734375	68.58967	68.58967	97.0
100.0		0.3318359375	0.520703125	0.00556640625	70.711	70.711	100.0
103.0		0.36513671875	0.48603515625	0.01279296875	72.83233	72.83233	103.0
106.0		0.41044921875	0.433349609375	0.03857421875	74.95366	74.95366	106.0
109.0		0.454150390625	0.38447265625	0.0974609375	77.07499	77.07499	109.0
112.0		0.477587890625	0.341748046875	0.1697265625	79.19632	79.19632	112.0
115.0		0.493798828125	0.306787109375	0.23330078125	81.31765	81.31765	115.0
118.0		0.49560546875	0.281201171875	0.25302734375	83.43898	83.43898	118.0
121.0		0.49375	0.240771484375	0.259423828125	85.56031	85.56031	121.0
124.0		0.485400390625	0.205029296875	0.268798828125	87.68164	87.68164	124.0
127.0		0.480419921875	0.169580078125	0.293310546875	89.80297	89.80297	127.0
130.0		0.480029296875	0.137841796875	0.3244140625	91.9243	91.9243	130.0
133.0		0.4734375	0.106689453125	0.3466796875	94.04563	94.04563	133.0
136.0		0.476318359375	0.086572265625	0.371826171875	96.16696	96.16696	136.0
139.0		0.48291015625	0.049462890625	0.37578125	98.28829	98.28829	139.0
142.0		0.490234375	0.013330078125	0.3767578125	100.40962	100.40962	142.0
145.0		0.49775390625	-0.003564453125	0.375341796875	102.53095	102.53095	145.0
148.0		0.4919921875	-0.00556640625	0.365625	104.65228	104.65228	148.0
151.0		0.48076171875	-0.0048828125	0.353173828125	106.77361	106.77361	151.0
154.0		0.46162109375	-0.005126953125	0.3439453125	108.89494	108.89494	154.0
157.0		0.410107421875	-0.005419921875	0.340185546875	111.01627	111.01627	157.0
160.0		0.366015625	-0.005419921875	0.336279296875	113.1376	113.1376	160.0
163.0		0.3333984375	-0.005615234375	0.32958984375	115.25893	115.25893	163.0
166.0		0.3009765625	-0.005029296875	0.32880859375	117.38026	117.38026	166.0
169.0		0.27958984375	-0.0048828125	0.328173828125	119.50159000000001	119.50159000000001	169.0
172.0		0.24716796875	-0.005029296875	0.33408203125	121.62292000000001	121.62292000000001	172.0
175.0		0.17109375	-0.005322265625	0.337060546875	123.74425000000001	123.74425000000001	175.0
178.0		0.084375	-0.005078125	0.340771484375	125.86558000000001	125.86558000000001	178.0
181.0		0.03486328125	-0.005078125	0.351904296875	127.98691000000001	127.98691000000001	181.0
184.0		0.012158203125	-0.005224609375	0.362060546875	130.10824	130.10824	184.0
187.0		0.005712890625	-0.00546875	0.37021484375	132.22957	132.22957	187.0
190.0		0.005419921875	-0.00498046875	0.3787109375	134.3509	134.3509	190.0
193.0		0.004833984375	-0.00498046875	0.373486328125	136.47223	136.47223	193.0
196.0		0.0046875	-0.00537109375	0.363427734375	138.59356	138.59356	196.0
199.0		0.00478515625	-0.0052734375	0.339794921875	140.71489	140.71489	199.0
202.0		0.004736328125	-0.005419921875	0.304443359375	142.83622	142.83622	202.0
205.0		0.00537109375	-0.004541015625	0.273828125	144.95755	144.95755	205.0
208.0		0.004638671875	-0.005126953125	0.24970703125	147.07888	147.07888	208.0
211.0		0.00517578125	-0.004638671875	0.2462890625	149.20021	149.20021	211.0
214.0		0.005517578125	-0.0046875	0.2421875	151.32154	151.32154	214.0
217.0		0.00556640625	-0.00498046875	0.22294921875	153.44287	153.44287	217.0
220.0		0.005224609375	-0.00517578125	0.17080078125	155.5642	155.5642	220.0
223.0		0.004541015625	-0.00546875	0.087109375	157.68553	157.68553	223.0
226.0		0.0060546875	-0.00478515625	0.032666015625	159.80686	159.80686	226.0
229.0		0.005224609375	-0.00517578125	0.008056640625	161.92819	161.92819	229.0
232.0		0.005517578125	-0.004931640625	0.00380859375	164.04952	164.04952	232.0
235.0		0.00498046875	-0.00517578125	0.00322265625	166.17085	166.17085	235.0
238.0		0.005126953125	-0.00517578125	0.0033203125	168.29218	168.29218	238.0
241.0		0.005419921875	-0.004833984375	0.00322265625	170.41351	170.41351	241.0
244.0		0.00517578125	-0.00517578125	0.003076171875	172.53484	172.53484	244.0
247.0		0.005517578125	-0.004931640625	0.00322265625	174.65617	174.65617	247.0
250.0		0.005615234375	-0.00537109375	0.003515625	176.7775	176.7775	250.0
253.0		0.0052734375	-0.005224609375	0.003515625	178.89883	178.89883	253.0
256.0		0.0052734375	-0.005078125	0.0033203125	181.02016	181.02016	256.0
259.0		0.0064453125	-0.0048828125	0.0037109375	183.14149	183.14149	259.0
262.0		0.00556640625	-0.005029296875	0.00283203125	185.26282	185.26282	262.0
265.0		0.004443359375	-0.005517578125	0.004345703125	187.38415	187.38415	265.0
268.0		0.00595703125	-0.005078125	0.003564453125	189.50548	189.50548	268.0
271.0		0.005517578125	-0.005126953125	0.00322265625	191.62681	191.62681	271.0
274.0		0.0056640625	-0.00517578125	0.00322265625	193.74814	193.74814	274.0
277.0		0.00546875	-0.00478515625	0.00341796875	195.86947	195.86947	277.0
280.0		0.005615234375	-0.0046875	0.003466796875	197.9908	197.9908	280.0
283.0		0.005419921875	-0.00517578125	0.0037109375	200.11213	200.11213	283.0
286.0		0.0056640625	-0.004931640625	0.003662109375	202.23346	202.23346	286.0
289.0		0.005419921875	-0.005322265625	0.0037109375	204.35479	204.35479	289.0
292.0		0.006201171875	-0.005126953125	0.00390625	206.47612	206.47612	292.0

Position	X Fit	Y Fit	Z Fit
--------	-----	-----	-----
25.0		-0.010039152090343737	-0.005464348932236402	4.388914737808655E-4	17.67775	17.67775	25.0
28.0		-0.007435627471875726	-0.005095155260798402	0.0027456538917036404	19.79908	19.79908	28.0
31.0		-0.0042153788540058735	-0.004478902838077874	0.005400679363807033	21.92041	21.92041	31.0
34.0		-2.6896303686135825E-4	-0.003476859528210759	0.008440836832620402	24.04174	24.04174	34.0
37.0		0.004522490896664195	-0.0018899375827192751	0.011903956138321686	26.16307	26.16307	37.0
40.0		0.010285433747766935	5.572724392133811E-4	0.015828269878912532	28.2844	28.2844	40.0
43.0		0.01715123012454296	0.004231143557218209	0.020251750082753803	30.405730000000002	30.405730000000002	43.0
46.0		0.025252612443750964	0.009598811645525764	0.0252113409662476	32.52706	32.52706	46.0
49.0		0.03471923351704358	0.017228483450160117	0.030742092726902086	34.64839	34.64839	49.0
52.0		0.04567234764890471	0.02777491619834009	0.036876205411484446	36.76972	36.76972	52.0
55.0		0.05821871135624121	0.041944920063705315	0.04364199629191517	38.89105	38.89105	55.0
58.0		0.07244386307498209	0.06043921892686411	0.05106280873790684	41.01238	41.01238	58.0
61.0		0.08840501263761244	0.08387004551040686	0.059155885125894335	43.13371	43.13371	61.0
64.0		0.10612384087245766	0.11265838644809942	0.06793123067458552	45.25504	45.25504	64.0
67.0		0.1255795715276375	0.14692032652589126	0.07739049903624189	47.37637	47.37637	67.0
70.0		0.14670272554658875	0.18635748147538198	0.08752593377745718	49.4977	49.4977	70.0
73.0		0.1693699952758174	0.23017069326681686	0.09831940233184068	51.61903	51.61903	73.0
76.0		0.19340067790721932	0.2770175262089281	0.10974156038941989	53.74036	53.74036	76.0
79.0		0.21855507910873084	0.3250314771291253	0.12175118481745838	55.86169	55.86169	79.0
82.0		0.24453523707534022	0.3719137528460359	0.13429471193479117	57.98302	57.98302	82.0
85.0		0.27098822427633945	0.4150975720097403	0.14730601518495745	60.104350000000004	60.104350000000004	85.0
88.0		0.2975121618935464	0.4519719370601536	0.16070645192929375	62.225680000000004	62.225680000000004	88.0
91.0		0.3236649361098559	0.48013928880802914	0.1744052032337747	64.34701	64.34701	91.0
94.0		0.348975444460918	0.4976723045689261	0.1882999232493727	66.46834	66.46834	94.0
97.0		0.3729570350382724	0.5033317969607475	0.20227770625637032	68.58967	68.58967	97.0
100.0		0.3951226434982005	0.49671152127974005	0.21621636990250329	70.711	70.711	100.0
103.0		0.4150009951155909	0.47828638898495845	0.22998604292392028	72.83233	72.83233	103.0
106.0		0.43215313340642175	0.44935614005723806	0.24345103506417484	74.95366	74.95366	106.0
109.0		0.44618847322249133	0.41189375318411353	0.25647195640971093	77.07499	77.07499	109.0
112.0		0.4567795619693885	0.3683231491626262	0.2689080433754682	79.19632	79.19632	112.0
115.0		0.46367477133103496	0.32126094571214464	0.28061963954113295	81.31765	81.31765	115.0
118.0		0.46670823304940007	0.27326029834310256	0.29147077188033244	83.43898	83.43898	118.0
121.0		0.4658064710530438	0.22659103145661663	0.3013317570261647	85.56031	85.56031	121.0
124.0		0.4609913596823758	0.1830807460734067	0.31008176840148427	87.68164	87.68164	124.0
127.0		0.4523792417179883	0.14402891404171156	0.31761129355714657	89.80297	89.80297	127.0
130.0		0.44017625586353387	0.11019303828299265	0.3238244120573739	91.9243	91.9243	130.0
133.0		0.4246701356955851	0.08183531601554955	0.32864082777440423	94.04563	94.04563	133.0
136.0		0.40621893561431704	0.058811524106456924	0.3319975954390028	96.16696	96.16696	136.0
139.0		0.38523730040650317	0.04068156276090788	0.3338504895620383	98.28829	98.28829	139.0
142.0		0.3621810128785077	0.02682272911835379	0.33417497411214503	100.40962	100.40962	142.0
145.0		0.337530621537568	0.016531137618403916	0.33296674322834174	102.53095	102.53095	145.0
148.0		0.31177496459942133	0.009102289429480668	0.3302418163098295	104.65228	104.65228	148.0
151.0		0.28539536907561514	0.0038872784245784463	0.32603618454737815	106.77361	106.77361	151.0
154.0		0.2588512197190439	3.255546132037244E-4	0.32040501979924213	108.89494	108.89494	154.0
157.0		0.23256747086370463	-0.0020419189627368193	0.31342147012132154	111.01627	111.01627	157.0
160.0		0.206924525734627	-0.003573910203584143	0.30517507870905675	113.1376	113.1376	160.0
163.0		0.1822507449453061	-0.0045392539342746585	0.29576987401624616	115.25893	115.25893	163.0
166.0		0.15881768109262875	-0.005131709510018987	0.28532218797138825	117.38026	117.38026	166.0
169.0		0.13683798112435003	-0.005485918088662488	0.27395826619069913	119.50159000000001	119.50159000000001	169.0
172.0		0.1164657622009467	-0.005692248398224099	0.2618117386656302	121.62292000000001	121.62292000000001	172.0
175.0		0.09779915736478166	-0.005809368195478246	0.24902102146834917	123.74425000000001	123.74425000000001	175.0
178.0		0.08088464893252045	-0.0058741594444549055	0.23572671957036714	125.86558000000001	125.86558000000001	178.0
181.0		0.06572276175656737	-0.00590909522271835	0.2220690980151228	127.98691000000001	127.98691000000001	181.0
184.0		0.052274674326427545	-0.005927457921816817	0.2081856836324497	130.10824	130.10824	184.0
187.0		0.040469319842107554	-0.005936867151722747	0.19420905252487236	132.22957	132.22957	187.0
190.0		0.03021058696566802	-0.00594156780921216	0.18026485005423398	134.3509	134.3509	190.0
193.0		0.021384284991548774	-0.005943857528070619	0.16647008042167555	136.47223	136.47223	193.0
196.0		0.013864604325275382	-0.005944945089492043	0.15293169259993417	138.59356	138.59356	196.0
199.0		0.007519874258379092	-0.005945448821926851	0.1397454787838314	140.71489	140.71489	199.0
202.0		0.0022174905587209956	-0.005945676355037377	0.1269952910954671	142.83622	142.83622	202.0
205.0		-0.002172049172443874	-0.005945776587839034	0.1147525724023555	144.95755	144.95755	205.0
208.0		-0.005772007449433569	-0.0059458196519897215	0.10307618811583566	147.07888	147.07888	208.0
211.0		-0.008697124836696284	-0.00594583769799953	0.09201253800687983	149.20021	149.20021	211.0
214.0		-0.011052117695371887	-0.005945845074032443	0.08159592060949447	151.32154	151.32154	214.0
217.0		-0.012930856194360338	-0.005945848014772309	0.0718491178064288	153.44287	153.44287	217.0
220.0		-0.014416110273376803	-0.0059458491584326095	0.06278416376213933	155.5642	155.5642	220.0
223.0		-0.015579747645131726	-0.005945849592300643	0.05440326046833655	157.68553	157.68553	223.0
226.0		-0.01648327170525486	-0.005945849752865672	0.046699801719866305	159.80686	159.80686	226.0
229.0		-0.01717859647355179	-0.005945849810833713	0.03965946821219694	161.92819	161.92819	229.0
232.0		-0.01770896856123345	-0.005945849831250223	0.03326135847397613	164.04952	164.04952	232.0
235.0		-0.018109960971189814	-0.005945849838265417	0.02747912331737252	166.17085	166.17085	235.0
238.0		-0.018410478885661306	-0.005945849840617067	0.022282075186813584	168.29218	168.29218	238.0
241.0		-0.01863373238186514	-0.005945849841386179	0.01763624798993004	170.41351	170.41351	241.0
244.0		-0.018798144461959727	-0.005945849841631592	0.013505387485458748	172.53484	172.53484	244.0
247.0		-0.018918174404703524	-0.0059458498417079945	0.00985185687895771	174.65617	174.65617	247.0
250.0		-0.019005046012070027	-0.005945849841731202	0.006637446758106723	176.7775	176.7775	250.0
253.0		-0.019067377808182653	-0.005945849841738079	0.003824082732306019	178.89883	178.89883	253.0
256.0		-0.01911171777323494	-0.005945849841740068	0.001374428004194246	181.02016	181.02016	256.0
259.0		-0.019142988983181435	-0.005945849841740629	-7.476184964139449E-4	183.14149	183.14149	259.0
262.0		-0.019164854852441328	-0.005945849841740783	-0.0025765249012476947	185.26282	185.26282	262.0
265.0		-0.019180013834865742	-0.005945849841740825	-0.004144824262851199	187.38415	187.38415	265.0
268.0		-0.019190433711702554	-0.005945849841740836	-0.005482899844603679	189.50548	189.50548	268.0
271.0		-0.019197535240728553	-0.005945849841740839	-0.006618848943114883	191.62681	191.62681	271.0
274.0		-0.019202334176733404	-0.00594584984174084	-0.007578415576629483	193.74814	193.74814	274.0
277.0		-0.019205549676766676	-0.00594584984174084	-0.00838498204353155	195.86947	195.86947	277.0
280.0		-0.019207686009150765	-0.00594584984174084	-0.009059609402765255	197.9908	197.9908	280.0
283.0		-0.019209093390534712	-0.00594584984174084	-0.009621117286954521	200.11213	200.11213	283.0
286.0		-0.019210012745138633	-0.00594584984174084	-0.010086194062080849	202.23346	202.23346	286.0
289.0		-0.01921060825352759	-0.00594584984174084	-0.01046952912967421	204.35479	204.35479	289.0
292.0		-0.019210990753411598	-0.00594584984174084	-0.010783960068035463	206.47612	206.47612	292.0
RTBT_Diag:WS20

Name	X Fit	X RMS	Y Fit	Y RMS	Z Fit	Z RMS
-------	-----	-----	-----	-----	-----	-----
Area	27.89887860428881	25.730026122444663	26.669239537857347	25.396578776041665	27.62135014705086	24.12905036121419
Ampl	0.3160547377492727	0.32084960937500007	0.4959675387213759	0.48681640625	0.5514691553798087	0.519091796875
Mean	66.04096291424983	83.35782886907486	97.21208419751349	97.95629470345993	137.07952597166414	126.99776887017283
Sigma	35.21555262958032	24.67862661440342	21.451983057669228	19.54941471858505	19.981760190815518	13.632133015225985
Offset	-0.0024103391056614775	-0.0014404296875	-0.0013278469661532942	0.0030517578125	-0.003418787907220616	-0.00146484375
Slope	0.0	0.0	0.0	0.0	0.0	0.0

Position	X Raw	Y Raw	Z Raw
--------	-----	-----	-----
25.0		-0.00146484375	0.002978515625	-0.00146484375	17.67775	17.67775	25.0
28.0		-0.001416015625	0.003125	-0.00146484375	19.79908	19.79908	28.0
31.0		-0.0013671875	0.003271484375	-0.00146484375	21.92041	21.92041	31.0
34.0		-0.00185546875	0.003271484375	-0.0013671875	24.04174	24.04174	34.0
37.0		-8.7890625E-4	0.003515625	-9.765625E-4	26.16307	26.16307	37.0
40.0		3.41796875E-4	0.00263671875	-0.00185546875	28.2844	28.2844	40.0
43.0		0.01015625	0.0029296875	-0.001708984375	30.405730000000002	30.405730000000002	43.0
46.0		0.03251953125	0.00263671875	-0.0017578125	32.52706	32.52706	46.0
49.0		0.047314453125	0.0078125	-0.001220703125	34.64839	34.64839	49.0
52.0		0.07861328125	0.032666015625	-0.001025390625	36.76972	36.76972	52.0
55.0		0.115869140625	0.06650390625	-0.00185546875	38.89105	38.89105	55.0
58.0		0.151611328125	0.0916015625	-9.765625E-4	41.01238	41.01238	58.0
61.0		0.18447265625	0.114794921875	-0.001708984375	43.13371	43.13371	61.0
64.0		0.204345703125	0.1357421875	-0.001220703125	45.25504	45.25504	64.0
67.0		0.216357421875	0.1669921875	-0.001318359375	47.37637	47.37637	67.0
70.0		0.228955078125	0.213330078125	-0.0015625	49.4977	49.4977	70.0
73.0		0.242236328125	0.253857421875	-0.00166015625	51.61903	51.61903	73.0
76.0		0.2609375	0.289208984375	-0.001318359375	53.74036	53.74036	76.0
79.0		0.2837890625	0.337060546875	-0.001806640625	55.86169	55.86169	79.0
82.0		0.303466796875	0.38291015625	-0.0013671875	57.98302	57.98302	82.0
85.0		0.320654296875	0.442578125	-8.7890625E-4	60.104350000000004	60.104350000000004	85.0
88.0		0.329248046875	0.46015625	-8.7890625E-4	62.225680000000004	62.225680000000004	88.0
91.0		0.33759765625	0.483251953125	-5.859375E-4	64.34701	64.34701	91.0
94.0		0.33837890625	0.48447265625	-0.00166015625	66.46834	66.46834	94.0
97.0		0.33837890625	0.492919921875	-7.8125E-4	68.58967	68.58967	97.0
100.0		0.333349609375	0.49462890625	-0.001904296875	70.711	70.711	100.0
103.0		0.33203125	0.480615234375	-9.27734375E-4	72.83233	72.83233	103.0
106.0		0.3251953125	0.45517578125	-0.001611328125	74.95366	74.95366	106.0
109.0		0.32158203125	0.428662109375	-0.001025390625	77.07499	77.07499	109.0
112.0		0.31962890625	0.380419921875	-0.001171875	79.19632	79.19632	112.0
115.0		0.319189453125	0.3419921875	-9.27734375E-4	81.31765	81.31765	115.0
118.0		0.31796875	0.317529296875	-0.001318359375	83.43898	83.43898	118.0
121.0		0.320849609375	0.274072265625	-6.8359375E-4	85.56031	85.56031	121.0
124.0		0.320068359375	0.234716796875	-0.001611328125	87.68164	87.68164	124.0
127.0		0.323046875	0.21171875	-0.00185546875	89.80297	89.80297	127.0
130.0		0.32568359375	0.174853515625	-9.765625E-4	91.9243	91.9243	130.0
133.0		0.329931640625	0.137255859375	4.8828125E-5	94.04563	94.04563	133.0
136.0		0.329296875	0.11689453125	-7.32421875E-4	96.16696	96.16696	136.0
139.0		0.330322265625	0.08349609375	0.00517578125	98.28829	98.28829	139.0
142.0		0.33134765625	0.0529296875	0.054638671875	100.40962	100.40962	142.0
145.0		0.32900390625	0.019580078125	0.214697265625	102.53095	102.53095	145.0
148.0		0.317333984375	0.0037109375	0.370751953125	104.65228	104.65228	148.0
151.0		0.304541015625	0.002783203125	0.383642578125	106.77361	106.77361	151.0
154.0		0.293310546875	0.003271484375	0.40693359375	108.89494	108.89494	154.0
157.0		0.267333984375	0.00361328125	0.458642578125	111.01627	111.01627	157.0
160.0		0.246337890625	0.002587890625	0.533837890625	113.1376	113.1376	160.0
163.0		0.230322265625	0.002490234375	0.579150390625	115.25893	115.25893	163.0
166.0		0.21396484375	0.003271484375	0.56884765625	117.38026	117.38026	166.0
169.0		0.20078125	0.003125	0.551318359375	119.50159000000001	119.50159000000001	169.0
172.0		0.190869140625	0.00361328125	0.537890625	121.62292000000001	121.62292000000001	172.0
175.0		0.1779296875	0.002685546875	0.520703125	123.74425000000001	123.74425000000001	175.0
178.0		0.15966796875	0.002978515625	0.509765625	125.86558000000001	125.86558000000001	178.0
181.0		0.138134765625	0.00283203125	0.516162109375	127.98691000000001	127.98691000000001	181.0
184.0		0.101123046875	0.003173828125	0.515869140625	130.10824	130.10824	184.0
187.0		0.061083984375	0.003173828125	0.53212890625	132.22957	132.22957	187.0
190.0		0.033447265625	0.00302734375	0.55830078125	134.3509	134.3509	190.0
193.0		0.014794921875	0.003173828125	0.571728515625	136.47223	136.47223	193.0
196.0		0.005419921875	0.002978515625	0.58330078125	138.59356	138.59356	196.0
199.0		1.46484375E-4	0.0033203125	0.551171875	140.71489	140.71489	199.0
202.0		-0.00166015625	0.003076171875	0.475732421875	142.83622	142.83622	202.0
205.0		-0.001318359375	0.003466796875	0.409814453125	144.95755	144.95755	205.0
208.0		-0.001611328125	0.002978515625	0.379248046875	147.07888	147.07888	208.0
211.0		-0.001806640625	0.003369140625	0.369921875	149.20021	149.20021	211.0
214.0		-0.001416015625	0.003076171875	0.23271484375	151.32154	151.32154	214.0
217.0		-0.0015625	0.00322265625	0.055615234375	153.44287	153.44287	217.0
220.0		-0.00146484375	0.0033203125	0.003173828125	155.5642	155.5642	220.0
223.0		-0.002294921875	0.002783203125	-0.002197265625	157.68553	157.68553	223.0
226.0		-8.7890625E-4	0.0033203125	-0.001025390625	159.80686	159.80686	226.0
229.0		-0.00107421875	0.003369140625	-4.39453125E-4	161.92819	161.92819	229.0
232.0		-0.001806640625	0.003271484375	-0.0015625	164.04952	164.04952	232.0
235.0		-0.001611328125	0.00341796875	-4.8828125E-4	166.17085	166.17085	235.0
238.0		-0.00126953125	0.003173828125	-4.8828125E-4	168.29218	168.29218	238.0
241.0		-0.001318359375	0.003125	-0.001513671875	170.41351	170.41351	241.0
244.0		-0.001513671875	0.003662109375	-0.0013671875	172.53484	172.53484	244.0
247.0		-0.00185546875	0.003466796875	-0.001513671875	174.65617	174.65617	247.0
250.0		-0.001953125	0.003515625	-0.0013671875	176.7775	176.7775	250.0
253.0		-0.002197265625	0.0033203125	-0.0013671875	178.89883	178.89883	253.0
256.0		-0.001318359375	0.003271484375	-0.001611328125	181.02016	181.02016	256.0
259.0		-0.001806640625	0.00341796875	-0.00166015625	183.14149	183.14149	259.0
262.0		-0.001806640625	0.003076171875	-0.0017578125	185.26282	185.26282	262.0
265.0		-8.7890625E-4	0.003564453125	-8.30078125E-4	187.38415	187.38415	265.0
268.0		-0.00107421875	0.003857421875	-9.765625E-4	189.50548	189.50548	268.0
271.0		-0.001416015625	0.003564453125	-0.001123046875	191.62681	191.62681	271.0
274.0		-0.0013671875	0.004052734375	-0.001318359375	193.74814	193.74814	274.0
277.0		-0.0013671875	0.003662109375	-0.001318359375	195.86947	195.86947	277.0
280.0		-0.0015625	0.0037109375	-0.001171875	197.9908	197.9908	280.0
283.0		-0.001025390625	0.003466796875	-7.32421875E-4	200.11213	200.11213	283.0
286.0		-0.002294921875	0.00263671875	-0.00126953125	202.23346	202.23346	286.0
289.0		-0.001318359375	0.003173828125	-0.001123046875	204.35479	204.35479	289.0
292.0		-0.001611328125	0.003466796875	-0.0013671875	206.47612	206.47612	292.0

Position	X Fit	Y Fit	Z Fit
--------	-----	-----	-----
25.0		0.12071660626151816	3.8952215059926006E-4	-0.003281593214675399	17.67775	17.67775	25.0
28.0		0.13109225167165803	0.0013952540958443549	-0.003281584700946322	19.79908	19.79908	28.0
31.0		0.1418180190627361	0.0029063423096043935	-0.003281569118785212	21.92041	21.92041	31.0
34.0		0.15284121818296664	0.0051284451768574685	-0.0032815409284084225	24.04174	24.04174	34.0
37.0		0.1641016764076642	0.008326045947903087	-0.0032814905164036345	26.16307	26.16307	37.0
40.0		0.17553207140924953	0.01282774964084158	-0.0032814014074763883	28.2844	28.2844	40.0
43.0		0.18705842260646852	0.019026645437160362	-0.0032812457189727168	30.405730000000002	30.405730000000002	43.0
46.0		0.1986007418489243	0.02737326827703067	-0.003280976854438551	32.52706	32.52706	46.0
49.0		0.21007383965851933	0.03835873220750936	-0.003280517925645488	34.64839	34.64839	49.0
52.0		0.22138827904161465	0.0524861137220628	-0.00327974366951512	36.76972	36.76972	52.0
55.0		0.23245146453758495	0.07022923889741971	-0.0032784526171947383	38.89105	38.89105	55.0
58.0		0.24316884992402407	0.0919796913763492	-0.0032763248962937547	41.01238	41.01238	58.0
61.0		0.25344524400405355	0.11798500191281891	-0.003272859217222583	43.13371	43.13371	61.0
64.0		0.2631861903040391	0.1482833497809976	-0.0032672802277726354	45.25504	45.25504	64.0
67.0		0.27229939345066545	0.1826423086366007	-0.0032584044535522725	47.37637	47.37637	67.0
70.0		0.2806961626019177	0.22051072045344455	-0.003244449456498468	49.4977	49.4977	70.0
73.0		0.2882928406855156	0.26099319327778003	-0.003222766696771	51.61903	51.61903	73.0
76.0		0.2950121874352308	0.3028556142389139	-0.003189474049994137	53.74036	53.74036	76.0
79.0		0.30078468436648303	0.3445672979927324	-0.003138959352610253	55.86169	55.86169	79.0
82.0		0.30554973092224214	0.38438111755593785	-0.003063222278697689	57.98302	57.98302	82.0
85.0		0.30925670303953556	0.420447699459184	-0.002951019106189962	60.104350000000004	60.104350000000004	85.0
88.0		0.31186584829255604	0.45095431377094247	-0.0027867746075496804	62.225680000000004	62.225680000000004	88.0
91.0		0.31334899548390893	0.47427442151789506	-0.002549228775488405	64.34701	64.34701	91.0
94.0		0.31369006097343494	0.4891108998677179	-0.002209794964548238	66.46834	66.46834	94.0
97.0		0.312885339019544	0.4946154538895232	-0.0017306219866941033	68.58967	68.58967	97.0
100.0		0.31094356880418383	0.49046893196730984	-0.0010623773270155012	70.711	70.711	100.0
103.0		0.3078857764463165	0.47691196751677944	-1.418031275878728E-4	72.83233	72.83233	103.0
106.0		0.3037448959975839	0.4547218547710525	0.0011108586622106268	74.95366	74.95366	106.0
109.0		0.29856517897300605	0.42513874969471815	0.002794421326463465	77.07499	77.07499	109.0
112.0		0.29240140721951713	0.38975094253702625	0.0050290766177563916	79.19632	79.19632	112.0
115.0		0.28531792869856587	0.3503539595874308	0.007958210067890966	81.31765	81.31765	115.0
118.0		0.2773875399072665	0.3088008387250975	0.011749371855700994	83.43898	83.43898	118.0
121.0		0.26869024206144687	0.2668607900607134	0.016594018597167245	85.56031	85.56031	121.0
124.0		0.25931190071804133	0.22610081966231949	0.022705615797176892	87.68164	87.68164	124.0
127.0		0.24934284016035624	0.18780041640428263	0.03031569857227873	89.80297	89.80297	127.0
130.0		0.23887640457839482	0.15290400087880493	0.039667540147210634	91.9243	91.9243	130.0
133.0		0.2280075178524181	0.12201048949609217	0.05100718194718261	94.04563	94.04563	133.0
136.0		0.21683127262892707	0.09539487473757013	0.06457174025956106	96.16696	96.16696	136.0
139.0		0.2054415774324102	0.07305372090016385	0.08057512097614507	98.28829	98.28829	139.0
142.0		0.193929887878264	0.0547651372669391	0.09919153701490586	100.40962	100.40962	142.0
145.0		0.18238404475896383	0.04015400722148219	0.12053751556442821	102.53095	102.53095	145.0
148.0		0.17088723799996633	0.02875467018190386	0.14465337907190093	104.65228	104.65228	148.0
151.0		0.15951711136762853	0.020065393994798026	0.17148545292263356	106.77361	106.77361	151.0
154.0		0.14834501850674292	0.013591348029575099	0.2008704579988715	108.89494	108.89494	154.0
157.0		0.13743543653671855	0.00887498173633559	0.23252365160146052	111.01627	111.01627	157.0
160.0		0.12684553918253574	0.005514454387180868	0.2660322541064861	113.1376	113.1376	160.0
163.0		0.11662492738691389	0.003171921810077709	0.30085551956238155	115.25893	115.25893	163.0
166.0		0.1068155116550801	0.0015740674194575682	0.33633246906751424	117.38026	117.38026	166.0
169.0		0.09745153711522393	5.0736144300788E-4	0.37169781701063487	119.50159000000001	119.50159000000001	169.0
172.0		0.08855973950680376	-1.897150998427851E-4	0.40610601231869475	121.62292000000001	121.62292000000001	172.0
175.0		0.08015961808339613	-6.356874830294518E-4	0.4386626382776033	123.74425000000001	123.74425000000001	175.0
178.0		0.07226380976212778	-9.150598238605291E-4	0.46846172832103383	125.86558000000001	125.86558000000001	178.0
181.0		0.06487854777148475	-0.001086438472298834	0.4946269326384772	127.98691000000001	127.98691000000001	181.0
184.0		0.05800418752689934	-0.0011893993987614716	0.516353982709908	130.10824	130.10824	184.0
187.0		0.05163578246469997	-0.0012499851535610707	0.5329516100074629	132.22957	132.22957	187.0
190.0		0.04576369304064223	-0.0012849061704637333	0.5438780254770728	134.3509	134.3509	190.0
193.0		0.04037421298860885	-0.001304623766115843	0.5487702778099409	136.47223	136.47223	193.0
196.0		0.03545019816927338	-0.0013155306611287608	0.547464272175613	138.59356	138.59356	196.0
199.0		0.030971684843900393	-0.001321441581622795	0.5400039094008788	140.71489	140.71489	199.0
202.0		0.0269164859098245	-0.001324580212581139	0.526638635643103	142.83622	142.83622	202.0
205.0		0.023260755457808334	-0.0013262131847803372	0.5078095933155848	144.95755	144.95755	205.0
208.0		0.01997951388777667	-0.0013270456979602475	0.48412544570911553	147.07888	147.07888	208.0
211.0		0.01704712768493178	-0.0013274616047062285	0.45632972306077074	149.20021	149.20021	211.0
214.0		0.014437739757384214	-0.0013276652200859217	0.4252621322403242	151.32154	151.32154	214.0
217.0		0.01212564792257965	-0.0013277629102580268	0.39181663281002477	153.44287	153.44287	217.0
220.0		0.010085630665973054	-0.0013278088439729588	0.3568991832660178	155.5642	155.5642	220.0
223.0		0.008293220654371988	-0.0013278300113138207	0.3213879062880931	157.68553	157.68553	223.0
226.0		0.006724927650437447	-0.0013278395715304065	0.2860980415970189	159.80686	159.80686	226.0
229.0		0.005358413435207529	-0.0013278438035495804	0.25175350232019333	161.92819	161.92819	229.0
232.0		0.004172622101436667	-0.0013278456397367807	0.21896619260257982	164.04952	164.04952	232.0
235.0		0.0031478696382179175	-0.0013278464206197486	0.1882235528447065	166.17085	166.17085	235.0
238.0		0.002265897098705568	-0.0013278467461296268	0.15988414309998547	168.29218	168.29218	238.0
241.0		0.001509891844180504	-0.0013278468791323612	0.1341805124073162	170.41351	170.41351	241.0
244.0		8.644814088105816E-4	-0.0013278469324024633	0.11122817331462066	172.53484	172.53484	244.0
247.0		3.157044518668651E-4	-0.0013278469533166471	0.09103922859631558	174.65617	174.65617	247.0
250.0		-1.4903691960970996E-4	-0.001327846961365614	0.07353908413709404	176.7775	176.7775	250.0
253.0		-5.410394421667098E-4	-0.001327846964402218	0.058584714395632134	178.89883	178.89883	253.0
256.0		-8.703719153652723E-4	-0.0013278469655252484	0.045983098386903634	181.02016	181.02016	256.0
259.0		-0.0011459560348734458	-0.0013278469659324002	0.03550868067313401	183.14149	183.14149	259.0
262.0		-0.0013756519202674578	-0.001327846966077107	0.026918996778415003	185.26282	185.26282	262.0
265.0		-0.0015663458220858786	-0.0013278469661275258	0.01996790099372032	187.38415	187.38415	265.0
268.0		-0.001724037890922604	-0.0013278469661447475	0.014416117322606895	189.50548	189.50548	268.0
271.0		-0.0018539282735172203	-0.0013278469661505143	0.010039079435966767	191.62681	191.62681	271.0
274.0		-0.0019605001585658566	-0.0013278469661524076	0.006632219383036672	193.74814	193.74814	274.0
277.0		-0.0020475987223126167	-0.001327846966153017	0.004014001867867263	195.86947	195.86947	277.0
280.0		-0.0021185052169792533	-0.0013278469661532092	0.0020270823726505835	197.9908	197.9908	280.0
283.0		-0.0021760057016918504	-0.0013278469661532686	5.379996112678856E-4	200.11213	200.11213	283.0
286.0		-0.0022224541352868004	-0.0013278469661532866	-5.641947567768977E-4	202.23346	202.23346	286.0
289.0		-0.002259829734032584	-0.001327846966153292	-0.0013700026201245129	204.35479	204.35479	289.0
292.0		-0.0022897886467052437	-0.0013278469661532936	-0.0019519300275492384	206.47612	206.47612	292.0

PVLoggerID = 49164428