start time: Tue Aug 24 15:17:52 EDT 2021

RTBT_Diag:WS24

Name	X Fit	X RMS	Y Fit	Y RMS	Z Fit	Z RMS
-------	-----	-----	-----	-----	-----	-----
Area	95.64943689628944	81.57058568689779	95.94278667365984	88.45714925130208	89.70153479876662	84.25403821362305
Ampl	1.7183148291388606	1.6174316406249998	2.030857252718512	2.005126953125	1.7071926906109487	1.7064453125
Mean	104.8568293438562	104.96723486724548	101.91464242647805	102.10044337818971	103.23597423530943	112.56003850422162
Sigma	22.20699247159612	17.919094855683582	18.84703321832303	16.540470862347878	20.96174324371192	15.888831976868092
Offset	-0.04388700009136017	0.0058837890625	-0.012975466243170338	-6.103515625E-4	-0.0678110860352761	-0.001123046875
Slope	0.0	0.0	0.0	0.0	0.0	0.0

Position	X Raw	Y Raw	Z Raw
--------	-----	-----	-----
25.0		0.004833984375	-0.001953125	-0.001953125	17.67775	17.67775	25.0
28.0		0.00693359375	7.32421875E-4	-2.9296875E-4	19.79908	19.79908	28.0
31.0		0.009228515625	0.003271484375	0.001171875	21.92041	21.92041	31.0
34.0		0.010693359375	0.00546875	0.002783203125	24.04174	24.04174	34.0
37.0		0.008984375	0.00302734375	0.00107421875	26.16307	26.16307	37.0
40.0		0.0103515625	0.00537109375	0.00224609375	28.2844	28.2844	40.0
43.0		0.012353515625	0.007763671875	0.00390625	30.405730000000002	30.405730000000002	43.0
46.0		0.01064453125	0.00615234375	0.002099609375	32.52706	32.52706	46.0
49.0		0.01279296875	0.008447265625	0.00390625	34.64839	34.64839	49.0
52.0		0.01435546875	0.011083984375	0.005712890625	36.76972	36.76972	52.0
55.0		0.01357421875	0.009326171875	0.0037109375	38.89105	38.89105	55.0
58.0		0.00966796875	0.00595703125	6.34765625E-4	41.01238	41.01238	58.0
61.0		0.01572265625	0.023681640625	0.0060546875	43.13371	43.13371	61.0
64.0		0.017529296875	0.077978515625	0.007666015625	45.25504	45.25504	64.0
67.0		0.015283203125	0.188037109375	0.00498046875	47.37637	47.37637	67.0
70.0		0.01826171875	0.367236328125	0.0072265625	49.4977	49.4977	70.0
73.0		0.0158203125	0.54443359375	0.0046875	51.61903	51.61903	73.0
76.0		0.020361328125	0.776513671875	0.00810546875	53.74036	53.74036	76.0
79.0		0.0171875	0.96953125	0.005029296875	55.86169	55.86169	79.0
82.0		0.021435546875	1.170947265625	0.00751953125	57.98302	57.98302	82.0
85.0		0.031201171875	1.368212890625	0.01044921875	60.104350000000004	60.104350000000004	85.0
88.0		0.047265625	1.5474609375	0.013623046875	62.225680000000004	62.225680000000004	88.0
91.0		0.06787109375	1.69873046875	0.011572265625	64.34701	64.34701	91.0
94.0		0.11337890625	1.83037109375	0.01572265625	66.46834	66.46834	94.0
97.0		0.175341796875	1.935595703125	0.014208984375	68.58967	68.58967	97.0
100.0		0.242529296875	1.992919921875	0.00986328125	70.711	70.711	100.0
103.0		0.36494140625	2.00390625	0.01484375	72.83233	72.83233	103.0
106.0		0.515771484375	1.952197265625	0.01220703125	74.95366	74.95366	106.0
109.0		0.702880859375	1.875048828125	0.02705078125	77.07499	77.07499	109.0
112.0		0.861083984375	1.731982421875	0.04033203125	79.19632	79.19632	112.0
115.0		1.015185546875	1.57763671875	0.130322265625	81.31765	81.31765	115.0
118.0		1.113427734375	1.39482421875	0.293603515625	83.43898	83.43898	118.0
121.0		1.22138671875	1.17919921875	0.554638671875	85.56031	85.56031	121.0
124.0		1.308935546875	1.003271484375	0.86171875	87.68164	87.68164	124.0
127.0		1.38154296875	0.825048828125	1.1431640625	89.80297	89.80297	127.0
130.0		1.451025390625	0.645166015625	1.367236328125	91.9243	91.9243	130.0
133.0		1.4994140625	0.46337890625	1.51640625	94.04563	94.04563	133.0
136.0		1.53388671875	0.303564453125	1.622265625	96.16696	96.16696	136.0
139.0		1.582373046875	0.163037109375	1.694287109375	98.28829	98.28829	139.0
142.0		1.586962890625	0.052490234375	1.7328125	100.40962	100.40962	142.0
145.0		1.606591796875	0.01689453125	1.7322265625	102.53095	102.53095	145.0
148.0		1.62919921875	0.013232421875	1.72783203125	104.65228	104.65228	148.0
151.0		1.61416015625	0.008740234375	1.720947265625	106.77361	106.77361	151.0
154.0		1.58955078125	0.003662109375	1.70595703125	108.89494	108.89494	154.0
157.0		1.57021484375	0.0060546875	1.687841796875	111.01627	111.01627	157.0
160.0		1.532861328125	0.004541015625	1.70419921875	113.1376	113.1376	160.0
163.0		1.494287109375	0.00498046875	1.686474609375	115.25893	115.25893	163.0
166.0		1.4353515625	0.0064453125	1.69580078125	117.38026	117.38026	166.0
169.0		1.37529296875	0.007470703125	1.711865234375	119.50159000000001	119.50159000000001	169.0
172.0		1.31220703125	0.00830078125	1.7228515625	121.62292000000001	121.62292000000001	172.0
175.0		1.219580078125	-4.8828125E-5	1.71884765625	123.74425000000001	123.74425000000001	175.0
178.0		1.126123046875	0.001708984375	1.7154296875	125.86558000000001	125.86558000000001	178.0
181.0		1.02841796875	3.41796875E-4	1.6529296875	127.98691000000001	127.98691000000001	181.0
184.0		0.888916015625	0.003369140625	1.570068359375	130.10824	130.10824	184.0
187.0		0.75087890625	2.9296875E-4	1.449609375	132.22957	132.22957	187.0
190.0		0.601611328125	-7.8125E-4	1.245263671875	134.3509	134.3509	190.0
193.0		0.44169921875	1.46484375E-4	0.984814453125	136.47223	136.47223	193.0
196.0		0.312255859375	0.00146484375	0.664404296875	138.59356	138.59356	196.0
199.0		0.212109375	-9.27734375E-4	0.364599609375	140.71489	140.71489	199.0
202.0		0.143310546875	-0.002392578125	0.153955078125	142.83622	142.83622	202.0
205.0		0.09345703125	-0.00146484375	0.055517578125	144.95755	144.95755	205.0
208.0		0.048291015625	-0.002490234375	0.02470703125	147.07888	147.07888	208.0
211.0		0.025390625	-0.003857421875	0.01640625	149.20021	149.20021	211.0
214.0		0.015234375	-0.005078125	0.012060546875	151.32154	151.32154	214.0
217.0		0.01689453125	-0.003369140625	0.016015625	153.44287	153.44287	217.0
220.0		0.01357421875	-0.004833984375	0.01162109375	155.5642	155.5642	220.0
223.0		0.019970703125	-0.002294921875	0.021044921875	157.68553	157.68553	223.0
226.0		0.01787109375	-0.002978515625	0.018310546875	159.80686	159.80686	226.0
229.0		0.01533203125	-0.00361328125	0.01455078125	161.92819	161.92819	229.0
232.0		0.0171875	-0.002783203125	0.017236328125	164.04952	164.04952	232.0
235.0		0.014794921875	-0.003515625	0.0146484375	166.17085	166.17085	235.0
238.0		0.0162109375	-0.002978515625	0.017041015625	168.29218	168.29218	238.0
241.0		0.0142578125	-0.00380859375	0.014306640625	170.41351	170.41351	241.0
244.0		0.0115234375	-0.004296875	0.010546875	172.53484	172.53484	244.0
247.0		0.01396484375	-0.00361328125	0.014013671875	174.65617	174.65617	247.0
250.0		0.0123046875	-0.00400390625	0.011669921875	176.7775	176.7775	250.0
253.0		0.010400390625	-0.004541015625	0.00888671875	178.89883	178.89883	253.0
256.0		0.0080078125	-0.005419921875	0.006689453125	181.02016	181.02016	256.0
259.0		0.0134765625	-0.0033203125	0.014208984375	183.14149	183.14149	259.0
262.0		0.0087890625	-0.005078125	0.007861328125	185.26282	185.26282	262.0
265.0		0.0109375	-0.003515625	0.010498046875	187.38415	187.38415	265.0
268.0		0.0095703125	-0.00439453125	0.008984375	189.50548	189.50548	268.0
271.0		0.00849609375	-0.004541015625	0.00751953125	191.62681	191.62681	271.0
274.0		0.00986328125	-0.0037109375	0.01005859375	193.74814	193.74814	274.0
277.0		0.009228515625	-0.00419921875	0.008642578125	195.86947	195.86947	277.0
280.0		0.00771484375	-0.004296875	0.00703125	197.9908	197.9908	280.0
283.0		0.008740234375	-0.0041015625	0.008935546875	200.11213	200.11213	283.0
286.0		0.009375	-0.00390625	0.009521484375	202.23346	202.23346	286.0
289.0		0.00966796875	-0.003662109375	0.01015625	204.35479	204.35479	289.0
292.0		0.009033203125	-0.003759765625	0.00849609375	206.47612	206.47612	292.0

Position	X Fit	Y Fit	Z Fit
--------	-----	-----	-----
25.0		-0.042704592822163316	-0.012020601969750293	-0.06483456336552372	17.67775	17.67775	25.0
28.0		-0.042355691546789906	-0.01158133875992583	-0.06462402252813425	19.79908	19.79908	28.0
31.0		-0.0418653369351514	-0.010795230630168434	-0.06431722351581608	21.92041	21.92041	31.0
34.0		-0.041182865616481275	-0.009425865939450802	-0.06387500036065133	24.04174	24.04174	34.0
37.0		-0.0402422537997865	-0.007104361925693712	-0.0632445027565182	26.16307	26.16307	37.0
40.0		-0.0389585269743927	-0.0032747199563949447	-0.06235537720089843	28.2844	28.2844	40.0
43.0		-0.03722370893027185	0.0028713762207600666	-0.06111526133699655	30.405730000000002	30.405730000000002	43.0
46.0		-0.034902384275479426	0.012465246529330865	-0.05940461123482843	32.52706	32.52706	46.0
49.0		-0.031827007285027825	0.027027431446410226	-0.05707094725673	34.64839	34.64839	49.0
52.0		-0.027793160297061546	0.04851378596068113	-0.053922690657831	36.76972	36.76972	52.0
55.0		-0.02255504477764545	0.07932035954759477	-0.0497228696279416	38.89105	38.89105	55.0
58.0		-0.015821573559659057	0.12222249764895621	-0.04418309689043706	41.01238	41.01238	58.0
61.0		-0.007253517514885351	0.18022421507700492	-0.036958354708228	43.13371	43.13371	61.0
64.0		0.0035377641721077505	0.2563006746885218	-0.027643256868199302	45.25504	45.25504	64.0
67.0		0.016989424002256455	0.353030873279113	-0.015770576648100956	47.37637	47.37637	67.0
70.0		0.03358344378548943	0.4721391256703568	-8.129170858031248E-4	49.4977	49.4977	70.0
73.0		0.05383957315872678	0.6139901373237824	0.017811565283769093	51.61903	51.61903	73.0
76.0		0.07830436194026798	0.7771084340762513	0.040728510820450425	53.74036	53.74036	76.0
79.0		0.10753589184750231	0.9578119076827645	0.06859104074100955	55.86169	55.86169	79.0
82.0		0.14208401394284043	1.1500540708254068	0.10205727383048133	57.98302	57.98302	82.0
85.0		0.18246616713258182	1.3455548002581272	0.14176152955065502	60.104350000000004	60.104350000000004	85.0
88.0		0.2291391830811695	1.5342632316720257	0.18827953607453493	62.225680000000004	62.225680000000004	88.0
91.0		0.28246785908072236	1.7051427794776006	0.24208851900921255	64.34701	64.34701	91.0
94.0		0.34269147962377156	1.847206266782888	0.303523662946099	66.46834	66.46834	94.0
97.0		0.409889859021246	1.9506721395890783	0.3727330654055452	68.58967	68.58967	97.0
100.0		0.4839508248848138	2.0080748579417635	0.44963388058894116	70.711	70.711	100.0
103.0		0.5645413260235541	2.0151549366747066	0.5338728100063571	72.83233	72.83233	103.0
106.0		0.6510844891947793	1.9713813591974423	0.6247943685708016	74.95366	74.95366	106.0
109.0		0.7427449329435808	1.8800174027395997	0.721420375082886	77.07499	77.07499	109.0
112.0		0.8384244485804665	1.7477185461219644	0.8224438379272749	79.19632	79.19632	112.0
115.0		0.936769766884045	1.583731249958118	0.9262398073490592	81.31765	81.31765	115.0
118.0		1.0361935499935566	1.3988265113105345	1.0308948531087245	83.43898	83.43898	118.0
121.0		1.1349090055867053	1.204138675892779	1.134255643897334	85.56031	85.56031	121.0
124.0		1.2309776580179899	1.0100818848432853	1.2339957308762475	87.68164	87.68164	124.0
127.0		1.322368888442974	0.8254861215759377	1.3276981807601578	89.80297	89.80297	127.0
130.0		1.4070289452121774	0.6570417384494053	1.4129502940658447	91.9243	91.9243	130.0
133.0		1.4829563052591865	0.5090792979326865	1.4874454202022125	94.04563	94.04563	133.0
136.0		1.5482796137518655	0.3836544394327705	1.5490859750954766	96.16696	96.16696	136.0
139.0		1.6013340104721634	0.28086589327785055	1.5960812887597506	98.28829	98.28829	139.0
142.0		1.6407315177973283	0.19931401937912024	1.6270339326908239	100.40962	100.40962	142.0
145.0		1.6654213440689	0.13660707773952024	1.6410087258023203	102.53095	102.53095	145.0
148.0		1.6747364475045488	0.08983820424545579	1.6375796655035655	104.65228	104.65228	148.0
151.0		1.6684234809496	0.05598083940712724	1.616851497867583	106.77361	106.77361	151.0
154.0		1.646654241166384	0.03217708502492663	1.5794544030064872	108.89494	108.89494	154.0
157.0		1.6100179004624455	0.015916610292525467	1.5265121718916708	111.01627	111.01627	157.0
160.0		1.5594945109557643	0.0051201048482909985	1.4595861168471675	113.1376	113.1376	160.0
163.0		1.49641144460568	-0.0018499520654766191	1.3805986214971517	115.25893	115.25893	163.0
166.0		1.4223854711519217	-0.006226308526476382	1.2917415510167785	117.38026	117.38026	166.0
169.0		1.3392540002708477	-0.008899410536873943	1.1953756019454336	119.50159000000001	119.50159000000001	169.0
172.0		1.2489995633617101	-0.010488082468343492	1.0939270130315752	121.62292000000001	121.62292000000001	172.0
175.0		1.1536718503327923	-0.011406936735663308	0.9897878783437394	123.74425000000001	123.74425000000001	175.0
178.0		1.0553115420107269	-0.011924211214017509	0.8852256464489229	125.86558000000001	125.86558000000001	178.0
181.0		0.9558798116146433	-0.012207688102680329	0.7823063438200989	127.98691000000001	127.98691000000001	181.0
184.0		0.8571967556303499	-0.012358936153574186	0.6828347471560617	130.10824	130.10824	184.0
187.0		0.7608912202299941	-0.01243751124871147	0.5883132845799983	132.22957	132.22957	187.0
190.0		0.6683635898503463	-0.012477262013709503	0.49992000675511905	134.3509	134.3509	190.0
193.0		0.5807621782926231	-0.012496846384188433	0.4185046588194934	136.47223	136.47223	193.0
196.0		0.4989729835879043	-0.012506243868778006	0.34460080024768014	138.59356	138.59356	196.0
199.0		0.423621798475587	-0.01251063607325312	0.2784511270796928	140.71489	140.71489	199.0
202.0		0.3550870553008191	-0.012512635707457262	0.22004267868633973	142.83622	142.83622	202.0
205.0		0.29352135554432845	-0.012513522539265015	0.16914845470234313	144.95755	144.95755	205.0
208.0		0.23887939919747872	-0.012513905697390876	0.1253720935394808	147.07888	147.07888	208.0
211.0		0.19094997952467518	-0.012514066978046771	0.08819261746414112	149.20021	149.20021	211.0
214.0		0.14938982183693592	-0.012514133119479857	0.05700676377510244	151.32154	151.32154	214.0
217.0		0.11375728793387382	-0.012514159547828996	0.03116702682234475	153.44287	153.44287	217.0
220.0		0.08354430234534918	-0.0125141698371853	0.0100141653073869	155.5642	155.5642	220.0
223.0		0.05820524258300391	-0.01251417374058893	-0.007096472624641831	157.68553	157.68553	223.0
226.0		0.03718193594706751	-0.01251417518353468	-0.02077492995100627	159.80686	159.80686	226.0
229.0		0.01992428808920231	-0.012514175703316395	-0.03158262761791584	161.92819	161.92819	229.0
232.0		0.005906408867560116	-0.012514175885776817	-0.04002374908859904	164.04952	164.04952	232.0
235.0		-0.0053616174698003505	-0.012514175948194036	-0.046541218018125614	166.17085	166.17085	235.0
238.0		-0.014325956578367039	-0.012514175969002441	-0.051516371320806525	168.29218	168.29218	238.0
241.0		-0.021384736136066715	-0.012514175975762987	-0.05527142254452248	170.41351	170.41351	241.0
244.0		-0.026886657969050296	-0.012514175977903622	-0.05807386846180896	172.53484	172.53484	244.0
247.0		-0.03113189693543174	-0.012514175978564208	-0.060142094046732375	174.65617	174.65617	247.0
250.0		-0.0343746925993287	-0.012514175978762887	-0.06165155800105513	176.7775	176.7775	250.0
253.0		-0.036827091748086495	-0.012514175978821127	-0.06274107620685902	178.89883	178.89883	253.0
256.0		-0.03866337290387742	-0.012514175978837765	-0.0635188511734637	181.02016	181.02016	256.0
259.0		-0.040024767733417545	-0.012514175978842398	-0.06406801291170448	183.14149	183.14149	259.0
262.0		-0.04102418006298184	-0.012514175978843656	-0.0644515355612684	185.26282	185.26282	262.0
265.0		-0.04175068454214483	-0.01251417597884399	-0.06471647244841502	187.38415	187.38415	265.0
268.0		-0.04227365943869696	-0.012514175978844076	-0.06489751035174242	189.50548	189.50548	268.0
271.0		-0.04264646905635535	-0.012514175978844097	-0.0650198835075216	191.62681	191.62681	271.0
274.0		-0.042909659898181095	-0.012514175978844102	-0.06510171213596809	193.74814	193.74814	274.0
277.0		-0.04309367121851118	-0.012514175978844104	-0.06515584223700434	195.86947	195.86947	277.0
280.0		-0.0432210861210706	-0.012514175978844104	-0.06519126627166266	197.9908	197.9908	280.0
283.0		-0.04330846547599802	-0.012514175978844104	-0.0652142009814008	200.11213	200.11213	283.0
286.0		-0.043367815464022574	-0.012514175978844104	-0.06522889140241579	202.23346	202.23346	286.0
289.0		-0.04340774233073868	-0.012514175978844104	-0.06523820098298107	204.35479	204.35479	289.0
292.0		-0.04343434661640409	-0.012514175978844104	-0.06524403797902457	206.47612	206.47612	292.0
RTBT_Diag:WS23

Name	X Fit	X RMS	Y Fit	Y RMS	Z Fit	Z RMS
-------	-----	-----	-----	-----	-----	-----
Area	100.87505121564548	86.5540452661214	96.9395163168922	86.39634440104167	96.51721819745215	84.99183913544924
Ampl	2.4252372205627557	2.25439453125	1.77808692454792	1.73212890625	1.2955095867366517	1.226025390625
Mean	100.5064881979494	100.51330793840779	100.39324312433341	101.44914708614314	104.17218087051461	116.25807766226416
Sigma	16.59356149838522	12.933580276830014	21.749933125629152	17.777291829449098	29.721740016364226	21.481421527970824
Offset	-0.038248122471279004	-0.0097412109375	-0.029162675949993923	-0.001171875	-0.07510434444623916	-0.0012939453125000002
Slope	0.0	0.0	0.0	0.0	0.0	0.0

Position	X Raw	Y Raw	Z Raw
--------	-----	-----	-----
25.0		-0.0099609375	-0.00146484375	-0.0015625	17.67775	17.67775	25.0
28.0		-0.009521484375	-8.7890625E-4	-0.001025390625	19.79908	19.79908	28.0
31.0		-0.008984375	-9.765625E-5	-6.34765625E-4	21.92041	21.92041	31.0
34.0		-0.007373046875	0.001611328125	-4.8828125E-5	24.04174	24.04174	34.0
37.0		-0.011181640625	-0.002099609375	-0.003515625	26.16307	26.16307	37.0
40.0		-0.008740234375	4.39453125E-4	-0.001123046875	28.2844	28.2844	40.0
43.0		-0.007177734375	0.001611328125	-3.41796875E-4	30.405730000000002	30.405730000000002	43.0
46.0		-0.01025390625	-0.001025390625	-0.002587890625	32.52706	32.52706	46.0
49.0		-0.0048828125	0.00439453125	0.0	34.64839	34.64839	49.0
52.0		-0.006396484375	0.0029296875	9.765625E-4	36.76972	36.76972	52.0
55.0		-0.00634765625	0.004638671875	-2.44140625E-4	38.89105	38.89105	55.0
58.0		-0.007763671875	0.008642578125	-0.001416015625	41.01238	41.01238	58.0
61.0		-0.003662109375	0.065185546875	-8.7890625E-4	43.13371	43.13371	61.0
64.0		-0.004443359375	0.210205078125	-0.003466796875	45.25504	45.25504	64.0
67.0		-0.0068359375	0.350927734375	-0.002001953125	47.37637	47.37637	67.0
70.0		-0.00302734375	0.553271484375	0.002197265625	49.4977	49.4977	70.0
73.0		-0.007958984375	0.70439453125	4.39453125E-4	51.61903	51.61903	73.0
76.0		-3.41796875E-4	0.904296875	0.00615234375	53.74036	53.74036	76.0
79.0		-9.765625E-5	1.0654296875	0.0052734375	55.86169	55.86169	79.0
82.0		-0.003369140625	1.220263671875	0.010400390625	57.98302	57.98302	82.0
85.0		-0.00205078125	1.364404296875	0.007958984375	60.104350000000004	60.104350000000004	85.0
88.0		-1.953125E-4	1.480615234375	0.00859375	62.225680000000004	62.225680000000004	88.0
91.0		-0.002880859375	1.591357421875	0.008837890625	64.34701	64.34701	91.0
94.0		0.004248046875	1.6669921875	0.01767578125	66.46834	66.46834	94.0
97.0		0.0126953125	1.723583984375	0.032861328125	68.58967	68.58967	97.0
100.0		0.048291015625	1.72978515625	0.05791015625	70.711	70.711	100.0
103.0		0.16201171875	1.731982421875	0.108544921875	72.83233	72.83233	103.0
106.0		0.33349609375	1.6794921875	0.198828125	74.95366	74.95366	106.0
109.0		0.5953125	1.6380859375	0.311376953125	77.07499	77.07499	109.0
112.0		0.923974609375	1.536572265625	0.4572265625	79.19632	79.19632	112.0
115.0		1.251904296875	1.446484375	0.619580078125	81.31765	81.31765	115.0
118.0		1.49599609375	1.321875	0.756201171875	83.43898	83.43898	118.0
121.0		1.731201171875	1.166943359375	0.903173828125	85.56031	85.56031	121.0
124.0		1.879736328125	1.035693359375	0.99287109375	87.68164	87.68164	124.0
127.0		1.98095703125	0.8693359375	1.06748046875	89.80297	89.80297	127.0
130.0		2.085205078125	0.71318359375	1.144873046875	91.9243	91.9243	130.0
133.0		2.143408203125	0.54912109375	1.193212890625	94.04563	94.04563	133.0
136.0		2.19599609375	0.3916015625	1.22578125	96.16696	96.16696	136.0
139.0		2.2310546875	0.2046875	1.24462890625	98.28829	98.28829	139.0
142.0		2.234912109375	0.083935546875	1.264208984375	100.40962	100.40962	142.0
145.0		2.2298828125	0.0140625	1.264013671875	102.53095	102.53095	145.0
148.0		2.225732421875	0.007861328125	1.265966796875	104.65228	104.65228	148.0
151.0		2.18330078125	0.009228515625	1.270361328125	106.77361	106.77361	151.0
154.0		2.114453125	0.005615234375	1.257373046875	108.89494	108.89494	154.0
157.0		2.014208984375	-0.0041015625	1.23291015625	111.01627	111.01627	157.0
160.0		1.929345703125	0.009521484375	1.25576171875	113.1376	113.1376	160.0
163.0		1.77412109375	0.001708984375	1.224755859375	115.25893	115.25893	163.0
166.0		1.5845703125	0.004638671875	1.2234375	117.38026	117.38026	166.0
169.0		1.339990234375	0.00400390625	1.22900390625	119.50159000000001	119.50159000000001	169.0
172.0		0.97421875	-4.8828125E-5	1.2154296875	121.62292000000001	121.62292000000001	172.0
175.0		0.6109375	-0.003466796875	1.2111328125	123.74425000000001	123.74425000000001	175.0
178.0		0.327392578125	-0.006005859375	1.201171875	125.86558000000001	125.86558000000001	178.0
181.0		0.18134765625	0.002392578125	1.206201171875	127.98691000000001	127.98691000000001	181.0
184.0		0.0576171875	0.00791015625	1.221484375	130.10824	130.10824	184.0
187.0		0.002880859375	-0.001611328125	1.2115234375	132.22957	132.22957	187.0
190.0		-0.0134765625	1.46484375E-4	1.190625	134.3509	134.3509	190.0
193.0		-0.015771484375	-9.765625E-4	1.17294921875	136.47223	136.47223	193.0
196.0		-0.010498046875	-4.8828125E-5	1.15146484375	138.59356	138.59356	196.0
199.0		-0.002587890625	0.003271484375	1.107666015625	140.71489	140.71489	199.0
202.0		-0.0091796875	2.9296875E-4	1.03564453125	142.83622	142.83622	202.0
205.0		-0.0078125	0.001708984375	0.976220703125	144.95755	144.95755	205.0
208.0		-0.016748046875	-0.0087890625	0.888330078125	147.07888	147.07888	208.0
211.0		-0.012109375	-0.00556640625	0.779443359375	149.20021	149.20021	211.0
214.0		-0.0119140625	-0.006591796875	0.644384765625	151.32154	151.32154	214.0
217.0		0.001416015625	0.006640625	0.508447265625	153.44287	153.44287	217.0
220.0		-0.010498046875	-0.001806640625	0.36064453125	155.5642	155.5642	220.0
223.0		-0.002587890625	-7.8125E-4	0.229833984375	157.68553	157.68553	223.0
226.0		-0.001025390625	1.46484375E-4	0.1314453125	159.80686	159.80686	226.0
229.0		-0.00146484375	-1.953125E-4	0.058984375	161.92819	161.92819	229.0
232.0		-0.004833984375	-0.00126953125	0.023193359375	164.04952	164.04952	232.0
235.0		-0.005029296875	-0.0021484375	0.00537109375	166.17085	166.17085	235.0
238.0		-0.003955078125	-0.00107421875	0.001708984375	168.29218	168.29218	238.0
241.0		-0.00556640625	-0.003564453125	-8.30078125E-4	170.41351	170.41351	241.0
244.0		-0.00927734375	-0.003955078125	-0.004638671875	172.53484	172.53484	244.0
247.0		-0.007568359375	-0.002978515625	-0.00263671875	174.65617	174.65617	247.0
250.0		-0.006494140625	-0.003271484375	-0.0017578125	176.7775	176.7775	250.0
253.0		-0.00908203125	-0.004541015625	-0.00302734375	178.89883	178.89883	253.0
256.0		-0.006591796875	-0.003564453125	-0.002001953125	181.02016	181.02016	256.0
259.0		-0.003271484375	-0.001611328125	0.002197265625	183.14149	183.14149	259.0
262.0		-0.003564453125	-0.00166015625	4.8828125E-4	185.26282	185.26282	262.0
265.0		-0.005712890625	-0.002392578125	7.8125E-4	187.38415	187.38415	265.0
268.0		-0.00732421875	-0.002001953125	-8.30078125E-4	189.50548	189.50548	268.0
271.0		-0.00556640625	-0.0013671875	0.001171875	191.62681	191.62681	271.0
274.0		-0.00361328125	-1.953125E-4	0.002880859375	193.74814	193.74814	274.0
277.0		-0.00810546875	-0.001953125	-6.34765625E-4	195.86947	195.86947	277.0
280.0		-0.008203125	-0.002099609375	-4.39453125E-4	197.9908	197.9908	280.0
283.0		-0.00458984375	-1.46484375E-4	0.002978515625	200.11213	200.11213	283.0
286.0		-0.00302734375	0.001171875	0.005615234375	202.23346	202.23346	286.0
289.0		7.32421875E-4	0.002294921875	0.008349609375	204.35479	204.35479	289.0
292.0		-0.00166015625	0.001318359375	0.006103515625	206.47612	206.47612	292.0

Position	X Fit	Y Fit	Z Fit
--------	-----	-----	-----
25.0		-0.03733272096908223	-0.02451172915711082	-0.05353581974625615	17.67775	17.67775	25.0
28.0		-0.03732419389998522	-0.021888227860844555	-0.04925279986499939	19.79908	19.79908	28.0
31.0		-0.03730876557110251	-0.017908909944043035	-0.04413909653170365	21.92041	21.92041	31.0
34.0		-0.03728132072824133	-0.01199719736897729	-0.0380685468293342	24.04174	24.04174	34.0
37.0		-0.037233324371986655	-0.003396673163560477	-0.030903605680123	26.16307	26.16307	37.0
40.0		-0.037150807475206625	0.0088540884844481	-0.0224959832041886	28.2844	28.2844	40.0
43.0		-0.03701134916204683	0.025935959604239018	-0.012687717171399188	30.405730000000002	30.405730000000002	43.0
46.0		-0.03677966795979215	0.04924557460280732	-0.0013127353321368967	32.52706	32.52706	46.0
49.0		-0.03640134912665297	0.08036542436220946	0.011801045424581103	34.64839	34.64839	49.0
52.0		-0.03579416631247114	0.1210000436051871	0.026829047643398288	36.76972	36.76972	52.0
55.0		-0.03483642932945957	0.17287258460012336	0.043946769494585064	38.89105	38.89105	55.0
58.0		-0.03335184028581842	0.2375798879495295	0.06332592760700263	41.01238	41.01238	58.0
61.0		-0.031090510285876463	0.31640980830423315	0.08513002825721035	43.13371	43.13371	61.0
64.0		-0.02770612427848789	0.41013161602004017	0.1095094144068046	45.25504	45.25504	64.0
67.0		-0.022729783688020082	0.5187779051594363	0.13659586420734926	47.37637	47.37637	67.0
70.0		-0.01554182959897453	0.6414433116877848	0.16649684608262127	49.4977	49.4977	70.0
73.0		-0.0053439456458136345	0.7761299530179294	0.19928956512594515	51.61903	51.61903	73.0
76.0		0.008864997329835263	0.9196703413022929	0.23501496388726095	53.74036	53.74036	76.0
79.0		0.028304683172620672	1.0677544797853025	0.2736718660912246	55.86169	55.86169	79.0
82.0		0.054414940682313485	1.2150785377730475	0.31521147276638	57.98302	57.98302	82.0
85.0		0.08883677460574102	1.3556185167735701	0.35953243502688154	60.104350000000004	60.104350000000004	85.0
88.0		0.13336645150093773	1.4830153295400483	0.40647673479030255	62.225680000000004	62.225680000000004	88.0
91.0		0.1898772585162898	1.5910402682567975	0.45582660270842873	64.34701	64.34701	91.0
94.0		0.2602057643574664	1.674094972857325	0.5073026905216965	66.46834	66.46834	94.0
97.0		0.3460029170121844	1.72769065589033	0.5605636923280107	68.58967	68.58967	97.0
100.0		0.4485549900054061	1.748849683387736	0.6152075757892015	70.711	70.711	100.0
103.0		0.5685848571245681	1.736379557474409	0.6707745405507589	72.83233	72.83233	103.0
106.0		0.7060496848002039	1.6909842276190339	0.7267517681832919	74.95366	74.95366	106.0
109.0		0.8599560080928899	1.6151982751405867	0.7825799674184358	77.07499	77.07499	109.0
112.0		1.0282163107612845	1.5131525318907633	0.8376616525491516	79.19632	79.19632	112.0
115.0		1.2075717190565758	1.3902012875343188	0.8913710242675873	81.31765	81.31765	115.0
118.0		1.3936025419382319	1.2524578763736691	0.9430652539524772	83.43898	83.43898	118.0
121.0		1.5808418808871305	1.1062945698136601	0.9920969077316325	85.56031	85.56031	121.0
124.0		1.7629977020475196	0.9578632501433957	1.0378271888112884	87.68164	87.68164	124.0
127.0		1.9332765546966066	0.8126858180425104	1.079639628714068	89.80297	89.80297	127.0
130.0		2.0847890392888093	0.6753495885481811	1.116953822997657	91.9243	91.9243	130.0
133.0		2.2110050517622275	0.5493258557266546	1.149238787020501	94.04563	94.04563	133.0
136.0		2.3062177074673027	0.4369124237758667	1.1760255039937588	96.16696	96.16696	136.0
139.0		2.3659703498839746	0.33928593809540025	1.1969182517343446	98.28829	98.28829	139.0
142.0		2.387402237568713	0.2566392232647994	1.211604326167018	100.40962	100.40962	142.0
145.0		2.3694755846086184	0.18837342452407826	1.2198618277720772	102.53095	102.53095	145.0
148.0		2.313058863592744	0.13331440667359243	1.2215652400268073	104.65228	104.65228	148.0
151.0		2.2208570599041386	0.0899266294348817	1.216688603841063	106.77361	106.77361	151.0
154.0		2.0971966768949355	0.056504155128517655	1.2053061757785346	108.89494	108.89494	154.0
157.0		1.9476892868457523	0.031325999986000164	1.1875905467373349	111.01627	111.01627	157.0
160.0		1.7788100500700446	0.012770347241713758	1.1638082877066487	113.1376	113.1376	160.0
163.0		1.5974352111516685	-6.117874000401875E-4	1.1343132761316193	115.25893	115.25893	163.0
166.0		1.4103843020178235	-0.010058539289037317	1.099537936385466	117.38026	117.38026	166.0
169.0		1.224008759909028	-0.016587490890517233	1.059982697328988	119.50159000000001	119.50159000000001	169.0
172.0		1.0438598973287234	-0.02100616019662204	1.0162040259704213	121.62292000000001	121.62292000000001	172.0
175.0		0.874457270792008	-0.023935025983865054	0.968801436588708	123.74425000000001	123.74425000000001	175.0
178.0		0.719165424432922	-0.02583667945950001	0.9184038979514993	125.86558000000001	125.86558000000001	178.0
181.0		0.5801746293038226	-0.027046285151638823	0.8656560669366495	127.98691000000001	127.98691000000001	181.0
184.0		0.4585711485224193	-0.027800138831455417	0.8112047653336774	130.10824	130.10824	184.0
187.0		0.3544757299783328	-0.02826050769750087	0.755686089078049	132.22957	132.22957	187.0
190.0		0.2672258296406475	-0.02853601979192294	0.6997134976114243	134.3509	134.3509	190.0
193.0		0.1955772800678041	-0.02869761458987388	0.6438671780174628	136.47223	136.47223	193.0
196.0		0.13790407115298267	-0.028790510950568633	0.5886849170366933	138.59356	138.59356	196.0
199.0		0.0923796737954802	-0.028842857034780334	0.5346546472408249	140.71489	140.71489	199.0
202.0		0.05712891916012002	-0.028871771204807252	0.48220876482844927	142.83622	142.83622	202.0
205.0		0.03034495723493718	-0.0288874279963571	0.43172024884840826	144.95755	144.95755	205.0
208.0		0.010370585886287843	-0.02889573955904056	0.38350054803819245	147.07888	147.07888	208.0
211.0		-0.004253139763141921	-0.028900065404204645	0.33779914434021263	149.20021	149.20021	211.0
214.0		-0.014765781769351866	-0.028902272831726143	0.2948046534718714	151.32154	151.32154	214.0
217.0		-0.02218753754988773	-0.028903377282753134	0.25464728404474607	153.44287	153.44287	217.0
220.0		-0.02733396348459237	-0.0289039191176773	0.21740244842616163	155.5642	155.5642	220.0
223.0		-0.030839585565593124	-0.02890417977074001	0.18309530100357901	157.68553	157.68553	223.0
226.0		-0.033185620878518195	-0.0289043027261599	0.1517059724040209	159.80686	159.80686	226.0
229.0		-0.03472823928234178	-0.02890435960284085	0.12317527073039365	161.92819	161.92819	229.0
232.0		-0.03572496763707844	-0.028904385403711434	0.09741063182652861	164.04952	164.04952	232.0
235.0		-0.03635785335547074	-0.028904396881521577	0.07429211852768773	166.17085	166.17085	235.0
238.0		-0.0367527980792753	-0.02890440188899382	0.05367829218638091	168.29218	168.29218	238.0
241.0		-0.036995034363605274	-0.028904404031502066	0.03541180681948436	170.41351	170.41351	241.0
244.0		-0.03714107058425114	-0.02890440493054386	0.019324605372153927	172.53484	172.53484	244.0
247.0		-0.037227612155602934	-0.028904405300541624	0.005242627322480584	174.65617	174.65617	247.0
250.0		-0.037278026483022135	-0.028904405449885723	-0.007010034177906077	176.7775	176.7775	250.0
253.0		-0.03730689792938801	-0.028904405509008416	-0.017607560331620455	178.89883	178.89883	253.0
256.0		-0.03732315293659407	-0.028904405531964855	-0.026719430231753466	181.02016	181.02016	256.0
259.0		-0.03733215054469355	-0.028904405540707556	-0.03450802922764893	183.14149	183.14149	259.0
262.0		-0.037337047252094385	-0.02890440554397331	-0.041126814127967315	185.26282	185.26282	262.0
265.0		-0.037339667444036495	-0.02890440554516984	-0.046718993772764894	187.38415	187.38415	265.0
268.0		-0.03734104601000095	-0.028904405545599848	-0.0514166738004445	189.50548	189.50548	268.0
271.0		-0.03734175919160892	-0.028904405545751424	-0.05534040826959043	191.62681	191.62681	271.0
274.0		-0.03734212198771417	-0.028904405545803834	-0.05859909781584396	193.74814	193.74814	274.0
277.0		-0.037342303466536865	-0.02890440554582161	-0.06129017379135856	195.86947	195.86947	277.0
280.0		-0.03734239273547544	-0.028904405545827523	-0.06350000986260286	197.9908	197.9908	280.0
283.0		-0.037342435916746894	-0.028904405545829452	-0.06530450633038795	200.11213	200.11213	283.0
286.0		-0.037342456457675005	-0.02890440554583007	-0.06676979749626312	202.23346	202.23346	286.0
289.0		-0.03734246606677395	-0.028904405545830264	-0.06795303827931605	204.35479	204.35479	289.0
292.0		-0.03734247048747456	-0.028904405545830326	-0.06890323258537952	206.47612	206.47612	292.0
RTBT_Diag:WS21

Name	X Fit	X RMS	Y Fit	Y RMS	Z Fit	Z RMS
-------	-----	-----	-----	-----	-----	-----
Area	98.54683884242937	86.17182894794921	101.00193559781303	85.57413736979166	96.20105392402934	85.86423264526367
Ampl	2.3662966917508754	2.2592773437499996	1.531719930687999	1.4389160156249998	1.050120972547402	0.99658203125
Mean	97.1264499784902	96.93046965399073	100.51419388630117	100.16052475666525	136.64888013408464	117.70569508832425
Sigma	16.614358102770954	12.961542805315368	26.30633819215987	20.095164091604662	36.54690157875221	25.74802469130635
Offset	-0.02620884153102171	0.004321289062500001	-0.044278780408146624	-0.006201171875	0.004439960700513989	0.0031494140625
Slope	0.0	0.0	0.0	0.0	0.0	0.0

Position	X Raw	Y Raw	Z Raw
--------	-----	-----	-----
25.0		0.004345703125	-0.00634765625	0.003125	17.67775	17.67775	25.0
28.0		0.004296875	-0.0060546875	0.003173828125	19.79908	19.79908	28.0
31.0		0.004833984375	-0.005712890625	0.004296875	21.92041	21.92041	31.0
34.0		0.0052734375	-0.005517578125	0.003759765625	24.04174	24.04174	34.0
37.0		0.00439453125	-0.006591796875	0.00302734375	26.16307	26.16307	37.0
40.0		0.004296875	-0.0064453125	0.003564453125	28.2844	28.2844	40.0
43.0		0.00439453125	-0.0060546875	0.003515625	30.405730000000002	30.405730000000002	43.0
46.0		0.004248046875	-0.00634765625	0.003369140625	32.52706	32.52706	46.0
49.0		0.00556640625	-0.003515625	0.00390625	34.64839	34.64839	49.0
52.0		0.005078125	0.0095703125	0.003857421875	36.76972	36.76972	52.0
55.0		0.0041015625	0.05126953125	0.003369140625	38.89105	38.89105	55.0
58.0		0.00361328125	0.15078125	0.003076171875	41.01238	41.01238	58.0
61.0		0.00419921875	0.29453125	0.00341796875	43.13371	43.13371	61.0
64.0		0.004736328125	0.46748046875	0.00400390625	45.25504	45.25504	64.0
67.0		0.00341796875	0.607861328125	0.002734375	47.37637	47.37637	67.0
70.0		0.0041015625	0.77587890625	0.003515625	49.4977	49.4977	70.0
73.0		0.0041015625	0.90595703125	0.004345703125	51.61903	51.61903	73.0
76.0		0.003955078125	1.02265625	0.004150390625	53.74036	53.74036	76.0
79.0		0.005078125	1.131689453125	0.00634765625	55.86169	55.86169	79.0
82.0		0.004541015625	1.229052734375	0.00849609375	57.98302	57.98302	82.0
85.0		0.0091796875	1.299609375	0.022607421875	60.104350000000004	60.104350000000004	85.0
88.0		0.017626953125	1.344775390625	0.035400390625	62.225680000000004	62.225680000000004	88.0
91.0		0.047265625	1.383935546875	0.074951171875	64.34701	64.34701	91.0
94.0		0.097314453125	1.40107421875	0.136181640625	66.46834	66.46834	94.0
97.0		0.205712890625	1.428759765625	0.2228515625	68.58967	68.58967	97.0
100.0		0.344580078125	1.426513671875	0.311962890625	70.711	70.711	100.0
103.0		0.5544921875	1.424658203125	0.419580078125	72.83233	72.83233	103.0
106.0		0.84638671875	1.4091796875	0.5326171875	74.95366	74.95366	106.0
109.0		1.14541015625	1.4111328125	0.63974609375	77.07499	77.07499	109.0
112.0		1.38583984375	1.372705078125	0.724951171875	79.19632	79.19632	112.0
115.0		1.62216796875	1.336376953125	0.802490234375	81.31765	81.31765	115.0
118.0		1.784521484375	1.26083984375	0.8640625	83.43898	83.43898	118.0
121.0		1.912890625	1.159619140625	0.923291015625	85.56031	85.56031	121.0
124.0		2.0263671875	1.058642578125	0.94404296875	87.68164	87.68164	124.0
127.0		2.117236328125	0.921484375	0.976708984375	89.80297	89.80297	127.0
130.0		2.189208984375	0.76962890625	1.001025390625	91.9243	91.9243	130.0
133.0		2.252099609375	0.611328125	1.017578125	94.04563	94.04563	133.0
136.0		2.267919921875	0.461572265625	1.026220703125	96.16696	96.16696	136.0
139.0		2.260595703125	0.279931640625	1.026123046875	98.28829	98.28829	139.0
142.0		2.241552734375	0.14521484375	1.028271484375	100.40962	100.40962	142.0
145.0		2.2166015625	0.0419921875	1.028076171875	102.53095	102.53095	145.0
148.0		2.15693359375	0.005224609375	1.027294921875	104.65228	104.65228	148.0
151.0		2.07197265625	-0.002978515625	1.015625	106.77361	106.77361	151.0
154.0		1.954443359375	-0.00341796875	1.009716796875	108.89494	108.89494	154.0
157.0		1.8056640625	-0.007177734375	1.0005859375	111.01627	111.01627	157.0
160.0		1.6080078125	-0.002978515625	1.01181640625	113.1376	113.1376	160.0
163.0		1.347900390625	-0.00654296875	1.000439453125	115.25893	115.25893	163.0
166.0		1.061376953125	-0.004248046875	1.002880859375	117.38026	117.38026	166.0
169.0		0.71337890625	-0.0033203125	1.003955078125	119.50159000000001	119.50159000000001	169.0
172.0		0.442919921875	-0.0044921875	1.007763671875	121.62292000000001	121.62292000000001	172.0
175.0		0.271923828125	-0.00478515625	1.0115234375	123.74425000000001	123.74425000000001	175.0
178.0		0.152001953125	-0.004736328125	1.00888671875	125.86558000000001	125.86558000000001	178.0
181.0		0.0611328125	-0.004150390625	1.015478515625	127.98691000000001	127.98691000000001	181.0
184.0		0.019189453125	-0.0037109375	1.030859375	130.10824	130.10824	184.0
187.0		0.006494140625	-0.00595703125	1.035009765625	132.22957	132.22957	187.0
190.0		0.00537109375	-0.004296875	1.040478515625	134.3509	134.3509	190.0
193.0		0.005224609375	-0.004443359375	1.042431640625	136.47223	136.47223	193.0
196.0		0.0076171875	-0.0033203125	1.046728515625	138.59356	138.59356	196.0
199.0		0.006689453125	-0.004345703125	1.037353515625	140.71489	140.71489	199.0
202.0		0.005078125	-0.00419921875	1.021435546875	142.83622	142.83622	202.0
205.0		0.00634765625	-0.00380859375	1.00263671875	144.95755	144.95755	205.0
208.0		0.00498046875	-0.0046875	0.974658203125	147.07888	147.07888	208.0
211.0		0.003662109375	-0.005419921875	0.938134765625	149.20021	149.20021	211.0
214.0		0.005078125	-0.004931640625	0.899658203125	151.32154	151.32154	214.0
217.0		0.004736328125	-0.004345703125	0.841455078125	153.44287	153.44287	217.0
220.0		0.0033203125	-0.005078125	0.77490234375	155.5642	155.5642	220.0
223.0		0.00517578125	-0.004296875	0.6837890625	157.68553	157.68553	223.0
226.0		0.006201171875	-0.004296875	0.581494140625	159.80686	159.80686	226.0
229.0		0.004931640625	-0.005517578125	0.441552734375	161.92819	161.92819	229.0
232.0		0.00322265625	-0.00654296875	0.3185546875	164.04952	164.04952	232.0
235.0		0.005322265625	-0.004931640625	0.227880859375	166.17085	166.17085	235.0
238.0		0.005322265625	-0.005078125	0.13974609375	168.29218	168.29218	238.0
241.0		0.005126953125	-0.00498046875	0.075634765625	170.41351	170.41351	241.0
244.0		0.003271484375	-0.00615234375	0.03955078125	172.53484	172.53484	244.0
247.0		0.005029296875	-0.00498046875	0.015380859375	174.65617	174.65617	247.0
250.0		0.005419921875	-0.004736328125	0.0076171875	176.7775	176.7775	250.0
253.0		0.005908203125	-0.004931640625	0.004833984375	178.89883	178.89883	253.0
256.0		0.0056640625	-0.00517578125	0.002294921875	181.02016	181.02016	256.0
259.0		0.005859375	-0.0048828125	0.003515625	183.14149	183.14149	259.0
262.0		0.00498046875	-0.004833984375	0.00244140625	185.26282	185.26282	262.0
265.0		0.00576171875	-0.00478515625	0.00390625	187.38415	187.38415	265.0
268.0		0.005126953125	-0.00478515625	0.002783203125	189.50548	189.50548	268.0
271.0		0.005810546875	-0.005078125	0.002783203125	191.62681	191.62681	271.0
274.0		0.00537109375	-0.004833984375	0.002783203125	193.74814	193.74814	274.0
277.0		0.0052734375	-0.004541015625	0.002294921875	195.86947	195.86947	277.0
280.0		0.005419921875	-0.00498046875	0.002685546875	197.9908	197.9908	280.0
283.0		0.0056640625	-0.0052734375	0.00322265625	200.11213	200.11213	283.0
286.0		0.00498046875	-0.00498046875	0.0037109375	202.23346	202.23346	286.0
289.0		0.00537109375	-0.004931640625	0.002978515625	204.35479	204.35479	289.0
292.0		0.00615234375	-0.004150390625	0.00390625	206.47612	206.47612	292.0

Position	X Fit	Y Fit	Z Fit
--------	-----	-----	-----
25.0		-0.02534795030927731	-0.019038231356191086	0.009821636959667934	17.67775	17.67775	25.0
28.0		-0.025326261258373926	-0.009611292608831055	0.010899766503460187	19.79908	19.79908	28.0
31.0		-0.02528811949514929	0.0027680958027740885	0.012174389233195717	21.92041	21.92041	31.0
34.0		-0.02522217592016096	0.018786276699229047	0.013675745839648944	24.04174	24.04174	34.0
37.0		-0.02511009383368689	0.03920566330408285	0.015437608531037917	26.16307	26.16307	37.0
40.0		-0.024922822774984945	0.06484505687704992	0.01749748156634039	28.2844	28.2844	40.0
43.0		-0.024615246637101663	0.09654923750952635	0.0198967723880216	30.405730000000002	30.405730000000002	43.0
46.0		-0.024118703839759125	0.13514706243199215	0.022680923894151613	32.52706	32.52706	46.0
49.0		-0.023330833307022784	0.181398248824451	0.02589949757619647	34.64839	34.64839	49.0
52.0		-0.022102216777070544	0.23593022776792982	0.02960619658190094	36.76972	36.76972	52.0
55.0		-0.02021940404041008	0.2991678534823402	0.03385881729208943	38.89105	38.89105	55.0
58.0		-0.017384166788519794	0.37126020827774875	0.03871911777734776	41.01238	41.01238	58.0
61.0		-0.013189271424062211	0.4520100861474517	0.044252591577150856	43.13371	43.13371	61.0
64.0		-0.0070917225956323784	0.5408127663106428	0.050528135670104266	45.25504	45.25504	64.0
67.0		0.0016146866587610463	0.6366111985505629	0.05761760232557736	47.37637	47.37637	67.0
70.0		0.013824610529450963	0.7378745385959115	0.06559522578358556	49.4977	49.4977	70.0
73.0		0.030640095984459208	0.84260597823847	0.07453691643159184	51.61903	51.61903	73.0
76.0		0.05337805493182261	0.9483839858138514	0.08451941735226812	53.74036	53.74036	76.0
79.0		0.08356025562612117	1.0524384933289865	0.09561932080897971	55.86169	55.86169	79.0
82.0		0.12287955778437863	1.1517604388003178	0.10791194540264654	57.98302	57.98302	82.0
85.0		0.17313669107746088	1.2432397025572688	0.12147007824248325	60.104350000000004	60.104350000000004	85.0
88.0		0.23614354425560868	1.3238232439691033	0.13636259047117344	62.225680000000004	62.225680000000004	88.0
91.0		0.31359183540501523	1.3906825561617693	0.15265293879804995	64.34701	64.34701	91.0
94.0		0.40689013979274913	1.4413777862031154	0.17039757022609708	66.46834	66.46834	94.0
97.0		0.516977293617016	1.4740053040635597	0.18964425179356273	68.58967	68.58967	97.0
100.0		0.6441256424077213	1.4873162952737056	0.21043035175330355	70.711	70.711	100.0
103.0		0.787752695460037	1.480796081184692	0.23278110303126467	72.83233	72.83233	103.0
106.0		0.9462635571305107	1.4546971437665928	0.256707883876173	74.95366	74.95366	106.0
109.0		1.1169480850658837	1.4100229009713108	0.2822065541648507	77.07499	77.07499	109.0
112.0		1.2959552850161524	1.3484636860422676	0.30925588868935067	79.19632	79.19632	112.0
115.0		1.4783625505926004	1.272290624835637	0.33781615075633714	81.31765	81.31765	115.0
118.0		1.658349062765942	1.1842166975507096	0.3678278504208843	83.43898	83.43898	118.0
121.0		1.829471646075855	1.0872368234184489	0.3992107315207277	85.56031	85.56031	121.0
124.0		1.9850288870294686	0.9844600688115113	0.4318630302642464	87.68164	87.68164	124.0
127.0		2.11848704924823	0.878946971830505	0.4656610453808862	89.80297	89.80297	127.0
130.0		2.223931157171257	0.7735635941357899	0.5004590557308148	91.9243	91.9243	130.0
133.0		2.2964983232985934	0.6708614984010186	0.5360896158003887	94.04563	94.04563	133.0
136.0		2.332749255699373	0.572989758620365	0.5723642527388052	96.16696	96.16696	136.0
139.0		2.3309384536245843	0.4816417426798062	0.6090745806264698	98.28829	98.28829	139.0
142.0		2.2911535346644256	0.39803615668865155	0.645993838664489	100.40962	100.40962	142.0
145.0		2.215308206951292	0.3229290444275638	0.6828788501425128	102.53095	102.53095	145.0
148.0		2.106989671357659	0.2566513330044677	0.7194723886276205	104.65228	104.65228	148.0
151.0		1.9711773979664913	0.19916523292394242	0.7555059271058898	106.77361	106.77361	151.0
154.0		1.8138639742629104	0.15013234808683623	0.7907027351151942	108.89494	108.89494	154.0
157.0		1.6416181908701533	0.10898664090735205	0.8247812785656751	111.01627	111.01627	157.0
160.0		1.461134562612518	0.0750062705513902	0.8574588672932393	113.1376	113.1376	160.0
163.0		1.2788118202631076	0.04737958027205578	0.88845548676592	115.25893	115.25893	163.0
166.0		1.1003961813263843	0.02526194830224828	0.9174977430791665	117.38026	117.38026	166.0
169.0		0.9307147664779645	0.007821651426884436	0.9443228447190481	119.50159000000001	119.50159000000001	169.0
172.0		0.7735121565360251	-0.005725824000789179	0.9686825407836247	121.62292000000001	121.62292000000001	172.0
175.0		0.6313906654781573	-0.016094548694742104	0.9903469336197283	123.74425000000001	123.74425000000001	175.0
178.0		0.5058440995429806	-0.023914772018610794	1.00910808427926	125.86558000000001	125.86558000000001	178.0
181.0		0.3973667804385897	-0.029727723459828784	1.024783331879789	127.98691000000001	127.98691000000001	181.0
184.0		0.30561504236936476	-0.03398673173980099	1.0372182528484089	130.10824	130.10824	184.0
187.0		0.22959728315998684	-0.037062825694975474	1.0462891930394778	132.22957	132.22957	187.0
190.0		0.16787047739088112	-0.0392531600281221	1.0519053146762283	134.3509	134.3509	190.0
193.0		0.11872503156490137	-0.04079087996259592	1.0540101107343491	136.47223	136.47223	193.0
196.0		0.08034502573148397	-0.04185534861998966	1.0525823514622263	138.59356	138.59356	196.0
199.0		0.05093632727705595	-0.04258196804255782	1.0476364408661705	140.71489	140.71489	199.0
202.0		0.028820034501383603	-0.04307110062303905	1.039222174789585	142.83622	142.83622	202.0
205.0		0.012492707359797434	-0.04339582599868371	1.0274239062681203	144.95755	144.95755	205.0
208.0		6.576274003800876E-4	-0.04360844318900514	1.0123591377245493	147.07888	147.07888	208.0
211.0		-0.007767115012692321	-0.04374575048478054	0.9941765728598577	149.20021	149.20021	211.0
214.0		-0.013657424307631953	-0.04383321277588581	0.9730536734050124	151.32154	151.32154	214.0
217.0		-0.017702945359673053	-0.04388816654518952	0.9491937768611388	153.44287	153.44287	217.0
220.0		-0.020432664313030285	-0.04392222614827425	0.9228228406635087	155.5642	155.5642	220.0
223.0		-0.02224239948457949	-0.04394305004433269	0.8941858856053587	157.68553	157.68553	223.0
226.0		-0.023421382005924824	-0.04395560972095082	0.8635432166676595	159.80686	159.80686	226.0
229.0		-0.024176182806072186	-0.043963082837625136	0.8311665025101143	161.92819	161.92819	229.0
232.0		-0.024651106355303876	-0.0439674695966456	0.7973347957520551	164.04952	164.04952	232.0
235.0		-0.024944811760101226	-0.04397001007538037	0.7623305748494988	166.17085	166.17085	235.0
238.0		-0.025123347329161695	-0.043971461610145375	0.7264358849674932	168.29218	168.29218	238.0
241.0		-0.025230028399854432	-0.043972279865876776	0.6899286499309877	170.41351	170.41351	241.0
244.0		-0.025292693077221363	-0.0439727349685981	0.6530792203447912	172.53484	172.53484	244.0
247.0		-0.0253288800423937	-0.043972984713729485	0.6161472145813017	174.65617	174.65617	247.0
250.0		-0.0253494245047609	-0.04397311993960133	0.5793786998547779	176.7775	176.7775	250.0
253.0		-0.025360891997308278	-0.04397319218416487	0.5430037503649942	178.89883	178.89883	253.0
256.0		-0.02536718545964519	-0.04397323026795781	0.5072344088411628	181.02016	181.02016	256.0
259.0		-0.025370581504862006	-0.04397325007736477	0.47226306708429033	183.14149	183.14149	259.0
262.0		-0.025372383418586452	-0.04397326024465558	0.4382612706115762	185.26282	185.26282	262.0
265.0		-0.025373323540674203	-0.04397326539394615	0.40537894254203705	187.38415	187.38415	265.0
268.0		-0.025373805861889684	-0.04397326796732366	0.37374401268470675	189.50548	189.50548	268.0
271.0		-0.025374049195217834	-0.04397326923637391	0.34346242961342444	191.62681	191.62681	271.0
274.0		-0.025374169918341634	-0.043973269853932746	0.31461852650219274	193.74814	193.74814	274.0
277.0		-0.025374228818002297	-0.043973270150488804	0.2872757057693666	195.86947	195.86947	277.0
280.0		-0.025374257078367407	-0.04397327029101868	0.26147740320432045	197.9908	197.9908	280.0
283.0		-0.025374270413397473	-0.04397327035673424	0.23724828924484986	200.11213	200.11213	283.0
286.0		-0.025374276601671818	-0.04397327038705985	0.21459566341003553	202.23346	202.23346	286.0
289.0		-0.025374279425979668	-0.04397327040086994	0.19351099750360712	204.35479	204.35479	289.0
292.0		-0.025374280693714883	-0.043973270407076236	0.17397158398419504	206.47612	206.47612	292.0
RTBT_Diag:WS20

Name	X Fit	X RMS	Y Fit	Y RMS	Z Fit	Z RMS
-------	-----	-----	-----	-----	-----	-----
Area	106.82279053893922	89.02408557285156	96.75935556236176	88.01424967447916	97.08423686880687	83.6111895970215
Ampl	1.7798987378508833	1.6458984375	1.811667736096312	1.7958007812499999	1.497035137819852	1.3873046875000001
Mean	89.38800040499578	89.57359883230703	102.25101921285255	102.21952945629903	137.7916168939794	126.96583222433138
Sigma	23.943006840886532	18.390765407031036	21.307106810544603	18.003129694034374	25.871808796605155	18.18629585401579
Offset	-0.07185239051046322	-0.00146484375	-0.01334950187662406	0.0035644531250000003	-0.009975081191065088	-2.685546875E-4
Slope	0.0	0.0	0.0	0.0	0.0	0.0

Position	X Raw	Y Raw	Z Raw
--------	-----	-----	-----
25.0		-0.001123046875	0.003369140625	-1.46484375E-4	17.67775	17.67775	25.0
28.0		-0.001806640625	0.003759765625	-3.90625E-4	19.79908	19.79908	28.0
31.0		-0.002001953125	0.004443359375	5.37109375E-4	21.92041	21.92041	31.0
34.0		-4.39453125E-4	0.004248046875	9.765625E-5	24.04174	24.04174	34.0
37.0		-0.002001953125	0.002880859375	-8.7890625E-4	26.16307	26.16307	37.0
40.0		-8.30078125E-4	0.003125	-3.41796875E-4	28.2844	28.2844	40.0
43.0		-0.0015625	0.004833984375	3.41796875E-4	30.405730000000002	30.405730000000002	43.0
46.0		-0.00224609375	0.003271484375	-5.37109375E-4	32.52706	32.52706	46.0
49.0		-0.001806640625	0.0048828125	-5.859375E-4	34.64839	34.64839	49.0
52.0		-0.001171875	0.00625	3.90625E-4	36.76972	36.76972	52.0
55.0		0.00107421875	0.012451171875	-9.765625E-5	38.89105	38.89105	55.0
58.0		0.0078125	0.03544921875	-4.8828125E-4	41.01238	41.01238	58.0
61.0		0.0201171875	0.11357421875	-0.00166015625	43.13371	43.13371	61.0
64.0		0.03984375	0.247119140625	-0.00283203125	45.25504	45.25504	64.0
67.0		0.071484375	0.383251953125	-0.002099609375	47.37637	47.37637	67.0
70.0		0.134326171875	0.53623046875	-0.004052734375	49.4977	49.4977	70.0
73.0		0.213623046875	0.675732421875	-0.002734375	51.61903	51.61903	73.0
76.0		0.297021484375	0.840966796875	-0.003173828125	53.74036	53.74036	76.0
79.0		0.431640625	0.99453125	-0.00205078125	55.86169	55.86169	79.0
82.0		0.597705078125	1.144677734375	-0.003076171875	57.98302	57.98302	82.0
85.0		0.762646484375	1.2798828125	-0.001611328125	60.104350000000004	60.104350000000004	85.0
88.0		0.893603515625	1.407421875	-0.001611328125	62.225680000000004	62.225680000000004	88.0
91.0		1.0306640625	1.536767578125	9.765625E-4	64.34701	64.34701	91.0
94.0		1.140283203125	1.640625	0.001220703125	66.46834	66.46834	94.0
97.0		1.218603515625	1.73388671875	0.001123046875	68.58967	68.58967	97.0
100.0		1.317138671875	1.796923828125	-1.46484375E-4	70.711	70.711	100.0
103.0		1.387646484375	1.8029296875	-5.859375E-4	72.83233	72.83233	103.0
106.0		1.448681640625	1.77060546875	-0.00126953125	74.95366	74.95366	106.0
109.0		1.495703125	1.7224609375	-0.0029296875	77.07499	77.07499	109.0
112.0		1.539404296875	1.621142578125	-3.90625E-4	79.19632	79.19632	112.0
115.0		1.580615234375	1.524462890625	7.8125E-4	81.31765	81.31765	115.0
118.0		1.61220703125	1.395947265625	0.00185546875	83.43898	83.43898	118.0
121.0		1.637060546875	1.240234375	0.012353515625	85.56031	85.56031	121.0
124.0		1.647998046875	1.095068359375	0.050537109375	87.68164	87.68164	124.0
127.0		1.64296875	0.9330078125	0.129736328125	89.80297	89.80297	127.0
130.0		1.641796875	0.766845703125	0.265234375	91.9243	91.9243	130.0
133.0		1.642041015625	0.611328125	0.455712890625	94.04563	94.04563	133.0
136.0		1.6005859375	0.43310546875	0.681103515625	96.16696	96.16696	136.0
139.0		1.571533203125	0.264208984375	0.88876953125	98.28829	98.28829	139.0
142.0		1.53447265625	0.134130859375	1.061669921875	100.40962	100.40962	142.0
145.0		1.4939453125	0.04462890625	1.17744140625	102.53095	102.53095	145.0
148.0		1.443798828125	0.013623046875	1.258056640625	104.65228	104.65228	148.0
151.0		1.3830078125	0.008740234375	1.34638671875	106.77361	106.77361	151.0
154.0		1.31142578125	0.00625	1.3748046875	108.89494	108.89494	154.0
157.0		1.2220703125	0.003857421875	1.412939453125	111.01627	111.01627	157.0
160.0		1.113671875	0.00595703125	1.4232421875	113.1376	113.1376	160.0
163.0		0.98818359375	0.003955078125	1.414501953125	115.25893	115.25893	163.0
166.0		0.862353515625	0.00498046875	1.40869140625	117.38026	117.38026	166.0
169.0		0.715283203125	0.008056640625	1.39716796875	119.50159000000001	119.50159000000001	169.0
172.0		0.554638671875	0.0080078125	1.3875	121.62292000000001	121.62292000000001	172.0
175.0		0.393505859375	0.005224609375	1.394580078125	123.74425000000001	123.74425000000001	175.0
178.0		0.272021484375	0.003369140625	1.3755859375	125.86558000000001	125.86558000000001	178.0
181.0		0.1884765625	0.0046875	1.386767578125	127.98691000000001	127.98691000000001	181.0
184.0		0.133447265625	0.00703125	1.3990234375	130.10824	130.10824	184.0
187.0		0.07880859375	0.00615234375	1.406396484375	132.22957	132.22957	187.0
190.0		0.042138671875	0.00654296875	1.41181640625	134.3509	134.3509	190.0
193.0		0.0150390625	0.0056640625	1.416357421875	136.47223	136.47223	193.0
196.0		0.0068359375	0.008154296875	1.425537109375	138.59356	138.59356	196.0
199.0		-2.44140625E-4	0.00478515625	1.421484375	140.71489	140.71489	199.0
202.0		-9.27734375E-4	0.005078125	1.406689453125	142.83622	142.83622	202.0
205.0		-6.8359375E-4	0.00556640625	1.379052734375	144.95755	144.95755	205.0
208.0		-8.7890625E-4	0.0064453125	1.329150390625	147.07888	147.07888	208.0
211.0		-0.002685546875	0.004150390625	1.2615234375	149.20021	149.20021	211.0
214.0		-0.0046875	0.003466796875	1.18271484375	151.32154	151.32154	214.0
217.0		0.001611328125	0.0076171875	1.06064453125	153.44287	153.44287	217.0
220.0		-0.008154296875	0.001708984375	0.8919921875	155.5642	155.5642	220.0
223.0		-0.001953125	0.0052734375	0.686572265625	157.68553	157.68553	223.0
226.0		-0.003515625	0.002978515625	0.460595703125	159.80686	159.80686	226.0
229.0		-0.00205078125	0.00322265625	0.2439453125	161.92819	161.92819	229.0
232.0		-0.001513671875	0.0037109375	0.115087890625	164.04952	164.04952	232.0
235.0		-0.002001953125	0.004296875	0.042822265625	166.17085	166.17085	235.0
238.0		-0.001220703125	0.004296875	0.008642578125	168.29218	168.29218	238.0
241.0		-0.002783203125	0.002734375	-3.90625E-4	170.41351	170.41351	241.0
244.0		-0.002587890625	0.00380859375	-0.002099609375	172.53484	172.53484	244.0
247.0		-0.002001953125	0.00380859375	-0.0021484375	174.65617	174.65617	247.0
250.0		-0.0017578125	0.0041015625	-0.00205078125	176.7775	176.7775	250.0
253.0		-0.002734375	0.002783203125	-0.0025390625	178.89883	178.89883	253.0
256.0		-0.001611328125	0.0037109375	-0.00205078125	181.02016	181.02016	256.0
259.0		-7.32421875E-4	0.00390625	-0.001318359375	183.14149	183.14149	259.0
262.0		-3.41796875E-4	0.0052734375	-0.00107421875	185.26282	185.26282	262.0
265.0		-7.32421875E-4	0.003955078125	-0.001123046875	187.38415	187.38415	265.0
268.0		9.27734375E-4	0.004638671875	-4.39453125E-4	189.50548	189.50548	268.0
271.0		6.8359375E-4	0.004931640625	-2.9296875E-4	191.62681	191.62681	271.0
274.0		9.765625E-4	0.00498046875	1.46484375E-4	193.74814	193.74814	274.0
277.0		0.00263671875	0.0052734375	0.00126953125	195.86947	195.86947	277.0
280.0		0.0029296875	0.005859375	0.002197265625	197.9908	197.9908	280.0
283.0		0.0048828125	0.0068359375	0.003515625	200.11213	200.11213	283.0
286.0		0.005419921875	0.006689453125	0.0044921875	202.23346	202.23346	286.0
289.0		0.006005859375	0.007470703125	0.005517578125	204.35479	204.35479	289.0
292.0		0.006591796875	0.00791015625	0.00595703125	206.47612	206.47612	292.0

Position	X Fit	Y Fit	Z Fit
--------	-----	-----	-----
25.0		-0.05141699214193936	-0.01023502677831208	-0.00954866234385135	17.67775	17.67775	25.0
28.0		-0.04540307283853098	-0.008585076158257193	-0.009534436093122637	19.79908	19.79908	28.0
31.0		-0.0378594392178635	-0.005999554568713239	-0.00951413099160237	21.92041	21.92041	31.0
34.0		-0.028479862801282972	-0.002034079590973568	-0.009485353043748755	24.04174	24.04174	34.0
37.0		-0.016920378180451133	0.003917703382999531	-0.009444853596033191	26.16307	26.16307	37.0
40.0		-0.0028009678211321637	0.012658073393166719	-0.009388259989092058	28.2844	28.2844	40.0
43.0		0.014290707270887992	0.02521428814822893	-0.009309734855395392	30.405730000000002	30.405730000000002	43.0
46.0		0.03479318094742506	0.042855819854741635	-0.009201549936928115	32.52706	32.52706	46.0
49.0		0.05916236425386191	0.06709117066478325	-0.009053559110338495	34.64839	34.64839	49.0
52.0		0.08785983121908598	0.09963476205141227	-0.00885255460030117	36.76972	36.76972	52.0
55.0		0.12133812867591488	0.14233484767421126	-0.008581490384109849	38.89105	38.89105	55.0
58.0		0.16002319217167715	0.1970557568205845	-0.00821855783398899	41.01238	41.01238	58.0
61.0		0.20429414264593732	0.2655123839943613	-0.007736101036280209	43.13371	43.13371	61.0
64.0		0.2544609543668899	0.3490616797329496	-0.00709936331793116	45.25504	45.25504	64.0
67.0		0.3107407119791559	0.4484644326254549	-0.006265062649525325	47.37637	47.37637	67.0
70.0		0.3732333983603932	0.5636397456600861	-0.005179802098727016	49.4977	49.4977	70.0
73.0		0.44189835754820683	0.6934426687523529	-0.0037783326276565063	51.61903	51.61903	73.0
76.0		0.5165327389445089	0.8355005309156479	-0.001981699396531463	53.74036	53.74036	76.0
79.0		0.5967533309205458	0.9861437811822106	3.046806782806954E-4	55.86169	55.86169	79.0
82.0		0.6819832161255058	1.1404613037673759	0.00319294331300299	57.98302	57.98302	82.0
85.0		0.7714446131542186	1.292497917523138	0.006814615400972942	60.104350000000004	60.104350000000004	85.0
88.0		0.8641591011399155	1.4355940917532457	0.011322257825514718	62.225680000000004	62.225680000000004	88.0
91.0		0.9589561537669155	1.562847132338262	0.0168907806322233	64.34701	64.34701	91.0
94.0		1.0544905438103604	1.6676525852538822	0.023718278231182402	66.46834	66.46834	94.0
97.0		1.1492687339466723	1.744268196274532	0.03202621532805199	68.58967	68.58967	97.0
100.0		1.241683867934396	1.7883339445797626	0.04205878286898346	70.711	70.711	100.0
103.0		1.33005844921149	1.7972827691372322	0.05408123969516258	72.83233	72.83233	103.0
106.0		1.4126932775323646	1.7705881862775341	0.06837706212001349	74.95366	74.95366	106.0
109.0		1.4879207469749618	1.709815576334163	0.08524374237799048	77.07499	77.07499	109.0
112.0		1.5541602282446658	1.6184701904725731	0.10498710957592244	79.19632	79.19632	112.0
115.0		1.609972998314613	1.5016624047446505	0.1279140945140894	81.31765	81.31765	115.0
118.0		1.6541140673135286	1.3656346830884425	0.15432392278735496	83.43898	83.43898	118.0
121.0		1.6855783022984276	1.2172111024207422	0.18449779810948141	85.56031	85.56031	121.0
124.0		1.7036384641227182	1.0632366931085153	0.2186872277706166	87.68164	87.68164	124.0
127.0		1.7078731480125962	0.9100697991472679	0.2571012411491328	89.80297	89.80297	127.0
130.0		1.6981831289531788	0.7631776679119242	0.2998928555318985	91.9243	91.9243	130.0
133.0		1.674795226585535	0.6268665457722061	0.347145245213745	94.04563	94.04563	133.0
136.0		1.6382534794051278	0.504156446516871	0.3988581630398377	96.16696	96.16696	136.0
139.0		1.5893981078031527	0.39679116417328203	0.45493524072126423	98.28829	98.28829	139.0
142.0		1.5293334018302898	0.3053589239141284	0.5151728477881687	100.40962	100.40962	142.0
145.0		1.4593862472509367	0.22948997501249568	0.5792512118186263	102.53095	102.53095	145.0
148.0		1.3810574638972775	0.16809474825915668	0.6467284885805517	104.65228	104.65228	148.0
151.0		1.2959684447073758	0.11960907954153616	0.7170384156817414	106.77361	106.77361	151.0
154.0		1.2058057352782883	0.08221981593614143	0.7894920852990747	108.89494	108.89494	154.0
157.0		1.1122661784053078	0.054052935727144105	0.8632842313966383	111.01627	111.01627	157.0
160.0		1.0170050748245503	0.033315313175047274	0.9375042484568858	113.1376	113.1376	160.0
163.0		0.921589500590068	0.01838904961849841	1.0111519491785332	115.25893	115.25893	163.0
166.0		0.8274585027026728	0.007883049063544983	1.0831578378090525	117.38026	117.38026	166.0
169.0		0.735891403417672	6.499754785890387E-4	1.152407436213796	119.50159000000001	119.50159000000001	169.0
172.0		0.6479849185434493	-0.0042219238776969835	1.2177689656248525	121.62292000000001	121.62292000000001	172.0
175.0		0.5646392738964988	-0.007432942147025628	1.2781234732725897	123.74425000000001	123.74425000000001	175.0
178.0		0.48655302120102806	-0.00950415904353144	1.332396314545998	125.86558000000001	125.86558000000001	178.0
181.0		0.4142258383627047	-0.010811857983350442	1.3795887713363082	127.98691000000001	127.98691000000001	181.0
184.0		0.3479682697159442	-0.011620103714787675	1.4188085166904107	130.10824	130.10824	184.0
187.0		0.28791713147077075	-0.012109184539701636	1.449297632285111	132.22957	132.22957	187.0
190.0		0.23405517951780408	-0.012398960543500894	1.4704569517906012	134.3509	134.3509	190.0
193.0		0.1862336065070705	-0.012567083629252919	1.4818656385606113	136.47223	136.47223	193.0
196.0		0.14419599172445036	-0.01266260712137926	1.4832951042084188	138.59356	138.59356	196.0
199.0		0.10760245500978129	-0.012715761904273383	1.4747166250465824	140.71489	140.71489	199.0
202.0		0.07605294619313961	-0.012744732159070338	1.4563023018956611	142.83622	142.83622	202.0
205.0		0.04910881468889407	-0.012760197731722885	1.4284193184609157	144.95755	144.95755	205.0
208.0		0.02631203110078821	-0.012768285097085118	1.3916177658523659	147.07888	147.07888	208.0
211.0		0.007201657139559156	-0.012772427927134417	1.3466125972031109	149.20021	149.20021	211.0
214.0		-0.008672631948073384	-0.012774506934382944	1.2942605392102162	151.32154	151.32154	214.0
217.0		-0.021739987101363448	-0.012775529054549777	1.2355330016967265	153.44287	153.44287	217.0
220.0		-0.032400654079615114	-0.012776021379427818	1.1714861803701166	155.5642	155.5642	220.0
223.0		-0.041020826046875195	-0.012776253717828041	1.103229634472161	157.68553	157.68553	223.0
226.0		-0.04792975945387853	-0.012776361147426677	1.0318946372687816	159.80686	159.80686	226.0
229.0		-0.05341879028686217	-0.01277640981884129	0.9586035452880968	161.92819	161.92819	229.0
232.0		-0.05774187450722376	-0.012776431425290759	0.8844413181986094	164.04952	164.04952	232.0
235.0		-0.06111728684312734	-0.012776440823903803	0.810430155232407	166.17085	166.17085	235.0
238.0		-0.06373014014116762	-0.01277644483004065	0.7375080088825846	168.29218	168.29218	238.0
241.0		-0.06573542748150243	-0.012776446503362375	0.6665115067261674	170.41351	170.41351	241.0
244.0		-0.06726133595932829	-0.012776447188273362	0.5981635726987868	172.53484	172.53484	244.0
247.0		-0.06841262998289246	-0.012776447462998622	0.5330658044994684	174.65617	174.65617	247.0
250.0		-0.06927394960732258	-0.012776447570988001	0.4716954470509077	176.7775	176.7775	250.0
253.0		-0.06991291325124598	-0.012776447612587607	0.4144066138136262	178.89883	178.89883	253.0
256.0		-0.07038295247621118	-0.012776447628292331	0.36143525615794814	181.02016	181.02016	256.0
259.0		-0.07072583849141029	-0.012776447634102801	0.3129072707447794	183.14149	183.14149	259.0
262.0		-0.07097388547255021	-0.012776447636209673	0.26884906765423133	185.26282	185.26282	262.0
265.0		-0.07115183493888717	-0.01277644763695839	0.22919989664350607	187.38415	187.38415	265.0
268.0		-0.07127843893658467	-0.01277644763721916	0.19382524175387023	189.50548	189.50548	268.0
271.0		-0.07136776844624382	-0.012776447637308173	0.16253063994133177	191.62681	191.62681	271.0
274.0		-0.0714302781656189	-0.012776447637337953	0.13507535060082146	193.74814	193.74814	274.0
277.0		-0.07147366050620259	-0.012776447637347718	0.11118539225703286	195.86947	195.86947	277.0
280.0		-0.07150352110688632	-0.012776447637350856	0.0905655627197824	197.9908	197.9908	280.0
283.0		-0.07152390612497093	-0.012776447637351845	0.07291016252704573	200.11213	200.11213	283.0
286.0		-0.07153770860537252	-0.01277644763735215	0.057912242279622536	202.23346	202.23346	286.0
289.0		-0.07154697781629513	-0.012776447637352242	0.04527128742115501	204.35479	204.35479	289.0
292.0		-0.07155315191758524	-0.01277644763735227	0.034699335361372825	206.47612	206.47612	292.0

PVLoggerID = 49042825