start time: Wed May 12 00:16:49 EDT 2021

RTBT_Diag:WS24

Name	X Fit	X RMS	Y Fit	Y RMS	Z Fit	Z RMS
-------	-----	-----	-----	-----	-----	-----
Area	167.2816565297392	133.25956824697266	160.520015045897	143.48034179687502	155.8457336303608	137.42538297565105
Ampl	2.1842177466930583	1.86533203125	2.7043580157216214	2.63828125	3.0537906763474854	2.80498046875
Mean	104.37576285832803	104.76027495810102	103.4806709715347	102.4526268604278	119.51645391489897	113.19912485656533
Sigma	30.55360466068109	23.448755602011747	23.67963874612759	19.84602540106471	20.35943486463634	16.396885008015765
Offset	-0.12875744892380245	0.02900390625	-0.0034412276839405447	0.025390625	0.06942939675417788	0.01513671875
Slope	0.0	0.0	0.0	0.0	0.0	0.0

Position	X Raw	Y Raw	Z Raw
--------	-----	-----	-----
25.0		0.028515625	0.0240234375	0.01455078125	17.67775	17.67775	25.0
28.0		0.0294921875	0.0267578125	0.01572265625	19.79908	19.79908	28.0
31.0		0.031640625	0.0291015625	0.0171875	21.92041	21.92041	31.0
34.0		0.0328125	0.03115234375	0.0185546875	24.04174	24.04174	34.0
37.0		0.0349609375	0.03408203125	0.0201171875	26.16307	26.16307	37.0
40.0		0.03603515625	0.0359375	0.02080078125	28.2844	28.2844	40.0
43.0		0.03779296875	0.0380859375	0.02216796875	30.405730000000002	30.405730000000002	43.0
46.0		0.03916015625	0.0416015625	0.0240234375	32.52706	32.52706	46.0
49.0		0.04052734375	0.0447265625	0.02490234375	34.64839	34.64839	49.0
52.0		0.04208984375	0.05361328125	0.02646484375	36.76972	36.76972	52.0
55.0		0.043359375	0.084765625	0.02587890625	38.89105	38.89105	55.0
58.0		0.0462890625	0.1787109375	0.028125	41.01238	41.01238	58.0
61.0		0.04873046875	0.3404296875	0.02958984375	43.13371	43.13371	61.0
64.0		0.05244140625	0.54228515625	0.03193359375	45.25504	45.25504	64.0
67.0		0.0595703125	0.795703125	0.03505859375	47.37637	47.37637	67.0
70.0		0.0673828125	1.0216796875	0.03642578125	49.4977	49.4977	70.0
73.0		0.0935546875	1.25146484375	0.0396484375	51.61903	51.61903	73.0
76.0		0.14423828125	1.45673828125	0.04248046875	53.74036	53.74036	76.0
79.0		0.20869140625	1.675390625	0.0412109375	55.86169	55.86169	79.0
82.0		0.2955078125	1.876171875	0.046875	57.98302	57.98302	82.0
85.0		0.40830078125	2.057421875	0.04892578125	60.104350000000004	60.104350000000004	85.0
88.0		0.523046875	2.21435546875	0.0462890625	62.225680000000004	62.225680000000004	88.0
91.0		0.6705078125	2.35009765625	0.051171875	64.34701	64.34701	91.0
94.0		0.8220703125	2.4849609375	0.05634765625	66.46834	66.46834	94.0
97.0		0.97841796875	2.6009765625	0.06181640625	68.58967	68.58967	97.0
100.0		1.12802734375	2.63544921875	0.05869140625	70.711	70.711	100.0
103.0		1.24404296875	2.6890625	0.06142578125	72.83233	72.83233	103.0
106.0		1.39091796875	2.6669921875	0.06630859375	74.95366	74.95366	106.0
109.0		1.5162109375	2.5796875	0.0759765625	77.07499	77.07499	109.0
112.0		1.60224609375	2.48994140625	0.10595703125	79.19632	79.19632	112.0
115.0		1.665234375	2.35	0.19384765625	81.31765	81.31765	115.0
118.0		1.73916015625	2.20595703125	0.4060546875	83.43898	83.43898	118.0
121.0		1.78291015625	2.0248046875	0.7533203125	85.56031	85.56031	121.0
124.0		1.81748046875	1.82587890625	1.213671875	87.68164	87.68164	124.0
127.0		1.8484375	1.61123046875	1.67470703125	89.80297	89.80297	127.0
130.0		1.8767578125	1.3880859375	2.058203125	91.9243	91.9243	130.0
133.0		1.89609375	1.1349609375	2.3541015625	94.04563	94.04563	133.0
136.0		1.90673828125	0.8947265625	2.563671875	96.16696	96.16696	136.0
139.0		1.9109375	0.63310546875	2.69775390625	98.28829	98.28829	139.0
142.0		1.91796875	0.4318359375	2.77236328125	100.40962	100.40962	142.0
145.0		1.91376953125	0.246875	2.80078125	102.53095	102.53095	145.0
148.0		1.92333984375	0.134765625	2.82509765625	104.65228	104.65228	148.0
151.0		1.91083984375	0.071875	2.8392578125	106.77361	106.77361	151.0
154.0		1.9201171875	0.05517578125	2.8345703125	108.89494	108.89494	154.0
157.0		1.90712890625	0.04736328125	2.8076171875	111.01627	111.01627	157.0
160.0		1.89736328125	0.0478515625	2.83525390625	113.1376	113.1376	160.0
163.0		1.88505859375	0.04287109375	2.8451171875	115.25893	115.25893	163.0
166.0		1.85537109375	0.03828125	2.82958984375	117.38026	117.38026	166.0
169.0		1.8376953125	0.037109375	2.862109375	119.50159000000001	119.50159000000001	169.0
172.0		1.80947265625	0.03623046875	2.86806640625	121.62292000000001	121.62292000000001	172.0
175.0		1.7611328125	0.03349609375	2.89287109375	123.74425000000001	123.74425000000001	175.0
178.0		1.728515625	0.0328125	2.8294921875	125.86558000000001	125.86558000000001	178.0
181.0		1.666796875	0.03271484375	2.76533203125	127.98691000000001	127.98691000000001	181.0
184.0		1.57216796875	0.02646484375	2.60029296875	130.10824	130.10824	184.0
187.0		1.4873046875	0.024609375	2.40185546875	132.22957	132.22957	187.0
190.0		1.4306640625	0.0255859375	2.13232421875	134.3509	134.3509	190.0
193.0		1.29453125	0.026953125	1.69326171875	136.47223	136.47223	193.0
196.0		1.16337890625	0.0240234375	1.11357421875	138.59356	138.59356	196.0
199.0		0.997265625	0.019140625	0.60654296875	140.71489	140.71489	199.0
202.0		0.83154296875	0.01982421875	0.2751953125	142.83622	142.83622	202.0
205.0		0.6587890625	0.01416015625	0.12373046875	144.95755	144.95755	205.0
208.0		0.529296875	0.016796875	0.0859375	147.07888	147.07888	208.0
211.0		0.40830078125	0.0130859375	0.07041015625	149.20021	149.20021	211.0
214.0		0.30791015625	0.01162109375	0.0677734375	151.32154	151.32154	214.0
217.0		0.21572265625	0.010546875	0.065234375	153.44287	153.44287	217.0
220.0		0.140234375	0.01005859375	0.0634765625	155.5642	155.5642	220.0
223.0		0.09267578125	0.00986328125	0.06689453125	157.68553	157.68553	223.0
226.0		0.067578125	0.0095703125	0.0638671875	159.80686	159.80686	226.0
229.0		0.05673828125	0.008203125	0.06162109375	161.92819	161.92819	229.0
232.0		0.0537109375	0.00849609375	0.0603515625	164.04952	164.04952	232.0
235.0		0.0515625	0.00791015625	0.05859375	166.17085	166.17085	235.0
238.0		0.049609375	0.0078125	0.0572265625	168.29218	168.29218	238.0
241.0		0.0482421875	0.0076171875	0.0556640625	170.41351	170.41351	241.0
244.0		0.04580078125	0.00615234375	0.05390625	172.53484	172.53484	244.0
247.0		0.044140625	0.00615234375	0.05205078125	174.65617	174.65617	247.0
250.0		0.042578125	0.00634765625	0.05029296875	176.7775	176.7775	250.0
253.0		0.04150390625	0.005859375	0.0490234375	178.89883	178.89883	253.0
256.0		0.04033203125	0.00556640625	0.04775390625	181.02016	181.02016	256.0
259.0		0.038671875	0.00498046875	0.0462890625	183.14149	183.14149	259.0
262.0		0.03759765625	0.00478515625	0.0447265625	185.26282	185.26282	262.0
265.0		0.0365234375	0.0046875	0.04365234375	187.38415	187.38415	265.0
268.0		0.03525390625	0.00478515625	0.04267578125	189.50548	189.50548	268.0
271.0		0.03408203125	0.00439453125	0.0416015625	191.62681	191.62681	271.0
274.0		0.03251953125	0.00478515625	0.0404296875	193.74814	193.74814	274.0
277.0		0.03115234375	0.004296875	0.03720703125	195.86947	195.86947	277.0
280.0		0.02939453125	0.004296875	0.036328125	197.9908	197.9908	280.0
283.0		0.02880859375	0.003515625	0.03681640625	200.11213	200.11213	283.0
286.0		0.02880859375	0.00361328125	0.03623046875	202.23346	202.23346	286.0
289.0		0.02783203125	0.0046875	0.03515625	204.35479	204.35479	289.0
292.0		0.0279296875	0.0044921875	0.03447265625	206.47612	206.47612	292.0

Position	X Fit	Y Fit	Z Fit
--------	-----	-----	-----
25.0		-0.08979355403393628	0.008846063670926016	0.06812074949100853	17.67775	17.67775	25.0
28.0		-0.08140346900651375	0.014538270188406345	0.06812833439719458	19.79908	19.79908	28.0
31.0		-0.07148929196628154	0.022722937399390724	0.06814068984959236	21.92041	21.92041	31.0
34.0		-0.0598379699212111	0.0342854679155784	0.06816059052262373	24.04174	24.04174	34.0
37.0		-0.04622016322175054	0.05033175383152812	0.0681922839100003	26.16307	26.16307	37.0
40.0		-0.030391780782737965	0.07220412398619755	0.06824218980376612	28.2844	28.2844	40.0
43.0		-0.012096209927277918	0.10148181547364901	0.06831988732093813	30.405730000000002	30.405730000000002	43.0
46.0		0.008932692730199032	0.13995919923612649	0.06843948525675478	32.52706	32.52706	46.0
49.0		0.032966797984599644	0.189595066454694	0.06862149296706638	34.64839	34.64839	49.0
52.0		0.060279057006636466	0.2524273925304402	0.06889533044860721	36.76972	36.76972	52.0
55.0		0.0911380043365608	0.33045036468068645	0.06930263520454749	38.89105	38.89105	55.0
58.0		0.12580143450610334	0.4254541686422561	0.06990153610707027	41.01238	41.01238	58.0
61.0		0.164509309935274	0.5388329451969471	0.07077206578883398	43.13371	43.13371	61.0
64.0		0.2074759951345381	0.6713720488139546	0.07202286687379508	45.25504	45.25504	64.0
67.0		0.25488195177852047	0.8230315954103641	0.07379930638098335	47.37637	47.37637	67.0
70.0		0.30686506941468306	0.9927483740097546	0.07629303924921388	49.4977	49.4977	70.0
73.0		0.36351184567154426	1.1782815004870624	0.0797529489254484	51.61903	51.61903	73.0
76.0		0.4248486658682883	1.3761277406974626	0.08449723481498476	53.74036	53.74036	76.0
79.0		0.4908334628032818	1.5815295005672447	0.0909262108644211	55.86169	55.86169	79.0
82.0		0.5613480610843863	1.7885917875540034	0.09953512948409235	57.98302	57.98302	82.0
85.0		0.6361915246145563	1.990514293442871	0.11092606019289288	60.104350000000004	60.104350000000004	85.0
88.0		0.7150748289270679	2.1799320783673144	0.12581755107424553	62.225680000000004	62.225680000000004	88.0
91.0		0.7976171704793958	2.3493446759018273	0.14505051111338177	64.34701	64.34701	91.0
94.0		0.8833442017295634	2.491600704299841	0.1695885098411411	66.46834	66.46834	94.0
97.0		0.9716884433737607	2.6003952681394646	0.20051054233720694	68.58967	68.58967	97.0
100.0		1.0619920737220356	2.670732317316952	0.23899430195068275	70.711	70.711	100.0
103.0		1.15351223075391	2.699304845984201	0.28628818884351126	72.83233	72.83233	103.0
106.0		1.2454288865944334	2.6847526562287607	0.34367070096119456	74.95366	74.95366	106.0
109.0		1.3368552693712366	2.6277697075831914	0.41239653117233177	77.07499	77.07499	109.0
112.0		1.4268507166972038	2.5310492537982214	0.4936296323383591	79.19632	79.19632	112.0
115.0		1.5144357519576641	2.39907280715345	0.588364682322741	81.31765	81.31765	115.0
118.0		1.5986090831428168	2.2377659589001975	0.6973397189954695	83.43898	83.43898	118.0
121.0		1.678366138335955	2.0540578588280716	0.8209441198654125	85.56031	85.56031	121.0
124.0		1.75271867631705	1.8553898993620084	0.9591274378958513	87.68164	87.68164	124.0
127.0		1.8207149490042278	1.6492218782724322	1.1113157167986365	89.80297	89.80297	127.0
130.0		1.881459848104963	1.4425806111492163	1.2763426298877616	91.9243	91.9243	130.0
133.0		1.9341344441822457	1.241687522541521	1.4524029619716423	94.04563	94.04563	133.0
136.0		1.9780143242987338	1.0516897516271067	1.6370354627333654	96.16696	96.16696	136.0
139.0		2.012486155425249	0.8765057282721446	1.8271408766278576	98.28829	98.28829	139.0
142.0		2.0370619447423066	0.7187829906219902	2.019039005639157	100.40962	100.40962	142.0
145.0		2.05139053356185	0.5799549054874878	2.2085660784975603	102.53095	102.53095	145.0
148.0		2.055265946507019	0.4603750659065269	2.391210659661766	104.65228	104.65228	148.0
151.0		2.0486323184847515	0.35950398767305974	2.5622830851189424	106.77361	106.77361	151.0
154.0		2.031585234719245	0.27612220262223186	2.7171102648113883	108.89494	108.89494	154.0
157.0		2.0043694389176414	0.208546350047724	2.851244970102456	111.01627	111.01627	157.0
160.0		1.967372986376277	0.15482948651330525	2.9606767400400433	113.1376	113.1376	160.0
163.0		1.921118037268515	0.1129325462338209	3.0420305478778493	115.25893	115.25893	163.0
166.0		1.8662485954189747	0.08085973577589309	3.0927395343745694	117.38026	117.38026	166.0
169.0		1.8035155949371324	0.056755882648240635	3.1111794852200596	119.50159000000001	119.50159000000001	169.0
172.0		1.7337598172040003	0.03896788718612383	3.0967552260478257	121.62292000000001	121.62292000000001	172.0
175.0		1.6578931807979922	0.02607523390200552	3.0499325243617443	123.74425000000001	123.74425000000001	175.0
178.0		1.5768789849432538	0.016896020050260217	2.9722131129809277	125.86558000000001	125.86558000000001	178.0
181.0		1.491711701995283	0.010475342528107468	2.8660547033871593	127.98691000000001	127.98691000000001	181.0
184.0		1.4033969064892338	0.0060624308160707584	2.73474193208335	130.10824	130.10824	184.0
187.0		1.3129318985804386	0.003081931007444328	2.5822176920763775	132.22957	132.22957	187.0
190.0		1.221287530485632	0.0011035157036568813	2.4128869238034003	134.3509	134.3509	190.0
193.0		1.12939167878123	-1.8725967058890857E-4	2.231406455460607	136.47223	136.47223	193.0
196.0		1.0381147267471404	-0.0010150588738747565	2.0424747954162923	138.59356	138.59356	196.0
199.0		0.9482573333800028	-0.0015369419458121413	1.8506349221660503	140.71489	140.71489	199.0
202.0		0.860540673433664	-0.0018604051990128018	1.6601012419904222	142.83622	142.83622	202.0
205.0		0.7755992400240728	-0.0020575145252319633	1.4746192373767628	144.95755	144.95755	205.0
208.0		0.6939762118519381	-0.00217561304064136	1.297363216575192	147.07888	147.07888	208.0
211.0		0.6161213044061173	-0.0022451889973063204	1.1308743233728422	149.20021	149.20021	211.0
214.0		0.5423909514932693	-0.0022854952088847253	0.9770378857961897	151.32154	151.32154	214.0
217.0		0.4730506022976616	-0.0023084567855321306	0.8370965325082188	153.44287	153.44287	217.0
220.0		0.4082788713809039	-0.002321320480973106	0.7116934726479953	155.5642	155.5642	220.0
223.0		0.348173245315619	-0.002328407770174766	0.6009390205777108	157.68553	157.68553	223.0
226.0		0.29275703003129905	-0.002332248022456407	0.5044928684658225	159.80686	159.80686	226.0
229.0		0.24198721681447447	-0.002334294553304413	0.4216547089798378	161.92819	161.92819	229.0
232.0		0.19576295108211508	-0.0023353672292194673	0.35145647217097165	164.04952	164.04952	232.0
235.0		0.1539343049390803	-0.0023359202256401533	0.2927505133565874	166.17085	166.17085	235.0
238.0		0.11631108023501496	-0.0023362006338449332	0.24428940693732137	168.29218	168.29218	238.0
241.0		0.08267140127482359	-0.0023363404907870283	0.20479440516956696	170.41351	170.41351	241.0
244.0		0.05276989337868929	-0.0023364091046526436	0.17301097327620837	172.53484	172.53484	244.0
247.0		0.026345283060005303	-0.0023364422164922636	0.14775100729674187	174.65617	174.65617	247.0
250.0		0.003127295773230704	-0.0023364579348346282	0.12792230977607785	176.7775	176.7775	250.0
253.0		-0.017157233713671935	-0.0023364652747342204	0.11254660792993312	178.89883	178.89883	253.0
256.0		-0.03477908665878085	-0.0023364686463717963	0.10076784811889591	181.02016	181.02016	256.0
259.0		-0.05000223672275346	-0.002336470169954569	0.09185271273827898	183.14149	183.14149	259.0
262.0		-0.0630802640774291	-0.0023364708472407678	0.08518532084919239	185.26282	185.26282	262.0
265.0		-0.07425357016740414	-0.0023364711434275217	0.08025794028566599	187.38415	187.38415	265.0
268.0		-0.08374733731494462	-0.0023364712708517903	0.07665930621255033	189.50548	189.50548	268.0
271.0		-0.09177016360852945	-0.0023364713247826492	0.07406185484468748	191.62681	191.62681	271.0
274.0		-0.0985132944745351	-0.002336471347238342	0.07220887943953237	193.74814	193.74814	274.0
277.0		-0.104150367567871	-0.002336471356437	0.0709023276659443	195.86947	195.86947	277.0
280.0		-0.10883758658516053	-0.002336471360144115	0.06999170444536752	197.9908	197.9908	280.0
283.0		-0.11271424168988696	-0.002336471361613941	0.06936433310245017	200.11213	200.11213	283.0
286.0		-0.1159034988026586	-0.0023364713621872885	0.06893706374837094	202.23346	202.23346	286.0
289.0		-0.1185133864198843	-0.002336471362407326	0.06864939953150921	204.35479	204.35479	289.0
292.0		-0.12063791628621988	-0.0023364713624904076	0.06845793351725828	206.47612	206.47612	292.0
RTBT_Diag:WS23

Name	X Fit	X RMS	Y Fit	Y RMS	Z Fit	Z RMS
-------	-----	-----	-----	-----	-----	-----
Area	161.79609486727549	143.0155847123698	162.0357778133266	142.18619140625	181.87260923142196	141.28534270605465
Ampl	3.4495418414610475	3.2571289062499997	2.7231130933950563	2.58994140625	2.439990628705676	2.0185546875
Mean	101.7975826619463	100.08809135534783	103.13318602366796	101.99402178564007	119.61057966627932	117.23524846861547
Sigma	18.71184812736132	15.35188038428681	23.738611100751044	18.919069327859233	29.73645579443506	22.03156531159611
Offset	-0.010418627204595635	0.0046875	-0.01880966188196629	0.01318359375	-0.14016234493737068	0.00546875
Slope	0.0	0.0	0.0	0.0	0.0	0.0

Position	X Raw	Y Raw	Z Raw
--------	-----	-----	-----
25.0		0.00546875	0.0134765625	0.0056640625	17.67775	17.67775	25.0
28.0		0.00390625	0.012890625	0.0052734375	19.79908	19.79908	28.0
31.0		0.00380859375	0.01259765625	0.0048828125	21.92041	21.92041	31.0
34.0		0.0095703125	0.01865234375	0.008203125	24.04174	24.04174	34.0
37.0		0.01025390625	0.01982421875	0.008984375	26.16307	26.16307	37.0
40.0		0.0109375	0.020703125	0.008984375	28.2844	28.2844	40.0
43.0		0.0109375	0.0216796875	0.00927734375	30.405730000000002	30.405730000000002	43.0
46.0		0.0091796875	0.0201171875	0.0083984375	32.52706	32.52706	46.0
49.0		0.0119140625	0.02314453125	0.01123046875	34.64839	34.64839	49.0
52.0		0.013671875	0.026171875	0.01025390625	36.76972	36.76972	52.0
55.0		0.011328125	0.03046875	0.008203125	38.89105	38.89105	55.0
58.0		0.018359375	0.0826171875	0.0103515625	41.01238	41.01238	58.0
61.0		0.015234375	0.2099609375	0.00458984375	43.13371	43.13371	61.0
64.0		0.0205078125	0.45634765625	0.006640625	45.25504	45.25504	64.0
67.0		0.02705078125	0.73662109375	0.019921875	47.37637	47.37637	67.0
70.0		0.0197265625	0.9822265625	0.01337890625	49.4977	49.4977	70.0
73.0		0.0208984375	1.2439453125	0.02021484375	51.61903	51.61903	73.0
76.0		0.028515625	1.49404296875	0.02724609375	53.74036	53.74036	76.0
79.0		0.02548828125	1.725	0.027734375	55.86169	55.86169	79.0
82.0		0.0376953125	1.957421875	0.031640625	57.98302	57.98302	82.0
85.0		0.036328125	2.16142578125	0.03505859375	60.104350000000004	60.104350000000004	85.0
88.0		0.05	2.33291015625	0.0369140625	62.225680000000004	62.225680000000004	88.0
91.0		0.11611328125	2.46953125	0.0435546875	64.34701	64.34701	91.0
94.0		0.25234375	2.5673828125	0.044921875	66.46834	66.46834	94.0
97.0		0.39873046875	2.61806640625	0.05810546875	68.58967	68.58967	97.0
100.0		0.653515625	2.61103515625	0.11513671875	70.711	70.711	100.0
103.0		0.91640625	2.61630859375	0.17626953125	72.83233	72.83233	103.0
106.0		1.2328125	2.62734375	0.30224609375	74.95366	74.95366	106.0
109.0		1.578125	2.5958984375	0.48681640625	77.07499	77.07499	109.0
112.0		1.83759765625	2.5384765625	0.69072265625	79.19632	79.19632	112.0
115.0		2.11875	2.39013671875	0.9359375	81.31765	81.31765	115.0
118.0		2.38916015625	2.2302734375	1.1677734375	83.43898	83.43898	118.0
121.0		2.5970703125	2.03740234375	1.42607421875	85.56031	85.56031	121.0
124.0		2.761328125	1.82470703125	1.57392578125	87.68164	87.68164	124.0
127.0		2.92109375	1.5619140625	1.72294921875	89.80297	89.80297	127.0
130.0		3.04775390625	1.3541015625	1.8275390625	91.9243	91.9243	130.0
133.0		3.14423828125	1.0515625	1.91708984375	94.04563	94.04563	133.0
136.0		3.20908203125	0.77548828125	1.977734375	96.16696	96.16696	136.0
139.0		3.22109375	0.48955078125	2.0103515625	98.28829	98.28829	139.0
142.0		3.26650390625	0.248828125	2.03017578125	100.40962	100.40962	142.0
145.0		3.2591796875	0.0923828125	2.02685546875	102.53095	102.53095	145.0
148.0		3.25302734375	0.04892578125	2.0337890625	104.65228	104.65228	148.0
151.0		3.21240234375	0.03349609375	2.043359375	106.77361	106.77361	151.0
154.0		3.14345703125	0.027734375	2.025	108.89494	108.89494	154.0
157.0		3.0435546875	0.02919921875	2.01650390625	111.01627	111.01627	157.0
160.0		2.89658203125	0.03388671875	2.0291015625	113.1376	113.1376	160.0
163.0		2.71787109375	0.03515625	2.0400390625	115.25893	115.25893	163.0
166.0		2.4875	0.025	2.0294921875	117.38026	117.38026	166.0
169.0		2.17353515625	0.02421875	2.04658203125	119.50159000000001	119.50159000000001	169.0
172.0		1.83515625	0.01572265625	2.027734375	121.62292000000001	121.62292000000001	172.0
175.0		1.433203125	0.015625	2.06123046875	123.74425000000001	123.74425000000001	175.0
178.0		1.063671875	0.01533203125	2.03388671875	125.86558000000001	125.86558000000001	178.0
181.0		0.7169921875	0.02333984375	2.03310546875	127.98691000000001	127.98691000000001	181.0
184.0		0.46748046875	0.01279296875	2.020703125	130.10824	130.10824	184.0
187.0		0.29462890625	0.01064453125	2.0328125	132.22957	132.22957	187.0
190.0		0.130859375	0.0125	2.00283203125	134.3509	134.3509	190.0
193.0		0.0619140625	0.0234375	2.00263671875	136.47223	136.47223	193.0
196.0		0.03408203125	0.016015625	1.955078125	138.59356	138.59356	196.0
199.0		0.0296875	0.02109375	1.9142578125	140.71489	140.71489	199.0
202.0		0.02666015625	0.02021484375	1.8263671875	142.83622	142.83622	202.0
205.0		0.009765625	0.006640625	1.7130859375	144.95755	144.95755	205.0
208.0		0.0255859375	0.0220703125	1.61396484375	147.07888	147.07888	208.0
211.0		0.0173828125	0.0068359375	1.4337890625	149.20021	149.20021	211.0
214.0		0.01376953125	0.0060546875	1.2072265625	151.32154	151.32154	214.0
217.0		0.03115234375	0.01826171875	0.94345703125	153.44287	153.44287	217.0
220.0		0.0150390625	0.0052734375	0.65830078125	155.5642	155.5642	220.0
223.0		0.01240234375	0.00390625	0.41435546875	157.68553	157.68553	223.0
226.0		0.015234375	0.004296875	0.2267578125	159.80686	159.80686	226.0
229.0		0.0138671875	0.00302734375	0.11337890625	161.92819	161.92819	229.0
232.0		0.01494140625	0.0048828125	0.0486328125	164.04952	164.04952	232.0
235.0		0.0171875	0.00732421875	0.03359375	166.17085	166.17085	235.0
238.0		0.0166015625	0.00595703125	0.0302734375	168.29218	168.29218	238.0
241.0		0.013671875	0.0037109375	0.0287109375	170.41351	170.41351	241.0
244.0		0.01259765625	0.00361328125	0.02802734375	172.53484	172.53484	244.0
247.0		0.01298828125	0.00341796875	0.02841796875	174.65617	174.65617	247.0
250.0		0.0083984375	0.00224609375	0.02255859375	176.7775	176.7775	250.0
253.0		0.00771484375	0.00185546875	0.02109375	178.89883	178.89883	253.0
256.0		0.010546875	0.0033203125	0.02470703125	181.02016	181.02016	256.0
259.0		0.00810546875	0.00263671875	0.021484375	183.14149	183.14149	259.0
262.0		0.010546875	0.003515625	0.023828125	185.26282	185.26282	262.0
265.0		0.00595703125	0.0015625	0.01806640625	187.38415	187.38415	265.0
268.0		0.0068359375	0.0025390625	0.02021484375	189.50548	189.50548	268.0
271.0		0.004296875	0.00126953125	0.01591796875	191.62681	191.62681	271.0
274.0		0.00771484375	0.00244140625	0.01953125	193.74814	193.74814	274.0
277.0		0.00771484375	0.00302734375	0.0201171875	195.86947	195.86947	277.0
280.0		0.003125	0.0013671875	0.014453125	197.9908	197.9908	280.0
283.0		0.00771484375	0.00400390625	0.0197265625	200.11213	200.11213	283.0
286.0		0.0033203125	0.001171875	0.01513671875	202.23346	202.23346	286.0
289.0		0.0048828125	0.00205078125	0.015625	204.35479	204.35479	289.0
292.0		0.00537109375	0.002734375	0.0166015625	206.47612	206.47612	292.0

Position	X Fit	Y Fit	Z Fit
--------	-----	-----	-----
25.0		-0.009835195514242907	-0.00565132029261905	-0.13251808485170335	17.67775	17.67775	25.0
28.0		-0.009741057598708733	4.662915628897493E-4	-0.1306376595251942	19.79908	19.79908	28.0
31.0		-0.009590600320203625	0.009225463198471874	-0.12829939532818035	21.92041	21.92041	31.0
34.0		-0.009353350024022244	0.021548200511601796	-0.1254078925899015	24.04174	24.04174	34.0
37.0		-0.008984262811833982	0.038579656144968916	-0.12185209295296226	26.16307	26.16307	37.0
40.0		-0.008417811905954448	0.06170166840583566	-0.11750373688379286	28.2844	28.2844	40.0
43.0		-0.007560206644298219	0.09252981968604884	-0.11221591399798955	30.405730000000002	30.405730000000002	43.0
46.0		-0.006279399869937142	0.13288728370547387	-0.1058217790788917	32.52706	32.52706	46.0
49.0		-0.004392590476281303	0.18474896492929258	-0.09813351834034888	34.64839	34.64839	49.0
52.0		-0.0016510432227405704	0.2501507274077375	-0.08894166121957259	36.76972	36.76972	52.0
55.0		0.0022777516169975916	0.331061066097288	-0.07801484201024933	38.89105	38.89105	55.0
58.0		0.007830253579243402	0.4292164395366148	-0.06510012209705066	41.01238	41.01238	58.0
61.0		0.015568642183274334	0.5459264860818159	-0.04992398650994011	43.13371	43.13371	61.0
64.0		0.02620291677181653	0.6818610509375155	-0.03219412704553287	45.25504	45.25504	64.0
67.0		0.04061144578849038	0.8368366582062127	-0.011602117408287704	47.37637	47.37637	67.0
70.0		0.0598574234658609	1.0096248629065767	0.012172927085102286	49.4977	49.4977	70.0
73.0		0.08519805302775253	1.1978078116929214	0.03945963233711769	51.61903	51.61903	73.0
76.0		0.11808275567738852	1.3977064021051608	0.07058854468188139	53.74036	53.74036	76.0
79.0		0.16013642166453898	1.6044030025852767	0.10588519422600287	55.86169	55.86169	79.0
82.0		0.2131238025653184	1.8118735782151434	0.14566207079070295	57.98302	57.98302	82.0
85.0		0.27889171600872065	2.013233646661981	0.1902095877086772	60.104350000000004	60.104350000000004	85.0
88.0		0.35928689141330566	2.2010897787190493	0.23978616032662722	62.225680000000004	62.225680000000004	88.0
91.0		0.4560490713674858	2.367974919135964	0.29460758076309035	64.34701	64.34701	91.0
94.0		0.570681364785363	2.5068335428644115	0.35483592609926307	66.46834	66.46834	94.0
97.0		0.7043026957826584	2.6115135325486456	0.4205682911650257	68.58967	68.58967	97.0
100.0		0.857490273067068	2.677217318628908	0.4918256865392192	70.711	70.711	100.0
103.0		1.0301229880569713	2.7008662927365195	0.568542484241274	72.83233	72.83233	103.0
106.0		1.2212391336217547	2.681339958673293	0.6505568247473227	74.95366	74.95366	106.0
109.0		1.4289233891087882	2.619563948975811	0.737602416461665	77.07499	77.07499	109.0
112.0		1.6502382424708972	2.518437278513078	0.8293021599992129	79.19632	79.19632	112.0
115.0		1.8812136171119096	2.382606797188109	0.9251640125112041	81.31765	81.31765	115.0
118.0		2.1169053042871386	2.218113279869998	1.0245794704684703	83.43898	83.43898	118.0
121.0		2.3515279521499663	2.03194668113125	1.126824992350502	85.56031	85.56031	121.0
124.0		2.578662151831531	1.8315560837767233	1.231066606141522	87.68164	87.68164	124.0
127.0		2.791528143385441	1.624361920590406	1.33636785206998	89.80297	89.80297	127.0
130.0		2.9833115782208743	1.4173142292288015	1.4417011014191643	91.9243	91.9243	130.0
133.0		3.147520458066576	1.2165319655505233	1.5459621713137868	94.04563	94.04563	133.0
136.0		3.278347651701081	1.0270463577268516	1.6479880279098842	96.16696	96.16696	136.0
139.0		3.371010967045181	0.8526578718621324	1.7465772418764773	98.28829	98.28829	139.0
142.0		3.4220430828069914	0.6959035048993525	1.8405127364260276	100.40962	100.40962	142.0
145.0		3.4295068505307684	0.5581204270333172	1.9285862555640676	102.53095	102.53095	145.0
148.0		3.3931173310321783	0.43958453518762103	2.009623884651827	104.65228	104.65228	148.0
151.0		3.31425984737704	0.3396986979799433	2.0825118822515463	106.77361	106.77361	151.0
154.0		3.195902459875336	0.2572052217802553	2.14622203613128	108.89494	108.89494	154.0
157.0		3.0424105721885137	0.19039972704502495	2.1998357406547644	111.01627	111.01627	157.0
160.0		2.859279811940766	0.13732828560634325	2.242566009565875	113.1376	113.1376	160.0
163.0		2.6528099638529623	0.095955331586894	2.2737766878016354	115.25893	115.25893	163.0
166.0		2.4297468822222927	0.06429559806659017	2.2929982071688433	117.38026	117.38026	166.0
169.0		2.19692061643627	0.04050842544716372	2.299939340583509	119.50159000000001	119.50159000000001	169.0
172.0		1.9609064563883993	0.022956773750420097	2.294494543656517	121.62292000000001	121.62292000000001	172.0
175.0		1.7277315962325632	0.010235953430847239	2.2767466249578763	123.74425000000001	123.74425000000001	175.0
178.0		1.502644251528492	0.0011784972815496314	2.246964650538768	125.86558000000001	125.86558000000001	178.0
181.0		1.2899551437733667	-0.005158079878110551	2.205597156822802	127.98691000000001	127.98691000000001	181.0
184.0		1.0929541356773247	-0.009514368247410364	2.1532609111458134	130.10824	130.10824	184.0
187.0		0.9138982434650943	-0.012457716956641093	2.0907256135636882	132.22957	132.22957	187.0
190.0		0.7540618928318884	-0.014412391553255272	2.018895070194611	134.3509	134.3509	190.0
193.0		0.6138365266416314	-0.015688403427714475	1.9387854814206051	136.47223	136.47223	193.0
196.0		0.4928646762637515	-0.016507279738360622	1.851501573128238	138.59356	138.59356	196.0
199.0		0.3901933078894949	-0.017023931144398905	1.758211352712905	140.71489	140.71489	199.0
202.0		0.30443239943041894	-0.01734442666999838	1.660120292338688	142.83622	142.83622	202.0
205.0		0.2339069198384294	-0.017539913737354525	1.558445730142259	144.95755	144.95755	205.0
208.0		0.17679324415834477	-0.017657162994343827	1.454392237503435	147.07888	147.07888	208.0
211.0		0.13123412676887533	-0.017726317485199452	1.3491286304277053	149.20021	149.20021	211.0
214.0		0.0954293134491175	-0.01776642901793276	1.2437672099500883	151.32154	151.32154	214.0
217.0		0.06770143222082534	-0.01778931003958009	1.1393457056305327	153.44287	153.44287	217.0
220.0		0.046538799171663356	-0.01780214681895119	1.0368122735895398	155.5642	155.5642	220.0
223.0		0.030618144556725565	-0.017809229980542886	0.937013772263661	157.68553	157.68553	223.0
226.0		0.018811026425927007	-0.017813074157160196	0.8406874111505191	159.80686	159.80686	226.0
229.0		0.010177934866617697	-0.01781512625588475	0.748455745827589	161.92819	161.92819	229.0
232.0		0.003953916478858866	-0.01781620377392955	0.6608248813281463	164.04952	164.04952	232.0
235.0		-4.709048305299966E-4	-0.017816760310876877	0.5781856494919465	166.17085	166.17085	235.0
238.0		-0.0035731451496602154	-0.017817043070607975	0.5008174470831894	168.29218	168.29218	238.0
241.0		-0.005718213563941858	-0.01781718439120233	0.42889436208231746	170.41351	170.41351	241.0
244.0		-0.007181135495422521	-0.01781725387239215	0.3624931763079018	172.53484	172.53484	244.0
247.0		-0.008165239916145529	-0.017817287478009827	0.3016028130745185	174.65617	174.65617	247.0
250.0		-0.008818257281898981	-0.017817303467983492	0.2461347976954115	176.7775	176.7775	250.0
253.0		-0.009245715120965748	-0.017817310952826872	0.19593431429821848	178.89883	178.89883	253.0
256.0		-0.009521751654193038	-0.017817314399691184	0.15079147207818125	181.02016	181.02016	256.0
259.0		-0.009697609883830999	-0.017817315961324697	0.11045243484060482	183.14149	183.14149	259.0
262.0		-0.009808144522034164	-0.017817316657396554	0.07463011638748518	185.26282	185.26282	262.0
265.0		-0.009876691622963668	-0.017817316962646247	0.04301419789839875	187.38415	187.38415	265.0
268.0		-0.009918633617273926	-0.01781731709434706	0.015280279028964228	189.50548	189.50548	268.0
271.0		-0.009943955243786606	-0.017817317150253163	-0.008901970614619392	191.62681	191.62681	271.0
274.0		-0.009959039675970912	-0.017817317173602406	-0.0298617408932471	193.74814	193.74814	274.0
277.0		-0.00996790659287039	-0.01781731718319717	-0.04792112527453157	195.86947	195.86947	277.0
280.0		-0.009973049791464749	-0.01781731718707642	-0.06339027201614447	197.9908	197.9908	280.0
283.0		-0.009975993676920529	-0.017817317188619605	-0.0765635999613016	200.11213	200.11213	283.0
286.0		-0.009977656495266225	-0.017817317189223626	-0.08771700889867795	202.23346	202.23346	286.0
289.0		-0.0099785833543874	-0.017817317189456245	-0.09710599395142198	204.35479	204.35479	289.0
292.0		-0.009979093196685869	-0.017817317189544393	-0.10496455976473784	206.47612	206.47612	292.0
RTBT_Diag:WS21

Name	X Fit	X RMS	Y Fit	Y RMS	Z Fit	Z RMS
-------	-----	-----	-----	-----	-----	-----
Area	166.766020057982	147.1152298734375	163.88450974807697	145.45242187500003	188.53680096871244	146.78991323763017
Ampl	3.662245248510128	3.4328125	2.905257059922555	2.7482421875000003	2.5157369449482583	2.0941406249999996
Mean	97.56115784853118	97.01180337517127	102.99107351680745	100.95316159950282	121.98178708308265	118.68436252371119
Sigma	18.166455772580523	14.508125238060504	22.504191089759022	18.078562690967956	29.897919760285653	22.132486410084052
Offset	-0.024708595176247454	0.011962890625	-0.0171132885074804	0.001806640625	-0.12053541645500203	0.008203125
Slope	0.0	0.0	0.0	0.0	0.0	0.0

Position	X Raw	Y Raw	Z Raw
--------	-----	-----	-----
25.0		0.01162109375	0.00166015625	0.008203125	17.67775	17.67775	25.0
28.0		0.0123046875	0.001953125	0.008203125	19.79908	19.79908	28.0
31.0		0.01240234375	0.00234375	0.0087890625	21.92041	21.92041	31.0
34.0		0.01279296875	0.0021484375	0.0087890625	24.04174	24.04174	34.0
37.0		0.01240234375	0.00185546875	0.0087890625	26.16307	26.16307	37.0
40.0		0.01494140625	0.00517578125	0.0107421875	28.2844	28.2844	40.0
43.0		0.0150390625	0.00546875	0.01064453125	30.405730000000002	30.405730000000002	43.0
46.0		0.01494140625	0.00517578125	0.01044921875	32.52706	32.52706	46.0
49.0		0.01484375	0.00576171875	0.010546875	34.64839	34.64839	49.0
52.0		0.01455078125	0.00908203125	0.0103515625	36.76972	36.76972	52.0
55.0		0.01484375	0.0203125	0.01005859375	38.89105	38.89105	55.0
58.0		0.013671875	0.084375	0.009765625	41.01238	41.01238	58.0
61.0		0.01259765625	0.21484375	0.0080078125	43.13371	43.13371	61.0
64.0		0.016796875	0.4427734375	0.0119140625	45.25504	45.25504	64.0
67.0		0.017578125	0.7125	0.012890625	47.37637	47.37637	67.0
70.0		0.01865234375	0.97861328125	0.0142578125	49.4977	49.4977	70.0
73.0		0.01748046875	1.27333984375	0.01220703125	51.61903	51.61903	73.0
76.0		0.01826171875	1.57158203125	0.0115234375	53.74036	53.74036	76.0
79.0		0.01884765625	1.8439453125	0.01357421875	55.86169	55.86169	79.0
82.0		0.02294921875	2.10869140625	0.01328125	57.98302	57.98302	82.0
85.0		0.03330078125	2.33974609375	0.01630859375	60.104350000000004	60.104350000000004	85.0
88.0		0.0658203125	2.50283203125	0.016015625	62.225680000000004	62.225680000000004	88.0
91.0		0.1798828125	2.62470703125	0.02099609375	64.34701	64.34701	91.0
94.0		0.40322265625	2.71640625	0.03740234375	66.46834	66.46834	94.0
97.0		0.65283203125	2.76787109375	0.06904296875	68.58967	68.58967	97.0
100.0		0.990625	2.75185546875	0.12509765625	70.711	70.711	100.0
103.0		1.36611328125	2.77509765625	0.21591796875	72.83233	72.83233	103.0
106.0		1.73671875	2.7765625	0.321875	74.95366	74.95366	106.0
109.0		2.14013671875	2.730859375	0.473046875	77.07499	77.07499	109.0
112.0		2.41328125	2.655078125	0.655078125	79.19632	79.19632	112.0
115.0		2.6951171875	2.4697265625	0.87119140625	81.31765	81.31765	115.0
118.0		2.9234375	2.2611328125	1.08505859375	83.43898	83.43898	118.0
121.0		3.079296875	2.0279296875	1.3251953125	85.56031	85.56031	121.0
124.0		3.20927734375	1.774609375	1.486328125	87.68164	87.68164	124.0
127.0		3.3236328125	1.45927734375	1.6701171875	89.80297	89.80297	127.0
130.0		3.39013671875	1.19482421875	1.78828125	91.9243	91.9243	130.0
133.0		3.42333984375	0.86767578125	1.9044921875	94.04563	94.04563	133.0
136.0		3.45673828125	0.58017578125	1.98134765625	96.16696	96.16696	136.0
139.0		3.44765625	0.3078125	2.03896484375	98.28829	98.28829	139.0
142.0		3.462890625	0.1267578125	2.06435546875	100.40962	100.40962	142.0
145.0		3.391796875	0.03427734375	2.081640625	102.53095	102.53095	145.0
148.0		3.33662109375	0.0193359375	2.0873046875	104.65228	104.65228	148.0
151.0		3.24609375	0.0111328125	2.09169921875	106.77361	106.77361	151.0
154.0		3.097265625	0.00791015625	2.0931640625	108.89494	108.89494	154.0
157.0		2.92353515625	0.00703125	2.06259765625	111.01627	111.01627	157.0
160.0		2.68427734375	0.01162109375	2.09716796875	113.1376	113.1376	160.0
163.0		2.41064453125	0.0076171875	2.0984375	115.25893	115.25893	163.0
166.0		2.054296875	0.0076171875	2.0896484375	117.38026	117.38026	166.0
169.0		1.63212890625	0.00693359375	2.110546875	119.50159000000001	119.50159000000001	169.0
172.0		1.23359375	0.005859375	2.1169921875	121.62292000000001	121.62292000000001	172.0
175.0		0.87470703125	-0.0021484375	2.14033203125	123.74425000000001	123.74425000000001	175.0
178.0		0.55947265625	0.00263671875	2.110546875	125.86558000000001	125.86558000000001	178.0
181.0		0.317578125	0.0025390625	2.105078125	127.98691000000001	127.98691000000001	181.0
184.0		0.173046875	0.0015625	2.10654296875	130.10824	130.10824	184.0
187.0		0.0748046875	-0.00263671875	2.10478515625	132.22957	132.22957	187.0
190.0		0.027734375	-0.00595703125	2.0736328125	134.3509	134.3509	190.0
193.0		0.0203125	0.00244140625	2.08095703125	136.47223	136.47223	193.0
196.0		0.01865234375	0.00322265625	2.0421875	138.59356	138.59356	196.0
199.0		0.02109375	4.8828125E-4	1.9890625	140.71489	140.71489	199.0
202.0		0.0220703125	0.00556640625	1.9140625	142.83622	142.83622	202.0
205.0		0.0158203125	-0.00341796875	1.80205078125	144.95755	144.95755	205.0
208.0		0.0158203125	0.00185546875	1.7076171875	147.07888	147.07888	208.0
211.0		0.01650390625	0.00390625	1.553125	149.20021	149.20021	211.0
214.0		0.015625	7.8125E-4	1.37021484375	151.32154	151.32154	214.0
217.0		0.01240234375	-5.859375E-4	1.1451171875	153.44287	153.44287	217.0
220.0		0.014453125	-1.953125E-4	0.920703125	155.5642	155.5642	220.0
223.0		0.01865234375	2.9296875E-4	0.706640625	157.68553	157.68553	223.0
226.0		0.01787109375	3.90625E-4	0.5029296875	159.80686	159.80686	226.0
229.0		0.01611328125	-4.8828125E-4	0.3421875	161.92819	161.92819	229.0
232.0		0.0158203125	-8.7890625E-4	0.20830078125	164.04952	164.04952	232.0
235.0		0.015625	-7.8125E-4	0.12265625	166.17085	166.17085	235.0
238.0		0.01435546875	-8.7890625E-4	0.06015625	168.29218	168.29218	238.0
241.0		0.01328125	-0.0013671875	0.03408203125	170.41351	170.41351	241.0
244.0		0.01376953125	-0.0013671875	0.02060546875	172.53484	172.53484	244.0
247.0		0.01630859375	-3.90625E-4	0.02041015625	174.65617	174.65617	247.0
250.0		0.01298828125	-6.8359375E-4	0.01552734375	176.7775	176.7775	250.0
253.0		0.0119140625	-0.00205078125	0.01376953125	178.89883	178.89883	253.0
256.0		0.0146484375	-6.8359375E-4	0.01787109375	181.02016	181.02016	256.0
259.0		0.01376953125	-8.7890625E-4	0.01650390625	183.14149	183.14149	259.0
262.0		0.01396484375	-9.765625E-5	0.0169921875	185.26282	185.26282	262.0
265.0		0.0123046875	-0.0013671875	0.01494140625	187.38415	187.38415	265.0
268.0		0.01201171875	-0.00146484375	0.0142578125	189.50548	189.50548	268.0
271.0		0.0111328125	-9.765625E-4	0.01376953125	191.62681	191.62681	271.0
274.0		0.01240234375	-9.765625E-4	0.01328125	193.74814	193.74814	274.0
277.0		0.0115234375	-6.8359375E-4	0.0126953125	195.86947	195.86947	277.0
280.0		0.01044921875	-0.00166015625	0.01220703125	197.9908	197.9908	280.0
283.0		0.012890625	-3.90625E-4	0.015234375	200.11213	200.11213	283.0
286.0		0.0134765625	1.953125E-4	0.015234375	202.23346	202.23346	286.0
289.0		0.0123046875	-9.765625E-5	0.0142578125	204.35479	204.35479	289.0
292.0		0.012109375	2.9296875E-4	0.0140625	206.47612	206.47612	292.0

Position	X Fit	Y Fit	Z Fit
--------	-----	-----	-----
25.0		-0.023522852290768836	-0.009421073254312167	-0.11317248813092251	17.67775	17.67775	25.0
28.0		-0.023365706540086604	-0.005301200875375771	-0.11158075511563359	19.79908	19.79908	28.0
31.0		-0.02311424055443903	8.631050735736327E-4	-0.10959436994015967	21.92041	21.92041	31.0
34.0		-0.02271756861890608	0.009909323622285408	-0.10712899982890317	24.04174	24.04174	34.0
37.0		-0.02210077460035866	0.022928079358266042	-0.10408588785469561	26.16307	26.16307	37.0
40.0		-0.021155442498176944	0.04129853167177866	-0.10035027328875662	28.2844	28.2844	40.0
43.0		-0.01972739899424894	0.06671038945521168	-0.09578985073913311	30.405730000000002	30.405730000000002	43.0
46.0		-0.017601286242651493	0.10116323775130874	-0.09025333004829916	32.52706	32.52706	46.0
49.0		-0.014481738984055326	0.1469328348606373	-0.08356917072426033	34.64839	34.64839	49.0
52.0		-0.00997121395822278	0.20649427860025668	-0.07554457614285301	36.76972	36.76972	52.0
55.0		-0.003544935458410177	0.28239396730400546	-0.06596484322135529	38.89105	38.89105	55.0
58.0		0.005476007963459331	0.37706646716140346	-0.054593171958650474	41.01238	41.01238	58.0
61.0		0.017951659524266823	0.4925988236536361	-0.04117104531418779	43.13371	43.13371	61.0
64.0		0.03494768835244208	0.6304531781197283	-0.025419292453680062	45.25504	45.25504	64.0
67.0		0.057753898453461586	0.7911679232014185	-0.007039946511271572	47.37637	47.37637	67.0
70.0		0.0878924365647641	0.974066712610951	0.014280999162881003	49.4977	49.4977	70.0
73.0		0.12711075035373592	1.177011731082415	0.03886984554673406	51.61903	51.61903	73.0
76.0		0.17735408864773058	1.3962409284898527	0.06706038245891655	53.74036	53.74036	76.0
79.0		0.24071263192547804	1.6263268832581557	0.09918797911237928	55.86169	55.86169	79.0
82.0		0.3193393607479443	1.8602866885241278	0.13558256070192712	57.98302	57.98302	82.0
85.0		0.4153366270675714	2.0898578423535974	0.17656050161349637	60.104350000000004	60.104350000000004	85.0
88.0		0.5306121137122833	2.3059358412289677	0.2224155123370228	62.225680000000004	62.225680000000004	88.0
91.0		0.6667083519650291	2.4991474356020924	0.27340864832407097	64.34701	64.34701	91.0
94.0		0.8246139700452936	2.660512561681917	0.3297576231582394	66.46834	66.46834	94.0
97.0		1.0045689698282871	2.7821313787672755	0.39162566336094873	68.58967	68.58967	97.0
100.0		1.20588005085276	2.8578238151320456	0.45911019541027953	70.711	70.711	100.0
103.0		1.4267647192569253	2.8836497146326887	0.5322317042794352	72.83233	72.83233	103.0
106.0		1.6642440375192444	2.8582486754748317	0.6109231439992602	74.95366	74.95366	106.0
109.0		1.914102892116446	2.782958784996564	0.6950203113831189	77.07499	77.07499	109.0
112.0		2.170933286143945	2.6616998267888485	0.7842536112352505	79.19632	79.19632	112.0
115.0		2.428270398352471	2.500635148621093	0.8782416425422204	81.31765	81.31765	115.0
118.0		2.6788233291753665	2.307652788519707	0.9764870182937573	83.43898	83.43898	118.0
121.0		2.914793267561119	2.0917266347510965	1.0783747953747242	85.56031	85.56031	121.0
124.0		3.1282622441491323	1.8622294780872972	1.1831738349626204	87.68164	87.68164	124.0
127.0		3.3116268536535745	1.6282705897526253	1.2900413385943008	89.80297	89.80297	127.0
130.0		3.458044524453242	1.3981215060467689	1.3980307121362385	91.9243	91.9243	130.0
133.0		3.561856123511815	1.1787771665352922	1.5061028019897134	94.04563	94.04563	133.0
136.0		3.6189486195868263	0.9756786296894283	1.6131404287001363	96.16696	96.16696	136.0
139.0		3.6270254362652516	0.7926018417712871	1.7179660173418754	98.28829	98.28829	139.0
142.0		3.5857597298977497	0.631697620779568	1.819361996961991	100.40962	100.40962	142.0
145.0		3.496816334391864	0.4936535576208522	1.9160935188084554	102.53095	102.53095	145.0
148.0		3.3637403193432123	0.37794021190920835	2.0069329310400574	104.65228	104.65228	148.0
151.0		3.191722558462508	0.2831018915512136	2.0906853519670245	106.77361	106.77361	151.0
154.0		2.987263914179125	0.20705556468558683	2.166214609965681	108.89494	108.89494	154.0
157.0		2.757768304553797	0.1473685187216699	2.2324687705907	111.01627	111.01627	157.0
160.0		2.511100088906204	0.10149445370348145	2.2885044535008645	113.1376	113.1376	160.0
163.0		2.2551424369905373	0.066957073681515	2.333509155683366	115.25893	115.25893	163.0
166.0		1.9973907136205287	0.04147857601601203	2.366820843637732	117.38026	117.38026	166.0
169.0		1.7446089877242652	0.023056882583227054	2.387944154573732	119.50159000000001	119.50159000000001	169.0
172.0		1.5025695099550391	0.009999661695477897	2.3965626525881594	121.62292000000001	121.62292000000001	172.0
175.0		1.2758855579162514	9.2523319525167E-4	2.392546716010353	123.74425000000001	123.74425000000001	175.0
178.0		1.0679386170454397	-0.005259297785435326	2.3759567811414017	125.86558000000001	125.86558000000001	178.0
181.0		0.8808925071121588	-0.009393352597874128	2.347041828933875	127.98691000000001	127.98691000000001	181.0
184.0		0.7157805736186718	-0.012104064789116652	2.30623316757425	130.10824	130.10824	184.0
187.0		0.5726478965041082	-0.013847789204047955	2.254133727966388	132.22957	132.22957	187.0
190.0		0.45072872971378347	-0.014948324003442794	2.1915032434293362	134.3509	134.3509	190.0
193.0		0.34863986630559535	-0.01562987891870867	2.119239822705649	136.47223	136.47223	193.0
196.0		0.2645728832677256	-0.01604407382603828	2.0383585407147766	138.59356	138.59356	196.0
199.0		0.19647168243245267	-0.016291102693919094	1.9499677596743976	140.71489	140.71489	199.0
202.0		0.1421857996785073	-0.01643569957204049	1.8552439509853875	142.83622	142.83622	202.0
205.0		0.09959404769880588	-0.01651877353444695	1.7554058139500952	144.95755	144.95755	205.0
208.0		0.06669674575777723	-0.016565621413746134	1.6516884809132797	147.07888	147.07888	208.0
211.0		0.0416777771611109	-0.016591554611525266	1.545318561301059	149.20021	149.20021	211.0
214.0		0.022939856523178866	-0.016605646967742596	1.4374907122401632	151.32154	151.32154	214.0
217.0		0.00911767255728051	-0.01661316477504	1.3293463351358314	153.44287	153.44287	217.0
220.0		-9.259121412207826E-4	-0.01661710205197254	1.221954890872547	155.5642	155.5642	220.0
223.0		-0.008115521168321607	-0.01661912653327291	1.1162982068894796	157.68553	157.68553	223.0
226.0		-0.013186232075436307	-0.016620148552954624	1.013258023256139	159.80686	159.80686	226.0
229.0		-0.016710084552544087	-0.016620655130583074	0.9136068979552687	161.92819	161.92819	229.0
232.0		-0.019123245754985984	-0.016620901670142026	0.8180024694195623	164.04952	164.04952	232.0
235.0		-0.020751813596908506	-0.016621019483031286	0.7269849618782744	166.17085	166.17085	235.0
238.0		-0.021835003356150545	-0.016621074763982183	0.6409777203127158	168.29218	168.29218	238.0
241.0		-0.02254508473892092	-0.01662110023491798	0.5602904798659196	170.41351	170.41351	241.0
244.0		-0.02300390233943859	-0.016621111759110952	0.4851250114017669	172.53484	172.53484	244.0
247.0		-0.023296130357676165	-0.016621116879244443	0.4155827414848451	174.65617	174.65617	247.0
250.0		-0.023479603788031555	-0.01662111911315379	0.3516739212521247	176.7775	176.7775	250.0
253.0		-0.023593160333814117	-0.016621120070284278	0.2933279134514477	178.89883	178.89883	253.0
256.0		-0.023662447935946337	-0.016621120473006387	0.24040417854026505	181.02016	181.02016	256.0
259.0		-0.02370412706955031	-0.016621120639414864	0.19270356678755654	183.14149	183.14149	259.0
262.0		-0.023728845216208157	-0.016621120706943444	0.14997956101479656	185.26282	185.26282	262.0
265.0		-0.02374329829731476	-0.01662112073385558	0.11194916094736013	187.38415	187.38415	265.0
268.0		-0.02375163059142085	-0.016621120744388842	0.07830315209199268	189.50548	189.50548	268.0
271.0		-0.023756366898023216	-0.016621120748437742	0.04871555670153996	191.62681	191.62681	271.0
274.0		-0.023759021483827882	-0.016621120749966283	0.02285211908667517	193.74814	193.74814	274.0
277.0		-0.02376048853558812	-0.016621120750533024	3.777299966544745E-4	195.86947	195.86947	277.0
280.0		-0.02376128799264074	-0.016621120750739404	-0.019037256845996553	197.9908	197.9908	280.0
283.0		-0.023761717583075215	-0.016621120750813217	-0.035711820112093146	200.11213	200.11213	283.0
286.0		-0.023761945214396153	-0.016621120750839147	-0.04995014577248773	202.23346	202.23346	286.0
289.0		-0.0237620641563522	-0.01662112075084809	-0.06203851971069304	204.35479	204.35479	289.0
292.0		-0.023762125443725315	-0.016621120750851124	-0.07224315378077385	206.47612	206.47612	292.0
RTBT_Diag:WS20

Name	X Fit	X RMS	Y Fit	Y RMS	Z Fit	Z RMS
-------	-----	-----	-----	-----	-----	-----
Area	189.84292682333125	155.04431072288412	170.0317156363208	154.66849934895836	170.64699058265703	147.3388338457194
Ampl	2.619466240917696	2.3321289062500004	3.0594827169803707	3.0116210937500005	3.3333978594534286	3.0511718749999996
Mean	90.31173578911947	90.10374819232909	103.10128247141365	102.93566937083581	133.9321200394796	127.09044378970538
Sigma	28.91290178202443	22.363586808911695	22.171342887490145	18.903524396392555	20.423094523091127	15.30279590183804
Offset	-0.13294160919456371	0.006201171875	-0.01349161933195056	0.0099609375	0.06273488003192311	0.002001953125
Slope	0.0	0.0	0.0	0.0	0.0	0.0

Position	X Raw	Y Raw	Z Raw
--------	-----	-----	-----
25.0		0.00634765625	0.00986328125	0.0021484375	17.67775	17.67775	25.0
28.0		0.0060546875	0.01005859375	0.00185546875	19.79908	19.79908	28.0
31.0		0.00712890625	0.01015625	0.0025390625	21.92041	21.92041	31.0
34.0		0.0091796875	0.01279296875	0.003515625	24.04174	24.04174	34.0
37.0		0.008203125	0.0119140625	0.0033203125	26.16307	26.16307	37.0
40.0		0.007421875	0.01083984375	0.00234375	28.2844	28.2844	40.0
43.0		0.0099609375	0.01279296875	0.00341796875	30.405730000000002	30.405730000000002	43.0
46.0		0.0126953125	0.012109375	0.0033203125	32.52706	32.52706	46.0
49.0		0.0265625	0.0154296875	0.00556640625	34.64839	34.64839	49.0
52.0		0.0537109375	0.01826171875	0.00517578125	36.76972	36.76972	52.0
55.0		0.1033203125	0.0392578125	0.0068359375	38.89105	38.89105	55.0
58.0		0.1822265625	0.10517578125	0.00498046875	41.01238	41.01238	58.0
61.0		0.27294921875	0.24296875	0.0056640625	43.13371	43.13371	61.0
64.0		0.39189453125	0.42392578125	0.00419921875	45.25504	45.25504	64.0
67.0		0.5212890625	0.687109375	0.00771484375	47.37637	47.37637	67.0
70.0		0.662109375	0.92958984375	0.00615234375	49.4977	49.4977	70.0
73.0		0.86435546875	1.20751953125	0.0126953125	51.61903	51.61903	73.0
76.0		1.034375	1.448828125	0.01240234375	53.74036	53.74036	76.0
79.0		1.20126953125	1.72958984375	0.01396484375	55.86169	55.86169	79.0
82.0		1.3556640625	1.98779296875	0.018359375	57.98302	57.98302	82.0
85.0		1.51982421875	2.21201171875	0.01611328125	60.104350000000004	60.104350000000004	85.0
88.0		1.65830078125	2.43388671875	0.01630859375	62.225680000000004	62.225680000000004	88.0
91.0		1.790234375	2.61904296875	0.01845703125	64.34701	64.34701	91.0
94.0		1.87841796875	2.80537109375	0.02099609375	66.46834	66.46834	94.0
97.0		1.9875	2.951953125	0.02060546875	68.58967	68.58967	97.0
100.0		2.04365234375	2.98466796875	0.0240234375	70.711	70.711	100.0
103.0		2.11494140625	3.03154296875	0.016796875	72.83233	72.83233	103.0
106.0		2.1890625	3.00126953125	0.02177734375	74.95366	74.95366	106.0
109.0		2.212109375	2.903515625	0.0203125	77.07499	77.07499	109.0
112.0		2.2666015625	2.79052734375	0.02333984375	79.19632	79.19632	112.0
115.0		2.2953125	2.616015625	0.02265625	81.31765	81.31765	115.0
118.0		2.316796875	2.43955078125	0.0224609375	83.43898	83.43898	118.0
121.0		2.32001953125	2.215234375	0.02255859375	85.56031	85.56031	121.0
124.0		2.344140625	1.9662109375	0.01669921875	87.68164	87.68164	124.0
127.0		2.34453125	1.7201171875	0.02021484375	89.80297	89.80297	127.0
130.0		2.354296875	1.448828125	0.03037109375	91.9243	91.9243	130.0
133.0		2.34267578125	1.190625	0.06904296875	94.04563	94.04563	133.0
136.0		2.32626953125	0.90625	0.1998046875	96.16696	96.16696	136.0
139.0		2.30107421875	0.5892578125	0.5189453125	98.28829	98.28829	139.0
142.0		2.275390625	0.3591796875	0.96201171875	100.40962	100.40962	142.0
145.0		2.24013671875	0.17021484375	1.50234375	102.53095	102.53095	145.0
148.0		2.19912109375	0.0779296875	1.9845703125	104.65228	104.65228	148.0
151.0		2.1443359375	0.0306640625	2.36591796875	106.77361	106.77361	151.0
154.0		2.082421875	0.02744140625	2.62646484375	108.89494	108.89494	154.0
157.0		2.0048828125	0.025390625	2.83779296875	111.01627	111.01627	157.0
160.0		1.90166015625	0.029296875	2.9373046875	113.1376	113.1376	160.0
163.0		1.8140625	0.03427734375	3.03388671875	115.25893	115.25893	163.0
166.0		1.67978515625	0.02919921875	3.04287109375	117.38026	117.38026	166.0
169.0		1.508984375	0.02548828125	3.05732421875	119.50159000000001	119.50159000000001	169.0
172.0		1.3919921875	0.03662109375	3.0666015625	121.62292000000001	121.62292000000001	172.0
175.0		1.21591796875	0.02314453125	3.10693359375	123.74425000000001	123.74425000000001	175.0
178.0		1.07275390625	0.03271484375	3.06376953125	125.86558000000001	125.86558000000001	178.0
181.0		0.89853515625	0.0359375	3.05517578125	127.98691000000001	127.98691000000001	181.0
184.0		0.7078125	0.02548828125	3.0578125	130.10824	130.10824	184.0
187.0		0.55693359375	0.02099609375	3.0802734375	132.22957	132.22957	187.0
190.0		0.41416015625	0.02490234375	3.07255859375	134.3509	134.3509	190.0
193.0		0.3015625	0.02255859375	3.09873046875	136.47223	136.47223	193.0
196.0		0.20927734375	0.01728515625	3.10185546875	138.59356	138.59356	196.0
199.0		0.143359375	0.02451171875	3.04541015625	140.71489	140.71489	199.0
202.0		0.0892578125	0.02412109375	2.9271484375	142.83622	142.83622	202.0
205.0		0.0466796875	0.01083984375	2.75185546875	144.95755	144.95755	205.0
208.0		0.02734375	0.01259765625	2.53203125	147.07888	147.07888	208.0
211.0		0.013671875	0.0109375	2.16591796875	149.20021	149.20021	211.0
214.0		0.00458984375	0.00615234375	1.63076171875	151.32154	151.32154	214.0
217.0		0.00625	0.0091796875	1.0279296875	153.44287	153.44287	217.0
220.0		0.00546875	0.00693359375	0.57216796875	155.5642	155.5642	220.0
223.0		0.00625	0.0056640625	0.236328125	157.68553	157.68553	223.0
226.0		0.0080078125	0.00712890625	0.0703125	159.80686	159.80686	226.0
229.0		0.00927734375	0.00732421875	0.02265625	161.92819	161.92819	229.0
232.0		0.008984375	0.0078125	0.0134765625	164.04952	164.04952	232.0
235.0		0.0072265625	0.007421875	0.01162109375	166.17085	166.17085	235.0
238.0		0.009765625	0.00791015625	0.01328125	168.29218	168.29218	238.0
241.0		0.00810546875	0.007421875	0.012109375	170.41351	170.41351	241.0
244.0		0.0078125	0.00712890625	0.01103515625	172.53484	172.53484	244.0
247.0		0.00888671875	0.00751953125	0.01337890625	174.65617	174.65617	247.0
250.0		0.0056640625	0.00703125	0.00849609375	176.7775	176.7775	250.0
253.0		0.00810546875	0.00693359375	0.01044921875	178.89883	178.89883	253.0
256.0		0.0068359375	0.00751953125	0.0103515625	181.02016	181.02016	256.0
259.0		0.00595703125	0.00625	0.00849609375	183.14149	183.14149	259.0
262.0		0.0056640625	0.006640625	0.00830078125	185.26282	185.26282	262.0
265.0		0.00703125	0.0076171875	0.0103515625	187.38415	187.38415	265.0
268.0		0.0068359375	0.0068359375	0.00869140625	189.50548	189.50548	268.0
271.0		0.00556640625	0.006640625	0.007421875	191.62681	191.62681	271.0
274.0		0.00537109375	0.00693359375	0.00732421875	193.74814	193.74814	274.0
277.0		0.0068359375	0.00693359375	0.00869140625	195.86947	195.86947	277.0
280.0		0.0060546875	0.0068359375	0.0080078125	197.9908	197.9908	280.0
283.0		0.00712890625	0.007421875	0.00927734375	200.11213	200.11213	283.0
286.0		0.00556640625	0.00712890625	0.00791015625	202.23346	202.23346	286.0
289.0		0.0056640625	0.00703125	0.00712890625	204.35479	204.35479	289.0
292.0		0.00615234375	0.0080078125	0.00869140625	206.47612	206.47612	292.0

Position	X Fit	Y Fit	Z Fit
--------	-----	-----	-----
25.0		-0.020671225613292488	-0.006521118708121728	0.06164321711024549	17.67775	17.67775	25.0
28.0		0.001602240574769348	-0.0028163343871664102	0.061643461951750966	19.79908	19.79908	28.0
31.0		0.027443906835376647	0.0028057774379136678	0.061643890767858964	21.92041	21.92041	31.0
34.0		0.05723685160753511	0.011169226370602628	0.06164463350771016	24.04174	24.04174	34.0
37.0		0.09136719094258916	0.023363558121143484	0.061645905768284256	26.16307	26.16307	37.0
40.0		0.13021562398349695	0.0407874837972425	0.061648060945035305	28.2844	28.2844	40.0
43.0		0.1741475933285767	0.06518063961533421	0.061651671305784056	30.405730000000002	30.405730000000002	43.0
46.0		0.223502155169516	0.09863327294514589	0.06165765228343685	32.52706	32.52706	46.0
49.0		0.27857972316881136	0.1435620464353937	0.06166745034560141	34.64839	34.64839	49.0
52.0		0.33962892346165263	0.20263984284692935	0.06168332289580452	36.76972	36.76972	52.0
55.0		0.40683287285388947	0.27866909673455464	0.06170874920335228	38.89105	38.89105	55.0
58.0		0.48029526457846217	0.3743923085698943	0.061749024703717965	41.01238	41.01238	58.0
61.0		0.5600267117561333	0.4922402426634467	0.06181210736906641	43.13371	43.13371	61.0
64.0		0.6459318536109814	0.6340276227840241	0.061909804153840994	45.25504	45.25504	64.0
67.0		0.7377977691208875	0.800617062671961	0.0620594072636307	47.37637	47.37637	67.0
70.0		0.8352842629896288	0.9915830174392258	0.06228591301908629	49.4977	49.4977	70.0
73.0		0.9379165860028629	1.204916725807594	0.06262497835960781	51.61903	51.61903	73.0
76.0		1.0450811232056052	1.4368182240365217	0.06312678842990119	53.74036	53.74036	76.0
79.0		1.15602452725999	1.681620549562094	0.06386101882559517	55.86169	55.86169	79.0
82.0		1.2698566905080355	1.9318829154808852	0.06492307221404356	57.98302	57.98302	82.0
85.0		1.385557838899735	2.1786737773010536	0.06644174423087049	60.104350000000004	60.104350000000004	85.0
88.0		1.5019898968930294	2.4120426183238255	0.06858841993746087	62.225680000000004	62.225680000000004	88.0
91.0		1.6179121191369288	2.621653683218638	0.07158781165752379	64.34701	64.34701	91.0
94.0		1.7320008181496813	2.797529649017115	0.07573011447923422	66.46834	66.46834	94.0
97.0		1.8428728444992657	2.930832690107994	0.08138427216744494	68.58967	68.58967	97.0
100.0		1.9491123053121158	3.0145985785399305	0.08901181275246098	70.711	70.711	100.0
103.0		2.0492998469149013	3.044339169241419	0.09918043468082105	72.83233	72.83233	103.0
106.0		2.1420436867125154	3.018440769792965	0.11257621400688178	74.95366	74.95366	106.0
109.0		2.2260114661815535	2.9383091891730366	0.13001298289474722	77.07499	77.07499	109.0
112.0		2.2999619182472752	2.8082433221014216	0.1524371319664454	79.19632	79.19632	112.0
115.0		2.3627753039367807	2.635053088213886	0.18092585559155336	81.31765	81.31765	115.0
118.0		2.413481578760681	2.4274689779967074	0.21667673928726106	83.43898	83.43898	118.0
121.0		2.451285300235008	2.1954144214264897	0.26098663459643473	85.56031	85.56031	121.0
124.0		2.4755863833708354	1.9492251860717353	0.3152180292032695	87.68164	87.68164	124.0
127.0		2.485995947452822	1.698900577834662	0.3807516385958379	89.80297	89.80297	127.0
130.0		2.482346669317918	1.4534601296222014	0.45892474161150765	91.9243	91.9243	130.0
133.0		2.464697257930748	1.220459415130605	0.5509558498942214	94.04563	94.04563	133.0
136.0		2.4333308830311413	1.0056935697211573	0.6578576006245381	96.16696	96.16696	136.0
139.0		2.3887476166290798	0.8130913939449561	0.7803412144264787	98.28829	98.28829	139.0
142.0		2.331651169300611	0.6447804735532409	0.9187173494478801	100.40962	100.40962	142.0
145.0		2.262930412917896	0.5012873986919691	1.0727995589858097	102.53095	102.53095	145.0
148.0		2.1836363677390134	0.3818282955573958	1.2418176534005108	104.65228	104.65228	148.0
151.0		2.094955486157003	0.2846434404020887	1.4243489033145826	106.77361	106.77361	151.0
154.0		1.9981801811649869	0.2073344746417375	1.618275043714183	108.89494	108.89494	154.0
157.0		1.894677620221935	0.14717171273071297	1.8207723319853941	111.01627	111.01627	157.0
160.0		1.785857832579754	0.10135002262246993	2.0283404246425074	113.1376	113.1376	160.0
163.0		1.6731421605754802	0.06718274545321029	2.236873595547391	115.25893	115.25893	163.0
166.0		1.5579330255569115	0.042232580410774684	2.441774940608063	117.38026	117.38026	166.0
169.0		1.4415858817388507	0.024385392148640612	2.638110906478341	119.50159000000001	119.50159000000001	169.0
172.0		1.3253841028446955	0.01187721314759583	2.8208000246541416	121.62292000000001	121.62292000000001	172.0
175.0		1.210517394604079	0.0032865146292696563	2.9848264580105375	123.74425000000001	123.74425000000001	175.0
178.0		1.0980641595357876	-0.002496374748568571	3.125466219206804	125.86558000000001	125.86558000000001	178.0
181.0		0.9889780676577351	-0.006312358950100132	3.2385120184857015	127.98691000000001	127.98691000000001	181.0
184.0		0.8840789162628155	-0.008781065530857366	3.320481894364978	130.10824	130.10824	184.0
187.0		0.7840477013746973	-0.010347035114960167	3.3687972244943998	132.22957	132.22957	187.0
190.0		0.6894256795308407	-0.011321110326713487	3.3819174287046176	134.3509	134.3509	190.0
193.0		0.6006170763175136	-0.011915315956637204	3.359421548918431	136.47223	136.47223	193.0
196.0		0.5178950012255735	-0.01227082604501777	3.302030679436007	138.59356	138.59356	196.0
199.0		0.44141005890356566	-0.012479452950624045	3.211569580304394	140.71489	140.71489	199.0
202.0		0.3712011051728399	-0.012599546923437649	3.0908703244573386	142.83622	142.83622	202.0
205.0		0.307207581209046	-0.012667362777481008	2.9436250760681784	144.95755	144.95755	205.0
208.0		0.2492828688203243	-0.012704931346561681	2.7741986745274234	147.07888	147.07888	208.0
211.0		0.19720814052425073	-0.01272534983788036	2.587414284048831	149.20021	149.20021	211.0
214.0		0.15070622621780233	-0.012736237848942053	2.388326753649426	151.32154	151.32154	214.0
217.0		0.10945507933467521	-0.012741934479342501	2.1819984389863705	153.44287	153.44287	217.0
220.0		0.07310049507698765	-0.012744858963814125	1.9732911244869087	155.5642	155.5642	220.0
223.0		0.04126780733041355	-0.012746332152102142	1.7666855311999763	157.68553	157.68553	223.0
226.0		0.013572365324181601	-0.012747060366963653	1.5661369763854924	159.80686	159.80686	226.0
229.0		-0.010371337392680077	-0.012747413604433214	1.3749723949318509	161.92819	161.92819	229.0
232.0		-0.030941943258704266	-0.012747581752767405	1.1958304851707997	164.04952	164.04952	232.0
235.0		-0.048504923792839855	-0.012747660303220974	1.0306435229871973	166.17085	166.17085	235.0
238.0		-0.06340763996218683	-0.012747696315125675	0.8806566615601649	168.29218	168.29218	238.0
241.0		-0.07597568508210116	-0.012747712518108299	0.74647848331231	170.41351	170.41351	241.0
244.0		-0.08651039615941672	-0.012747719673029633	0.628155289473528	172.53484	172.53484	244.0
247.0		-0.09528739973375566	-0.012747722773907887	0.5252611065609564	174.65617	174.65617	247.0
250.0		-0.10255604711996064	-0.012747724092902117	0.4369955869522614	176.7775	176.7775	250.0
253.0		-0.10853959043687926	-0.012747724643566848	0.3622827539493631	178.89883	178.89883	253.0
256.0		-0.11343595367906403	-0.012747724869211578	0.2998647268952453	181.02016	181.02016	256.0
259.0		-0.11741896102625933	-0.012747724959965135	0.2483859839708817	183.14149	183.14149	259.0
262.0		-0.12063989627581201	-0.01274772499579203	0.20646521306796561	185.26282	185.26282	262.0
265.0		-0.12322928148552363	-0.012747725009674537	0.17275322306307456	187.38415	187.38415	265.0
268.0		-0.12529877851475274	-0.012747725014954681	0.14597663203002517	189.50548	189.50548	268.0
271.0		-0.1269431331945244	-0.01274772501692596	0.1249680473111463	191.62681	191.62681	271.0
274.0		-0.12824209756418856	-0.012747725017648365	0.1086841744796809	193.74814	193.74814	274.0
277.0		-0.12926228038421964	-0.01274772501790823	0.09621374018526038	195.86947	195.86947	277.0
280.0		-0.13005888954652467	-0.01274772501799999	0.08677731477026138	197.9908	197.9908	280.0
283.0		-0.13067734178712398	-0.012747725018031796	0.07972111781260438	200.11213	200.11213	283.0
286.0		-0.13115472512984305	-0.012747725018042617	0.07450673480590521	202.23346	202.23346	286.0
289.0		-0.13152110773480089	-0.012747725018046233	0.0706984182466533	204.35479	204.35479	289.0
292.0		-0.13180069336077427	-0.012747725018047417	0.06794933903811434	206.47612	206.47612	292.0

PVLoggerID = -1