RTBT_Diag:WS20 -1.17177914935 -2.10123038073 -0.0 -0.0 0.0905756610592 -0.690983168354 -0.0 -0.0 -0.0 -0.0 1.35987518558 -17.6173959902 -0.0 -0.0 0.215577886192 -2.05748367015 
RTBT_Diag:WS20 -1.17177914935 -2.10123038073 -0.0 -0.0 0.0905756610592 -0.690983168354 -0.0 -0.0 -0.0 -0.0 1.35987518558 -17.6173959902 -0.0 -0.0 0.215577886192 -2.05748367015 
RTBT_Diag:WS20 -1.17177914935 -2.10123038073 -0.0 -0.0 0.0905756610592 -0.690983168354 -0.0 -0.0 -0.0 -0.0 1.35987518558 -17.6173959902 -0.0 -0.0 0.215577886192 -2.05748367015 
RTBT_Diag:WS20 -1.17177914935 -2.10123038073 -0.0 -0.0 0.0905756610592 -0.690983168354 -0.0 -0.0 -0.0 -0.0 1.35987518558 -17.6173959902 -0.0 -0.0 0.215577886192 -2.05748367015 
RTBT_Diag:WS20 -1.17177914935 -2.10123038073 -0.0 -0.0 0.0905756610592 -0.690983168354 -0.0 -0.0 -0.0 -0.0 1.35987518558 -17.6173959902 -0.0 -0.0 0.215577886192 -2.05748367015 
RTBT_Diag:WS20 -1.17177914935 -2.10123038073 -0.0 -0.0 0.0905756610592 -0.690983168354 -0.0 -0.0 -0.0 -0.0 1.35987518558 -17.6173959902 -0.0 -0.0 0.215577886192 -2.05748367015 
RTBT_Diag:WS20 -1.17177914935 -2.10123038073 -0.0 -0.0 0.0905756610592 -0.690983168354 -0.0 -0.0 -0.0 -0.0 1.35987518558 -17.6173959902 -0.0 -0.0 0.215577886192 -2.05748367015 
RTBT_Diag:WS20 -1.17177914935 -2.10123038073 -0.0 -0.0 0.0905756610592 -0.690983168354 -0.0 -0.0 -0.0 -0.0 1.35987518558 -17.6173959902 -0.0 -0.0 0.215577886192 -2.05748367015 
RTBT_Diag:WS20 -1.17177914935 -2.10123038073 -0.0 -0.0 0.0905756610592 -0.690983168354 -0.0 -0.0 -0.0 -0.0 1.35987518558 -17.6173959902 -0.0 -0.0 0.215577886192 -2.05748367015 
RTBT_Diag:WS20 -1.17177914935 -2.10123038073 -0.0 -0.0 0.0905756610592 -0.690983168354 -0.0 -0.0 -0.0 -0.0 1.35987518558 -17.6173959902 -0.0 -0.0 0.215577886192 -2.05748367015 
RTBT_Diag:WS21 -1.55523694887 -7.90086902413 -0.0 -0.0 -0.111386549467 -1.2088515128 -0.0 -0.0 0.0 0.0 1.28048467659 -13.3011619819 0.0 0.0 -0.068637181126 1.49392983697 
RTBT_Diag:WS21 -1.55523694887 -7.90086902413 -0.0 -0.0 -0.111386549467 -1.2088515128 -0.0 -0.0 0.0 0.0 1.28048467659 -13.3011619819 0.0 0.0 -0.068637181126 1.49392983697 
RTBT_Diag:WS21 -1.55523694887 -7.90086902413 -0.0 -0.0 -0.111386549467 -1.2088515128 -0.0 -0.0 0.0 0.0 1.28048467659 -13.3011619819 0.0 0.0 -0.068637181126 1.49392983697 
RTBT_Diag:WS21 -1.55523694887 -7.90086902413 -0.0 -0.0 -0.111386549467 -1.2088515128 -0.0 -0.0 0.0 0.0 1.28048467659 -13.3011619819 0.0 0.0 -0.068637181126 1.49392983697 
RTBT_Diag:WS21 -1.55523694887 -7.90086902413 -0.0 -0.0 -0.111386549467 -1.2088515128 -0.0 -0.0 0.0 0.0 1.28048467659 -13.3011619819 0.0 0.0 -0.068637181126 1.49392983697 
RTBT_Diag:WS21 -1.55523694887 -7.90086902413 -0.0 -0.0 -0.111386549467 -1.2088515128 -0.0 -0.0 0.0 0.0 1.28048467659 -13.3011619819 0.0 0.0 -0.068637181126 1.49392983697 
RTBT_Diag:WS21 -1.55523694887 -7.90086902413 -0.0 -0.0 -0.111386549467 -1.2088515128 -0.0 -0.0 0.0 0.0 1.28048467659 -13.3011619819 0.0 0.0 -0.068637181126 1.49392983697 
RTBT_Diag:WS21 -1.55523694887 -7.90086902413 -0.0 -0.0 -0.111386549467 -1.2088515128 -0.0 -0.0 0.0 0.0 1.28048467659 -13.3011619819 0.0 0.0 -0.068637181126 1.49392983697 
RTBT_Diag:WS21 -1.55523694887 -7.90086902413 -0.0 -0.0 -0.111386549467 -1.2088515128 -0.0 -0.0 0.0 0.0 1.28048467659 -13.3011619819 0.0 0.0 -0.068637181126 1.49392983697 
RTBT_Diag:WS21 -1.55523694887 -7.90086902413 -0.0 -0.0 -0.111386549467 -1.2088515128 -0.0 -0.0 0.0 0.0 1.28048467659 -13.3011619819 0.0 0.0 -0.068637181126 1.49392983697 
RTBT_Diag:WS23 0.773424121761 -4.66780457945 -0.0 -0.0 0.213491101507 0.0044804119975 0.0 0.0 0.0 0.0 1.23393379484 -6.80506454031 0.0 0.0 -0.221368963959 2.03125167447 
RTBT_Diag:WS23 0.773424121761 -4.66780457945 -0.0 -0.0 0.213491101507 0.0044804119975 0.0 0.0 0.0 0.0 1.23393379484 -6.80506454031 0.0 0.0 -0.221368963959 2.03125167447 
RTBT_Diag:WS23 0.773424121761 -4.66780457945 -0.0 -0.0 0.213491101507 0.0044804119975 0.0 0.0 0.0 0.0 1.23393379484 -6.80506454031 0.0 0.0 -0.221368963959 2.03125167447 
RTBT_Diag:WS23 0.773424121761 -4.66780457945 -0.0 -0.0 0.213491101507 0.0044804119975 0.0 0.0 0.0 0.0 1.23393379484 -6.80506454031 0.0 0.0 -0.221368963959 2.03125167447 
RTBT_Diag:WS23 0.773424121761 -4.66780457945 -0.0 -0.0 0.213491101507 0.0044804119975 0.0 0.0 0.0 0.0 1.23393379484 -6.80506454031 0.0 0.0 -0.221368963959 2.03125167447 
RTBT_Diag:WS23 0.773424121761 -4.66780457945 -0.0 -0.0 0.213491101507 0.0044804119975 0.0 0.0 0.0 0.0 1.23393379484 -6.80506454031 0.0 0.0 -0.221368963959 2.03125167447 
RTBT_Diag:WS23 0.773424121761 -4.66780457945 -0.0 -0.0 0.213491101507 0.0044804119975 0.0 0.0 0.0 0.0 1.23393379484 -6.80506454031 0.0 0.0 -0.221368963959 2.03125167447 
RTBT_Diag:WS23 0.773424121761 -4.66780457945 -0.0 -0.0 0.213491101507 0.0044804119975 0.0 0.0 0.0 0.0 1.23393379484 -6.80506454031 0.0 0.0 -0.221368963959 2.03125167447 
RTBT_Diag:WS23 0.773424121761 -4.66780457945 -0.0 -0.0 0.213491101507 0.0044804119975 0.0 0.0 0.0 0.0 1.23393379484 -6.80506454031 0.0 0.0 -0.221368963959 2.03125167447 
RTBT_Diag:WS23 0.773424121761 -4.66780457945 -0.0 -0.0 0.213491101507 0.0044804119975 0.0 0.0 0.0 0.0 1.23393379484 -6.80506454031 0.0 0.0 -0.221368963959 2.03125167447 
RTBT_Diag:WS24 1.0 0.0 0.0 0.0 2.77555756156e-17 1.0 0.0 0.0 0.0 0.0 1.0 0.0 0.0 0.0 -2.77555756156e-17 1.0 
RTBT_Diag:WS24 1.0 0.0 0.0 0.0 2.77555756156e-17 1.0 0.0 0.0 0.0 0.0 1.0 0.0 0.0 0.0 -2.77555756156e-17 1.0 
RTBT_Diag:WS24 1.0 0.0 0.0 0.0 2.77555756156e-17 1.0 0.0 0.0 0.0 0.0 1.0 0.0 0.0 0.0 -2.77555756156e-17 1.0 
RTBT_Diag:WS24 1.0 0.0 0.0 0.0 2.77555756156e-17 1.0 0.0 0.0 0.0 0.0 1.0 0.0 0.0 0.0 -2.77555756156e-17 1.0 
RTBT_Diag:WS24 1.0 0.0 0.0 0.0 2.77555756156e-17 1.0 0.0 0.0 0.0 0.0 1.0 0.0 0.0 0.0 -2.77555756156e-17 1.0 
RTBT_Diag:WS24 1.0 0.0 0.0 0.0 2.77555756156e-17 1.0 0.0 0.0 0.0 0.0 1.0 0.0 0.0 0.0 -2.77555756156e-17 1.0 
RTBT_Diag:WS24 1.0 0.0 0.0 0.0 2.77555756156e-17 1.0 0.0 0.0 0.0 0.0 1.0 0.0 0.0 0.0 -2.77555756156e-17 1.0 
RTBT_Diag:WS24 1.0 0.0 0.0 0.0 2.77555756156e-17 1.0 0.0 0.0 0.0 0.0 1.0 0.0 0.0 0.0 -2.77555756156e-17 1.0 
RTBT_Diag:WS24 1.0 0.0 0.0 0.0 2.77555756156e-17 1.0 0.0 0.0 0.0 0.0 1.0 0.0 0.0 0.0 -2.77555756156e-17 1.0 
RTBT_Diag:WS24 1.0 0.0 0.0 0.0 2.77555756156e-17 1.0 0.0 0.0 0.0 0.0 1.0 0.0 0.0 0.0 -2.77555756156e-17 1.0 
