start time: Sun Aug 01 13:44:05 EDT 2021

RTBT_Diag:WS24

Name	X Fit	X RMS	Y Fit	Y RMS	Z Fit	Z RMS
-------	-----	-----	-----	-----	-----	-----
Area	75.78262029418893	64.01045257094727	73.72907966246524	69.47229329427083	70.46469931402143	65.76097565216472
Ampl	1.281892092154345	1.1748046875	1.6303359070812744	1.649658203125	1.3968947030805041	1.35595703125
Mean	105.99262071581101	105.69943975468898	102.841985005525	102.08306001130124	123.6638190106864	111.83619295175627
Sigma	23.584583710279617	18.655092563593467	18.041464366138424	16.387550336148283	20.12417097018436	14.761626155544329
Offset	-0.04354681264046221	0.00556640625	-0.006375332231712541	-4.39453125E-4	0.03756220283037322	-4.39453125E-4
Slope	0.0	0.0	0.0	0.0	0.0	0.0

Position	X Raw	Y Raw	Z Raw
--------	-----	-----	-----
25.0		0.00576171875	-2.44140625E-4	-4.8828125E-5	17.67775	17.67775	25.0
28.0		0.00537109375	-6.34765625E-4	-8.30078125E-4	19.79908	19.79908	28.0
31.0		0.0056640625	1.46484375E-4	-2.44140625E-4	21.92041	21.92041	31.0
34.0		0.006494140625	8.7890625E-4	3.90625E-4	24.04174	24.04174	34.0
37.0		0.00693359375	0.001806640625	0.00107421875	26.16307	26.16307	37.0
40.0		0.00625	9.765625E-4	-4.8828125E-5	28.2844	28.2844	40.0
43.0		0.0056640625	2.9296875E-4	-5.37109375E-4	30.405730000000002	30.405730000000002	43.0
46.0		0.007666015625	0.002734375	0.001416015625	32.52706	32.52706	46.0
49.0		0.0083984375	0.004052734375	0.001953125	34.64839	34.64839	49.0
52.0		0.009130859375	0.004931640625	0.002734375	36.76972	36.76972	52.0
55.0		0.00859375	0.00458984375	0.002001953125	38.89105	38.89105	55.0
58.0		0.00751953125	0.0091796875	0.001220703125	41.01238	41.01238	58.0
61.0		0.009912109375	0.039306640625	0.0037109375	43.13371	43.13371	61.0
64.0		0.0076171875	0.089501953125	8.7890625E-4	45.25504	45.25504	64.0
67.0		0.010546875	0.196728515625	0.004150390625	47.37637	47.37637	67.0
70.0		0.010986328125	0.316259765625	0.004931640625	49.4977	49.4977	70.0
73.0		0.01103515625	0.446337890625	0.00390625	51.61903	51.61903	73.0
76.0		0.0103515625	0.574560546875	0.003076171875	53.74036	53.74036	76.0
79.0		0.0125	0.73046875	0.004052734375	55.86169	55.86169	79.0
82.0		0.014404296875	0.859521484375	0.00302734375	57.98302	57.98302	82.0
85.0		0.035595703125	1.0126953125	0.006787109375	60.104350000000004	60.104350000000004	85.0
88.0		0.060302734375	1.15732421875	0.006005859375	62.225680000000004	62.225680000000004	88.0
91.0		0.090185546875	1.285400390625	0.007568359375	64.34701	64.34701	91.0
94.0		0.127587890625	1.4140625	0.00810546875	66.46834	66.46834	94.0
97.0		0.17353515625	1.533740234375	0.00712890625	68.58967	68.58967	97.0
100.0		0.227392578125	1.6125	0.00927734375	70.711	70.711	100.0
103.0		0.304541015625	1.648779296875	0.0078125	72.83233	72.83233	103.0
106.0		0.4115234375	1.6162109375	0.009912109375	74.95366	74.95366	106.0
109.0		0.552587890625	1.517041015625	0.012890625	77.07499	77.07499	109.0
112.0		0.684521484375	1.3822265625	0.020263671875	79.19632	79.19632	112.0
115.0		0.802734375	1.23427734375	0.03798828125	81.31765	81.31765	115.0
118.0		0.8859375	1.09033203125	0.11318359375	83.43898	83.43898	118.0
121.0		0.974072265625	0.934814453125	0.291845703125	85.56031	85.56031	121.0
124.0		1.01494140625	0.78955078125	0.647412109375	87.68164	87.68164	124.0
127.0		1.03515625	0.64208984375	0.989892578125	89.80297	89.80297	127.0
130.0		1.06728515625	0.481396484375	1.18310546875	91.9243	91.9243	130.0
133.0		1.096142578125	0.34443359375	1.293798828125	94.04563	94.04563	133.0
136.0		1.123046875	0.2177734375	1.369970703125	96.16696	96.16696	136.0
139.0		1.1326171875	0.11181640625	1.409228515625	98.28829	98.28829	139.0
142.0		1.165771484375	0.05556640625	1.428564453125	100.40962	100.40962	142.0
145.0		1.175341796875	0.018896484375	1.421875	102.53095	102.53095	145.0
148.0		1.1859375	0.0060546875	1.409619140625	104.65228	104.65228	148.0
151.0		1.18564453125	0.003662109375	1.385693359375	106.77361	106.77361	151.0
154.0		1.177490234375	0.003857421875	1.36396484375	108.89494	108.89494	154.0
157.0		1.16640625	0.002099609375	1.355078125	111.01627	111.01627	157.0
160.0		1.150927734375	0.00185546875	1.365966796875	113.1376	113.1376	160.0
163.0		1.1296875	0.00126953125	1.372802734375	115.25893	115.25893	163.0
166.0		1.103662109375	-4.39453125E-4	1.375	117.38026	117.38026	166.0
169.0		1.07529296875	0.001123046875	1.393505859375	119.50159000000001	119.50159000000001	169.0
172.0		1.04501953125	-1.46484375E-4	1.42412109375	121.62292000000001	121.62292000000001	172.0
175.0		1.002685546875	-0.00185546875	1.424169921875	123.74425000000001	123.74425000000001	175.0
178.0		0.947900390625	-0.001708984375	1.427734375	125.86558000000001	125.86558000000001	178.0
181.0		0.879150390625	-7.8125E-4	1.38330078125	127.98691000000001	127.98691000000001	181.0
184.0		0.799365234375	-7.8125E-4	1.30478515625	130.10824	130.10824	184.0
187.0		0.68330078125	-5.859375E-4	1.18310546875	132.22957	132.22957	187.0
190.0		0.53505859375	-0.003466796875	0.91533203125	134.3509	134.3509	190.0
193.0		0.40205078125	-0.00283203125	0.481689453125	136.47223	136.47223	193.0
196.0		0.304931640625	-0.00244140625	0.19267578125	138.59356	138.59356	196.0
199.0		0.221875	-0.001953125	0.06064453125	140.71489	140.71489	199.0
202.0		0.167626953125	-0.003076171875	0.0240234375	142.83622	142.83622	202.0
205.0		0.12568359375	-0.004541015625	0.012841796875	144.95755	144.95755	205.0
208.0		0.0943359375	-0.003515625	0.013134765625	147.07888	147.07888	208.0
211.0		0.0640625	-0.003369140625	0.0130859375	149.20021	149.20021	211.0
214.0		0.034912109375	-0.0041015625	0.010546875	151.32154	151.32154	214.0
217.0		0.018505859375	-0.003759765625	0.01123046875	153.44287	153.44287	217.0
220.0		0.011669921875	-0.004833984375	0.008837890625	155.5642	155.5642	220.0
223.0		0.011083984375	-0.0048828125	0.00927734375	157.68553	157.68553	223.0
226.0		0.011181640625	-0.00478515625	0.00947265625	159.80686	159.80686	226.0
229.0		0.0119140625	-0.004052734375	0.010205078125	161.92819	161.92819	229.0
232.0		0.011962890625	-0.00419921875	0.010400390625	164.04952	164.04952	232.0
235.0		0.010400390625	-0.004541015625	0.008251953125	166.17085	166.17085	235.0
238.0		0.008984375	-0.005224609375	0.006494140625	168.29218	168.29218	238.0
241.0		0.00927734375	-0.00478515625	0.007666015625	170.41351	170.41351	241.0
244.0		0.007861328125	-0.005322265625	0.005712890625	172.53484	172.53484	244.0
247.0		0.010205078125	-0.004638671875	0.00859375	174.65617	174.65617	247.0
250.0		0.009716796875	-0.00478515625	0.0083984375	176.7775	176.7775	250.0
253.0		0.00673828125	-0.00615234375	0.004443359375	178.89883	178.89883	253.0
256.0		0.007080078125	-0.0056640625	0.00537109375	181.02016	181.02016	256.0
259.0		0.0080078125	-0.005126953125	0.006494140625	183.14149	183.14149	259.0
262.0		0.008154296875	-0.00517578125	0.006298828125	185.26282	185.26282	262.0
265.0		0.0072265625	-0.005322265625	0.00537109375	187.38415	187.38415	265.0
268.0		0.007080078125	-0.005126953125	0.005712890625	189.50548	189.50548	268.0
271.0		0.00703125	-0.00517578125	0.00595703125	191.62681	191.62681	271.0
274.0		0.006396484375	-0.00556640625	0.004736328125	193.74814	193.74814	274.0
277.0		0.00517578125	-0.005810546875	0.00341796875	195.86947	195.86947	277.0
280.0		0.006494140625	-0.00537109375	0.00556640625	197.9908	197.9908	280.0
283.0		0.00595703125	-0.0052734375	0.004345703125	200.11213	200.11213	283.0
286.0		0.00517578125	-0.0056640625	0.00341796875	202.23346	202.23346	286.0
289.0		0.00556640625	-0.00556640625	0.00390625	204.35479	204.35479	289.0
292.0		0.0044921875	-0.005859375	0.00244140625	206.47612	206.47612	292.0

Position	X Fit	Y Fit	Z Fit
--------	-----	-----	-----
25.0		-0.0422832221777835	-0.005961051603339928	0.03663209131744465	17.67775	17.67775	25.0
28.0		-0.0418257842697489	-0.0058099101522423435	0.03663304709572886	19.79908	19.79908	28.0
31.0		-0.04120598737148345	-0.005520962623023656	0.03663466036964144	21.92041	21.92041	31.0
34.0		-0.040373481644538974	-0.00498448929807164	0.036637352228557254	24.04174	24.04174	34.0
37.0		-0.03926499189873913	-0.004017308486588746	0.036641792217058954	26.16307	26.16307	37.0
40.0		-0.0378019132592169	-0.002324430837347578	0.03664903138061911	28.2844	28.2844	40.0
43.0		-0.035887750403094935	5.517717135588834E-4	0.036660698482506617	30.405730000000002	30.405730000000002	43.0
46.0		-0.0334054883066636	0.005294132502421829	0.036679284917854924	32.52706	32.52706	46.0
49.0		-0.030215018037629948	0.012880627020890854	0.03670855187171363	34.64839	34.64839	49.0
52.0		-0.02615077990147374	0.024652104220438793	0.036754102702503406	36.76972	36.76972	52.0
55.0		-0.021019826055257363	0.04236188352083968	0.03682417408756575	38.89105	38.89105	55.0
58.0		-0.014600542565932503	0.0681849834679202	0.036930710507539946	41.01238	41.01238	58.0
61.0		-0.006642303053078093	0.10466048551719871	0.037090797076837365	43.13371	43.13371	61.0
64.0		0.003133651905211428	0.15454090339982013	0.03732853388618963	45.25504	45.25504	64.0
67.0		0.015031808357025007	0.22053001023294447	0.03767743859913389	47.37637	47.37637	67.0
70.0		0.029378157121866408	0.30490700918113717	0.03818346005765131	49.4977	49.4977	70.0
73.0		0.04651390527323283	0.40905980853355267	0.03890867053303628	51.61903	51.61903	73.0
76.0		0.06678693487359164	0.5329801501002285	0.03993567406368267	53.74036	53.74036	76.0
79.0		0.09054091791131061	0.6748020290742922	0.041372719128693315	55.86169	55.86169	79.0
82.0		0.11810212110830312	0.8304836658759789	0.043359432400877994	57.98302	57.98302	82.0
85.0		0.14976408576327263	0.9937336201533035	0.04607299458205008	60.104350000000004	60.104350000000004	85.0
88.0		0.18577054010583588	1.156257666815722	0.04973445975014513	62.225680000000004	62.225680000000004	88.0
91.0		0.2262970856259435	1.308354584362499	0.05461477996531438	64.34701	64.34701	91.0
94.0		0.2714323823936682	1.4398230400799632	0.061039945051356403	66.46834	66.46834	94.0
97.0		0.3211597269434907	1.541071967331404	0.06939449633194927	68.58967	68.58967	97.0
100.0		0.37534005378839597	1.6042705923021783	0.08012254053357953	70.711	70.711	100.0
103.0		0.4336974817018132	1.6243478635551238	0.09372529840981184	72.83233	72.83233	103.0
106.0		0.49580855344312535	1.5996644738772199	0.11075419722888118	74.95366	74.95366	106.0
109.0		0.5610962703672676	1.5322339182609077	0.13179858295446417	77.07499	77.07499	109.0
112.0		0.6288298936123545	1.4274512315644752	0.1574673096927957	79.19632	79.19632	112.0
115.0		0.6981312694745369	1.2933801075721545	0.18836377669137908	81.31765	81.31765	115.0
118.0		0.767988143256738	1.1397290843218362	0.22505443130733535	83.43898	83.43898	118.0
121.0		0.8372745657953009	0.9766969386606452	0.26803132883658554	85.56031	85.56031	121.0
124.0		0.9047780896406107	0.8138765524818746	0.3176700073358605	87.68164	87.68164	124.0
127.0		0.9692330232559562	0.6593764078137427	0.3741846484567425	89.80297	89.80297	127.0
130.0		1.029358591792528	0.5192604075675891	0.4375831867113061	91.9243	91.9243	130.0
133.0		1.0839004742762677	0.3973365474895499	0.5076256189141255	94.04563	94.04563	133.0
136.0		1.131673881007094	0.2952602749632462	0.583789166353316	96.16696	96.16696	136.0
139.0		1.1716061296173437	0.21287224098902832	0.665244072397425	98.28829	98.28829	139.0
142.0		1.2027765951524354	0.14866882302164935	0.7508436116084579	100.40962	100.40962	142.0
145.0		1.2244519615500478	0.10030638456821016	0.8391313045976706	102.53095	102.53095	145.0
148.0		1.2361148914376503	0.06506050349826685	0.9283673751217907	104.65228	104.65228	148.0
151.0		1.237484549582344	0.04019059915714639	1.0165751956256717	106.77361	106.77361	151.0
154.0		1.2285278432116469	0.023190095076924922	1.1016069331957583	108.89494	108.89494	154.0
157.0		1.2094607510453776	0.011926354701502127	1.1812259585931486	111.01627	111.01627	157.0
160.0		1.180739666513964	0.004690119503723263	1.2532019746536363	113.1376	113.1376	160.0
163.0		1.1430432396321943	1.8091192089237772E-4	1.3154134273073719	115.25893	115.25893	163.0
166.0		1.0972457262248887	-0.0025453738800103455	1.3659507455341835	117.38026	117.38026	166.0
169.0		1.0443833055785208	-0.004145057985577391	1.4032134497369566	119.50159000000001	119.50159000000001	169.0
172.0		0.9856151772753295	-0.005056191758507034	1.425994257575261	121.62292000000001	121.62292000000001	172.0
175.0		0.9221814729059481	-0.005560036038085001	1.4335440269067214	123.74425000000001	123.74425000000001	175.0
178.0		0.8553601069731487	-0.005830586234577205	1.4256126636389082	125.86558000000001	125.86558000000001	178.0
181.0		0.7864246431170849	-0.00597167721443028	1.4024628786222229	127.98691000000001	127.98691000000001	181.0
184.0		0.7166050770121619	-0.006043144262947693	1.3648557380617683	130.10824	130.10824	184.0
187.0		0.6470531553816722	-0.00607830976531118	1.3140091160180372	132.22957	132.22957	187.0
190.0		0.5788134881075513	-0.006095120089871998	1.2515322127097024	134.3509	134.3509	190.0
193.0		0.5128012983124153	-0.006102927788326623	1.1793410488730147	136.47223	136.47223	193.0
196.0		0.4497872259403586	-0.006106451440683593	1.0995611213747007	138.59356	138.59356	196.0
199.0		0.3903891847529599	-0.006107996759750595	1.0144241007706658	140.71489	140.71489	199.0
202.0		0.33507089791593736	-0.006108655368281588	0.9261655257501888	142.83622	142.83622	202.0
205.0		0.2841464248483324	-0.006108928169919912	0.8369299286930826	144.95755	144.95755	205.0
208.0		0.2377897561597664	-0.006109037994879997	0.7486887985593642	147.07888	147.07888	208.0
211.0		0.19604840134733978	-0.0061090809694511515	0.6631753869862526	149.20021	149.20021	211.0
214.0		0.1588598253898131	-0.0061090973149655016	0.5818387539832128	151.32154	151.32154	214.0
217.0		0.12606959916412583	-0.006109103358356048	0.5058178013497547	153.44287	153.44287	217.0
220.0		0.09745020351819722	-0.006109105530430877	0.4359345123233506	155.5642	155.5642	220.0
223.0		0.07271955334724982	-0.006109106289352043	0.37270433300659617	157.68553	157.68553	223.0
226.0		0.05155846995968562	-0.006109106547138934	0.3163606823412972	159.80686	159.80686	226.0
229.0		0.03362651110005141	-0.006109106632268563	0.2668900050178128	161.92819	161.92819	229.0
232.0		0.018575753161240327	-0.006109106659600402	0.22407358399568117	164.04952	164.04952	232.0
235.0		0.006062296535794522	-0.0061091066681321264	0.1875324670431485	166.17085	166.17085	235.0
238.0		-0.004244577230024506	-0.006109106670721505	0.15677226820159795	168.29218	168.29218	238.0
241.0		-0.012655535608132235	-0.006109106671485612	0.1312251979658107	170.41351	170.41351	241.0
244.0		-0.019456448703498906	-0.006109106671704855	0.11028736883145845	172.53484	172.53484	244.0
247.0		-0.024905529492730526	-0.006109106671766022	0.09335013536188203	174.65617	174.65617	247.0
250.0		-0.02923207956068495	-0.006109106671782614	0.07982489333692833	176.7775	176.7775	250.0
253.0		-0.032636540349103516	-0.006109106671786992	0.06916133222266847	178.89883	178.89883	253.0
256.0		-0.035291552208246646	-0.006109106671788114	0.06085958004869519	181.02016	181.02016	256.0
259.0		-0.03734374210164959	-0.0061091066717883944	0.05447698914484814	183.14149	183.14149	259.0
262.0		-0.03891599075120276	-0.006109106671788462	0.049630489858858026	185.26282	185.26282	262.0
265.0		-0.04010996676121909	-0.006109106671788479	0.045995503491180915	187.38415	187.38415	265.0
268.0		-0.04100875487361928	-0.006109106671788482	0.04330237831749279	189.50548	189.50548	268.0
271.0		-0.041679444795903665	-0.006109106671788483	0.041331219603629024	191.62681	191.62681	271.0
274.0		-0.04217558364319364	-0.006109106671788483	0.03990585123811378	193.74814	193.74814	274.0
277.0		-0.042539427371409734	-0.006109106671788483	0.038887495258159994	195.86947	195.86947	277.0
280.0		-0.042803953782633894	-0.006109106671788483	0.038168603880626255	197.9908	197.9908	280.0
283.0		-0.04299462147215033	-0.006109106671788483	0.037667139387204174	200.11213	200.11213	283.0
286.0		-0.043130875623095144	-0.006109106671788483	0.03732147819959744	202.23346	202.23346	286.0
289.0		-0.04322741331382318	-0.006109106671788483	0.03708602034557927	204.35479	204.35479	289.0
292.0		-0.04329522864767628	-0.006109106671788483	0.03692751459369112	206.47612	206.47612	292.0
RTBT_Diag:WS23

Name	X Fit	X RMS	Y Fit	Y RMS	Z Fit	Z RMS
-------	-----	-----	-----	-----	-----	-----
Area	76.76357863246854	68.14912343675131	77.7095492780654	68.10209309895833	72.0868912214493	67.0525113766276
Ampl	2.022832466420641	1.9640624999999998	1.457784904052113	1.3787597656250001	0.9815374917370887	0.9607421875
Mean	102.06952050363668	100.8142734715613	101.32648394825581	100.17789077156725	98.56609223701871	114.48968620044454
Sigma	15.139284948100833	12.283432189728643	21.266254515179607	16.961300956364216	29.29945011070261	20.659797046084144
Offset	-0.019907773829382833	-0.009326171875	-0.02042252818685748	-0.0017822265625	-0.04010934834530354	-0.0029541015625
Slope	0.0	0.0	0.0	0.0	0.0	0.0

Position	X Raw	Y Raw	Z Raw
--------	-----	-----	-----
25.0		-0.009033203125	-0.0015625	-0.0029296875	17.67775	17.67775	25.0
28.0		-0.009619140625	-0.002001953125	-0.002978515625	19.79908	19.79908	28.0
31.0		-0.008203125	-4.39453125E-4	-0.0021484375	21.92041	21.92041	31.0
34.0		-0.0080078125	4.8828125E-5	-0.002001953125	24.04174	24.04174	34.0
37.0		-0.008203125	-1.953125E-4	-0.00205078125	26.16307	26.16307	37.0
40.0		-0.00810546875	-4.8828125E-5	-0.002197265625	28.2844	28.2844	40.0
43.0		-0.010009765625	-0.001708984375	-0.003125	30.405730000000002	30.405730000000002	43.0
46.0		-0.007666015625	5.859375E-4	-0.001806640625	32.52706	32.52706	46.0
49.0		-0.0076171875	5.37109375E-4	-0.001708984375	34.64839	34.64839	49.0
52.0		-0.007470703125	7.8125E-4	-0.0015625	36.76972	36.76972	52.0
55.0		-0.00888671875	1.46484375E-4	-0.00263671875	38.89105	38.89105	55.0
58.0		-0.00966796875	0.00830078125	-0.002734375	41.01238	41.01238	58.0
61.0		-0.008154296875	0.056103515625	-9.765625E-4	43.13371	43.13371	61.0
64.0		-0.008935546875	0.15517578125	-0.001123046875	45.25504	45.25504	64.0
67.0		-0.00634765625	0.292822265625	9.27734375E-4	47.37637	47.37637	67.0
70.0		-0.0072265625	0.435302734375	2.9296875E-4	49.4977	49.4977	70.0
73.0		-0.00751953125	0.575146484375	9.765625E-5	51.61903	51.61903	73.0
76.0		-0.0072265625	0.727685546875	-4.39453125E-4	53.74036	53.74036	76.0
79.0		-0.00849609375	0.88271484375	-0.001025390625	55.86169	55.86169	79.0
82.0		-0.0072265625	1.027783203125	0.001318359375	57.98302	57.98302	82.0
85.0		-0.005322265625	1.185791015625	0.00146484375	60.104350000000004	60.104350000000004	85.0
88.0		-0.006787109375	1.26787109375	4.39453125E-4	62.225680000000004	62.225680000000004	88.0
91.0		-0.003759765625	1.323388671875	0.002490234375	64.34701	64.34701	91.0
94.0		-0.003955078125	1.3412109375	0.00380859375	66.46834	66.46834	94.0
97.0		0.0095703125	1.358154296875	0.007958984375	68.58967	68.58967	97.0
100.0		0.05634765625	1.3751953125	0.016943359375	70.711	70.711	100.0
103.0		0.127392578125	1.37001953125	0.04189453125	72.83233	72.83233	103.0
106.0		0.215478515625	1.355126953125	0.108544921875	74.95366	74.95366	106.0
109.0		0.33779296875	1.336962890625	0.211279296875	77.07499	77.07499	109.0
112.0		0.532177734375	1.302197265625	0.400634765625	79.19632	79.19632	112.0
115.0		0.778271484375	1.19658203125	0.61669921875	81.31765	81.31765	115.0
118.0		1.04609375	1.06064453125	0.76044921875	83.43898	83.43898	118.0
121.0		1.315771484375	0.91826171875	0.873876953125	85.56031	85.56031	121.0
124.0		1.46943359375	0.76103515625	0.9181640625	87.68164	87.68164	124.0
127.0		1.56845703125	0.60439453125	0.9529296875	89.80297	89.80297	127.0
130.0		1.65654296875	0.435009765625	0.9873046875	91.9243	91.9243	130.0
133.0		1.739453125	0.29013671875	0.999609375	94.04563	94.04563	133.0
136.0		1.82568359375	0.161181640625	1.022607421875	96.16696	96.16696	136.0
139.0		1.8833984375	0.0529296875	1.0095703125	98.28829	98.28829	139.0
142.0		1.94541015625	0.01162109375	1.01220703125	100.40962	100.40962	142.0
145.0		1.943896484375	0.00234375	0.998193359375	102.53095	102.53095	145.0
148.0		1.921240234375	0.0013671875	0.992724609375	104.65228	104.65228	148.0
151.0		1.87177734375	9.765625E-4	0.97802734375	106.77361	106.77361	151.0
154.0		1.7904296875	-0.001416015625	0.96201171875	108.89494	108.89494	154.0
157.0		1.69443359375	-1.46484375E-4	0.956787109375	111.01627	111.01627	157.0
160.0		1.577734375	1.46484375E-4	0.95849609375	113.1376	113.1376	160.0
163.0		1.422021484375	-0.001123046875	0.954833984375	115.25893	115.25893	163.0
166.0		1.204052734375	9.27734375E-4	0.9568359375	117.38026	117.38026	166.0
169.0		0.879443359375	-4.39453125E-4	0.9556640625	119.50159000000001	119.50159000000001	169.0
172.0		0.5373046875	-8.7890625E-4	0.96259765625	121.62292000000001	121.62292000000001	172.0
175.0		0.31484375	-0.002099609375	0.96552734375	123.74425000000001	123.74425000000001	175.0
178.0		0.218505859375	-0.0017578125	0.977783203125	125.86558000000001	125.86558000000001	178.0
181.0		0.145703125	-6.8359375E-4	0.98837890625	127.98691000000001	127.98691000000001	181.0
184.0		0.079248046875	3.41796875E-4	0.9958984375	130.10824	130.10824	184.0
187.0		0.018701171875	-9.765625E-5	1.001123046875	132.22957	132.22957	187.0
190.0		-0.00595703125	-0.0025390625	0.987939453125	134.3509	134.3509	190.0
193.0		-0.00361328125	-7.8125E-4	0.97822265625	136.47223	136.47223	193.0
196.0		-0.0064453125	-0.00146484375	0.94443359375	138.59356	138.59356	196.0
199.0		-0.005126953125	-0.001220703125	0.922900390625	140.71489	140.71489	199.0
202.0		-0.006494140625	-7.32421875E-4	0.871875	142.83622	142.83622	202.0
205.0		-0.005029296875	-7.32421875E-4	0.807177734375	144.95755	144.95755	205.0
208.0		-0.00654296875	-0.00126953125	0.6970703125	147.07888	147.07888	208.0
211.0		-0.00244140625	-6.8359375E-4	0.49501953125	149.20021	149.20021	211.0
214.0		-0.00537109375	-0.001806640625	0.280322265625	151.32154	151.32154	214.0
217.0		-0.004736328125	-0.002099609375	0.119921875	153.44287	153.44287	217.0
220.0		-0.007421875	-0.003076171875	0.04990234375	155.5642	155.5642	220.0
223.0		-0.009423828125	-0.00400390625	0.0140625	157.68553	157.68553	223.0
226.0		-0.0080078125	-0.003271484375	0.00546875	159.80686	159.80686	226.0
229.0		-0.006396484375	-0.0029296875	0.004248046875	161.92819	161.92819	229.0
232.0		-0.00673828125	-0.003271484375	0.00244140625	164.04952	164.04952	232.0
235.0		-0.006591796875	-0.002587890625	0.002001953125	166.17085	166.17085	235.0
238.0		-0.007861328125	-0.0033203125	9.765625E-4	168.29218	168.29218	238.0
241.0		-0.00869140625	-0.003369140625	3.41796875E-4	170.41351	170.41351	241.0
244.0		-0.00791015625	-0.003955078125	3.41796875E-4	172.53484	172.53484	244.0
247.0		-0.007666015625	-0.00341796875	8.30078125E-4	174.65617	174.65617	247.0
250.0		-0.007958984375	-0.003515625	0.001123046875	176.7775	176.7775	250.0
253.0		-0.00849609375	-0.003759765625	-2.44140625E-4	178.89883	178.89883	253.0
256.0		-0.010009765625	-0.003857421875	-0.001416015625	181.02016	181.02016	256.0
259.0		-0.007763671875	-0.003564453125	8.30078125E-4	183.14149	183.14149	259.0
262.0		-0.00859375	-0.003564453125	-9.765625E-5	185.26282	185.26282	262.0
265.0		-0.0095703125	-0.004052734375	-0.001513671875	187.38415	187.38415	265.0
268.0		-0.008935546875	-0.003564453125	-3.90625E-4	189.50548	189.50548	268.0
271.0		-0.00859375	-0.00341796875	-1.953125E-4	191.62681	191.62681	271.0
274.0		-0.008837890625	-0.00390625	-2.9296875E-4	193.74814	193.74814	274.0
277.0		-0.0109375	-0.004443359375	-0.00302734375	195.86947	195.86947	277.0
280.0		-0.008740234375	-0.00361328125	-2.44140625E-4	197.9908	197.9908	280.0
283.0		-0.0099609375	-0.00419921875	-0.0015625	200.11213	200.11213	283.0
286.0		-0.0107421875	-0.00419921875	-0.00263671875	202.23346	202.23346	286.0
289.0		-0.00869140625	-0.0037109375	-2.9296875E-4	204.35479	204.35479	289.0
292.0		-0.01083984375	-0.003955078125	-0.002490234375	206.47612	206.47612	292.0

Position	X Fit	Y Fit	Z Fit
--------	-----	-----	-----
25.0		-0.01960613117052728	-0.0177876710298344	-0.01680979086489654	17.67775	17.67775	25.0
28.0		-0.019605701984681402	-0.016289796348755697	-0.01205881868002617	19.79908	19.79908	28.0
31.0		-0.019604808577237755	-0.013953667236847236	-0.006441245353583619	21.92041	21.92041	31.0
34.0		-0.01960298611019799	-0.010388037941508553	1.6136128319581278E-4	24.04174	24.04174	34.0
37.0		-0.01959934310622862	-0.005062960396367722	0.007875084564824213	26.16307	26.16307	37.0
40.0		-0.019592207481435	0.0027172086204248908	0.01683233186863555	28.2844	28.2844	40.0
43.0		-0.019578512614600866	0.013835475791033183	0.027170058799245576	30.405730000000002	30.405730000000002	43.0
46.0		-0.019552760290512693	0.02937251068833465	0.03902751653539483	32.52706	32.52706	46.0
49.0		-0.01950531585071813	0.05059828334029882	0.05254350772982531	34.64839	34.64839	49.0
52.0		-0.019419683111513764	0.07893725923238396	0.06785315315187479	36.76972	36.76972	52.0
55.0		-0.019268273688320247	0.11590012332316033	0.08508419108289433	38.89105	38.89105	55.0
58.0		-0.01900603622470321	0.16297741306106514	0.10435285385837159	41.01238	41.01238	58.0
61.0		-0.01856116693404917	0.22149472255167663	0.1257593902128456	43.13371	43.13371	61.0
64.0		-0.01782202213851084	0.29243517368362176	0.14938332731486414	45.25504	45.25504	64.0
67.0		-0.016619354902293205	0.3762420658045028	0.17527859146346458	47.37637	47.37637	67.0
70.0		-0.014703180507644149	0.47262196908972604	0.20346863006749938	49.4977	49.4977	70.0
73.0		-0.01171403240328088	0.5803745883430926	0.2339416983376525	51.61903	51.61903	73.0
76.0		-0.007149192716066632	0.6972789009477708	0.2666464906299063	53.74036	53.74036	76.0
79.0		-3.2573291057738304E-4	0.8200639442727468	0.30148830716056607	55.86169	55.86169	79.0
82.0		0.00965611980909474	0.944486331285048	0.33832595056044457	57.98302	57.98302	82.0
85.0		0.023943771706270062	1.0655251471455962	0.3769695423606313	60.104350000000004	60.104350000000004	85.0
88.0		0.04394960910664318	1.177689459282851	0.41717943622699993	62.225680000000004	62.225680000000004	88.0
91.0		0.0713455526284583	1.2754164497574336	0.45866638220433864	64.34701	64.34701	91.0
94.0		0.10802458991389234	1.3535220858112484	0.5010930644785403	66.46834	66.46834	94.0
97.0		0.1560196664576213	1.4076544106438957	0.5440770948135828	68.58967	68.58967	97.0
100.0		0.21737297679300882	1.4346946078035256	0.5871954959960409	70.711	70.711	100.0
103.0		0.29395376427773967	1.4330544907577407	0.629990655965596	72.83233	72.83233	103.0
106.0		0.3872301582158824	1.402830954520834	0.6719776759326604	74.95366	74.95366	106.0
109.0		0.4980097545647291	1.3457964976569212	0.7126529771714276	77.07499	77.07499	109.0
112.0		0.626173372001618	1.2652271041278547	0.7515039740799285	79.19632	79.19632	112.0
115.0		0.7704349444621972	1.1655907315195133	0.7880195683906859	81.31765	81.31765	115.0
118.0		0.9281658078806406	1.0521375986559092	0.8217011739288078	83.43898	83.43898	118.0
121.0		1.0953217695378286	0.9304444552140371	0.8520739456718298	85.56031	85.56031	121.0
124.0		1.2665049673701707	0.8059675288620344	0.8786978633138853	87.68164	87.68164	124.0
127.0		1.435179338899479	0.6836530311641095	0.9011783097941309	89.80297	89.80297	127.0
130.0		1.5940395917029075	0.5676416384075134	0.9191757903793605	91.9243	91.9243	130.0
133.0		1.7355113661356054	0.4610869829183273	0.9324144582121242	94.04563	94.04563	133.0
136.0		1.852338372738945	0.36609103355023376	0.9406891472754143	96.16696	96.16696	136.0
139.0		1.9381947162982796	0.28374418461062595	0.9438706622201921	98.28829	98.28829	139.0
142.0		1.9882510784915939	0.2142469923512642	0.9419091344515961	100.40962	100.40962	142.0
145.0		1.9996244090008746	0.1570848051291447	0.934835322633673	102.53095	102.53095	145.0
148.0		1.9716528956226305	0.11122595044240033	0.9227598102137156	104.65228	104.65228	148.0
151.0		1.9059597338422893	0.07531772421955257	0.9058701292257578	106.77361	106.77361	151.0
154.0		1.8062971488626922	0.04786071552439918	0.8844259149219884	108.89494	108.89494	154.0
157.0		1.6781915190063492	0.02734940392754153	0.8587522661924101	111.01627	111.01627	157.0
160.0		1.528436285266331	0.012374092441406609	0.8292315490363317	113.1376	113.1376	160.0
163.0		1.3644973223385481	0.0016850935716175887	0.7962939317719832	115.25893	115.25893	163.0
166.0		1.1939029075217993	-0.00577584568127181	0.7604069790491704	117.38026	117.38026	166.0
169.0		1.0236867513338468	-0.010869689405641517	0.7220646556196764	119.50159000000001	119.50159000000001	169.0
172.0		0.8599392205626397	-0.014272050068199421	0.6817760995584407	121.62292000000001	121.62292000000001	172.0
175.0		0.7075019852070356	-0.016495736728647008	0.6400545183485516	123.74425000000001	123.74425000000001	175.0
178.0		0.5698188049334607	-0.017918039175352323	0.5974065408380977	125.86558000000001	125.86558000000001	178.0
181.0		0.44893397337928004	-0.018808457798910373	0.554322325119977	127.98691000000001	127.98691000000001	181.0
184.0		0.34561321919422505	-0.019354130924401282	0.5112666790109412	130.10824	130.10824	184.0
187.0		0.2595515111107669	-0.0196815118769575	0.4686713985617748	132.22957	132.22957	187.0
190.0		0.18962869772725718	-0.01987382031399146	0.4269289737147709	134.3509	134.3509	190.0
193.0		0.13417644121826677	-0.01998443294109389	0.38638775171573475	136.47223	136.47223	193.0
196.0		0.09122682256703346	-0.020046735544638716	0.3473485909797422	138.59356	138.59356	196.0
199.0		0.058722271126925144	-0.020081101884394686	0.3100629833646926	140.71489	140.71489	199.0
202.0		0.034676150307948836	-0.020099667682470835	0.2747325734308527	142.83622	142.83622	202.0
205.0		0.01728187664917918	-0.020109491321911935	0.24150996101639238	144.95755	144.95755	205.0
208.0		0.004974911218866656	-0.02011458266838659	0.21050063959032136	147.07888	147.07888	208.0
211.0		-0.00354401084603714	-0.020117167399638283	0.1817658980775902	149.20021	149.20021	211.0
214.0		-0.009314313515167568	-0.020118452804575308	0.15532649838965684	151.32154	151.32154	214.0
217.0		-0.013139673569307835	-0.020119079020548474	0.131166934461719	153.44287	153.44287	217.0
220.0		-0.01562209466772374	-0.02011937789192242	0.10924008050459874	155.5642	155.5642	220.0
223.0		-0.01719923138016027	-0.020119517636719816	0.08947204540178233	157.68553	157.68553	223.0
226.0		-0.01818032013269714	-0.02011958165325301	0.07176706545702324	159.80686	159.80686	226.0
229.0		-0.01877796148949404	-0.02011961038531795	0.056012287617599334	161.92819	161.92819	229.0
232.0		-0.01913450255635778	-0.020119623020217796	0.042082318403881096	164.04952	164.04952	232.0
235.0		-0.019342833503524726	-0.0201196284642201	0.029843438641438423	166.17085	166.17085	235.0
238.0		-0.019462069729173546	-0.020119630762573597	0.01915740939633729	168.29218	168.29218	238.0
241.0		-0.01952892018758183	-0.02011963171334735	0.009884819097088535	170.41351	170.41351	241.0
244.0		-0.01956563750052977	-0.020119632098744535	0.0018879447271821573	172.53484	172.53484	244.0
247.0		-0.019585395079811427	-0.0201196322518249	-0.004966879548773534	174.65617	174.65617	247.0
250.0		-0.019595811455657867	-0.02011963231140731	-0.010807375415964247	176.7775	176.7775	250.0
253.0		-0.01960119218712143	-0.02011963233413273	-0.01575388986613476	178.89883	178.89883	253.0
256.0		-0.01960391568890354	-0.020119632342626648	-0.019918384842968755	181.02016	181.02016	256.0
259.0		-0.01960526649798903	-0.020119632345737742	-0.023403803067308042	183.14149	183.14149	259.0
262.0		-0.01960592303180764	-0.020119632346854436	-0.02630376127538071	185.26282	185.26282	262.0
265.0		-0.01960623573521567	-0.02011963234724724	-0.028702520033274087	187.38415	187.38415	265.0
268.0		-0.019606381695570874	-0.020119632347382645	-0.03067517951453557	189.50548	189.50548	268.0
271.0		-0.019606448464950885	-0.02011963234742839	-0.03228805271412502	191.62681	191.62681	271.0
274.0		-0.019606478399471664	-0.020119632347443538	-0.03359917108269192	193.74814	193.74814	274.0
277.0		-0.019606491552669345	-0.02011963234744845	-0.03465888207859548	195.86947	195.86947	277.0
280.0		-0.019606497217216634	-0.020119632347450015	-0.03551050326458883	197.9908	197.9908	280.0
283.0		-0.019606499608240582	-0.0201196323474505	-0.0361910029830272	200.11213	200.11213	283.0
286.0		-0.019606500597469687	-0.02011963234745065	-0.03673168304492622	202.23346	202.23346	286.0
289.0		-0.0196065009986253	-0.020119632347450695	-0.03715884404003093	204.35479	204.35479	289.0
292.0		-0.019606501158081026	-0.020119632347450706	-0.037494418650993684	206.47612	206.47612	292.0
RTBT_Diag:WS21

Name	X Fit	X RMS	Y Fit	Y RMS	Z Fit	Z RMS
-------	-----	-----	-----	-----	-----	-----
Area	77.28671339252604	68.31567408216145	76.0905519867995	67.45943603515626	72.37727210894799	67.80096498426107
Ampl	2.0387995024574916	1.94248046875	1.403271852127165	1.3468261718749999	0.9355803400187984	0.9190917968750001
Mean	97.80829957504162	96.91029635750401	102.07464651831324	98.98168231523681	98.64791819667431	116.12979354366871
Sigma	15.123084760606147	12.002315156993312	21.63211517469155	16.910099234769902	30.86250613581572	21.505906425548584
Offset	-0.00933344630229862	0.006103515625	-0.019079114127155693	-0.0048583984375	-0.02878334173549285	0.004296875
Slope	0.0	0.0	0.0	0.0	0.0	0.0

Position	X Raw	Y Raw	Z Raw
--------	-----	-----	-----
25.0		0.00615234375	-0.004736328125	0.004638671875	17.67775	17.67775	25.0
28.0		0.0060546875	-0.00498046875	0.003955078125	19.79908	19.79908	28.0
31.0		0.005712890625	-0.00498046875	0.004638671875	21.92041	21.92041	31.0
34.0		0.00595703125	-0.00419921875	0.004150390625	24.04174	24.04174	34.0
37.0		0.006396484375	-0.004541015625	0.004736328125	26.16307	26.16307	37.0
40.0		0.0064453125	-0.0046875	0.0046875	28.2844	28.2844	40.0
43.0		0.00625	-0.004443359375	0.00419921875	30.405730000000002	30.405730000000002	43.0
46.0		0.00595703125	-0.004345703125	0.004443359375	32.52706	32.52706	46.0
49.0		0.006298828125	-0.004833984375	0.004638671875	34.64839	34.64839	49.0
52.0		0.00634765625	-0.0037109375	0.004541015625	36.76972	36.76972	52.0
55.0		0.00595703125	-6.8359375E-4	0.004052734375	38.89105	38.89105	55.0
58.0		0.00673828125	0.025732421875	0.004296875	41.01238	41.01238	58.0
61.0		0.00673828125	0.094384765625	0.005078125	43.13371	43.13371	61.0
64.0		0.0064453125	0.194677734375	0.004248046875	45.25504	45.25504	64.0
67.0		0.00634765625	0.328662109375	0.0048828125	47.37637	47.37637	67.0
70.0		0.005908203125	0.4763671875	0.00400390625	49.4977	49.4977	70.0
73.0		0.006591796875	0.634228515625	0.0046875	51.61903	51.61903	73.0
76.0		0.006103515625	0.790234375	0.00419921875	53.74036	53.74036	76.0
79.0		0.005810546875	0.959521484375	0.00439453125	55.86169	55.86169	79.0
82.0		0.006005859375	1.09951171875	0.004638671875	57.98302	57.98302	82.0
85.0		0.00673828125	1.216943359375	0.005322265625	60.104350000000004	60.104350000000004	85.0
88.0		0.006494140625	1.273193359375	0.00537109375	62.225680000000004	62.225680000000004	88.0
91.0		0.00859375	1.301318359375	0.00732421875	64.34701	64.34701	91.0
94.0		0.024169921875	1.310986328125	0.009912109375	66.46834	66.46834	94.0
97.0		0.08984375	1.32001953125	0.01484375	68.58967	68.58967	97.0
100.0		0.19208984375	1.337109375	0.03037109375	70.711	70.711	100.0
103.0		0.330517578125	1.33486328125	0.05947265625	72.83233	72.83233	103.0
106.0		0.50615234375	1.328125	0.133740234375	74.95366	74.95366	106.0
109.0		0.729150390625	1.3091796875	0.245458984375	77.07499	77.07499	109.0
112.0		1.039892578125	1.272607421875	0.423046875	79.19632	79.19632	112.0
115.0		1.2845703125	1.155517578125	0.599462890625	81.31765	81.31765	115.0
118.0		1.49345703125	1.00400390625	0.733837890625	83.43898	83.43898	118.0
121.0		1.64248046875	0.863671875	0.8509765625	85.56031	85.56031	121.0
124.0		1.737646484375	0.70341796875	0.88671875	87.68164	87.68164	124.0
127.0		1.791162109375	0.53388671875	0.915771484375	89.80297	89.80297	127.0
130.0		1.859619140625	0.3650390625	0.943115234375	91.9243	91.9243	130.0
133.0		1.92001953125	0.22392578125	0.966552734375	94.04563	94.04563	133.0
136.0		1.9546875	0.102880859375	0.981103515625	96.16696	96.16696	136.0
139.0		1.96357421875	0.02490234375	0.9791015625	98.28829	98.28829	139.0
142.0		1.94609375	0.001171875	0.984765625	100.40962	100.40962	142.0
145.0		1.887353515625	-0.003515625	0.964111328125	102.53095	102.53095	145.0
148.0		1.824755859375	-0.00458984375	0.966650390625	104.65228	104.65228	148.0
151.0		1.741650390625	-0.0044921875	0.9521484375	106.77361	106.77361	151.0
154.0		1.626318359375	-0.004541015625	0.938134765625	108.89494	108.89494	154.0
157.0		1.469580078125	-0.004296875	0.9302734375	111.01627	111.01627	157.0
160.0		1.25146484375	-0.0048828125	0.92861328125	113.1376	113.1376	160.0
163.0		0.926904296875	-0.004736328125	0.927685546875	115.25893	115.25893	163.0
166.0		0.581884765625	-0.0044921875	0.92880859375	117.38026	117.38026	166.0
169.0		0.35458984375	-0.004443359375	0.93125	119.50159000000001	119.50159000000001	169.0
172.0		0.241357421875	-0.004345703125	0.933203125	121.62292000000001	121.62292000000001	172.0
175.0		0.173046875	-0.004248046875	0.9431640625	123.74425000000001	123.74425000000001	175.0
178.0		0.109423828125	-0.00458984375	0.944287109375	125.86558000000001	125.86558000000001	178.0
181.0		0.042041015625	-0.00439453125	0.95380859375	127.98691000000001	127.98691000000001	181.0
184.0		0.0125	-0.0041015625	0.96279296875	130.10824	130.10824	184.0
187.0		0.0080078125	-0.00478515625	0.96572265625	132.22957	132.22957	187.0
190.0		0.006640625	-0.004443359375	0.967724609375	134.3509	134.3509	190.0
193.0		0.00576171875	-0.0046875	0.963232421875	136.47223	136.47223	193.0
196.0		0.005810546875	-0.00458984375	0.94794921875	138.59356	138.59356	196.0
199.0		0.00595703125	-0.00439453125	0.928466796875	140.71489	140.71489	199.0
202.0		0.00595703125	-0.0044921875	0.89287109375	142.83622	142.83622	202.0
205.0		0.006201171875	-0.004296875	0.861767578125	144.95755	144.95755	205.0
208.0		0.005859375	-0.00419921875	0.80517578125	147.07888	147.07888	208.0
211.0		0.00732421875	-0.003955078125	0.72900390625	149.20021	149.20021	211.0
214.0		0.006396484375	-0.004345703125	0.59560546875	151.32154	151.32154	214.0
217.0		0.006640625	-0.00419921875	0.421142578125	153.44287	153.44287	217.0
220.0		0.00576171875	-0.004638671875	0.250341796875	155.5642	155.5642	220.0
223.0		0.005517578125	-0.004931640625	0.12177734375	157.68553	157.68553	223.0
226.0		0.005615234375	-0.00498046875	0.05400390625	159.80686	159.80686	226.0
229.0		0.006494140625	-0.00439453125	0.026611328125	161.92819	161.92819	229.0
232.0		0.006005859375	-0.00439453125	0.012158203125	164.04952	164.04952	232.0
235.0		0.00703125	-0.004541015625	0.00791015625	166.17085	166.17085	235.0
238.0		0.00576171875	-0.004248046875	0.005419921875	168.29218	168.29218	238.0
241.0		0.0060546875	-0.0044921875	0.00439453125	170.41351	170.41351	241.0
244.0		0.0060546875	-0.004443359375	0.004248046875	172.53484	172.53484	244.0
247.0		0.00673828125	-0.004052734375	0.0046875	174.65617	174.65617	247.0
250.0		0.006494140625	-0.004248046875	0.004736328125	176.7775	176.7775	250.0
253.0		0.00595703125	-0.004248046875	0.0044921875	178.89883	178.89883	253.0
256.0		0.005908203125	-0.00458984375	0.0046875	181.02016	181.02016	256.0
259.0		0.006982421875	-0.004443359375	0.00458984375	183.14149	183.14149	259.0
262.0		0.0060546875	-0.00419921875	0.004443359375	185.26282	185.26282	262.0
265.0		0.006201171875	-0.0044921875	0.004833984375	187.38415	187.38415	265.0
268.0		0.005615234375	-0.004541015625	0.004052734375	189.50548	189.50548	268.0
271.0		0.006201171875	-0.004345703125	0.005419921875	191.62681	191.62681	271.0
274.0		0.006298828125	-0.00458984375	0.00458984375	193.74814	193.74814	274.0
277.0		0.00625	-0.00498046875	0.00341796875	195.86947	195.86947	277.0
280.0		0.00625	-0.0048828125	0.0044921875	197.9908	197.9908	280.0
283.0		0.006591796875	-0.004296875	0.004833984375	200.11213	200.11213	283.0
286.0		0.005517578125	-0.005078125	0.003955078125	202.23346	202.23346	286.0
289.0		0.00615234375	-0.004833984375	0.004296875	204.35479	204.35479	289.0
292.0		0.00556640625	-0.004833984375	0.00400390625	206.47612	206.47612	292.0

Position	X Fit	Y Fit	Z Fit
--------	-----	-----	-----
25.0		-0.008945185529286965	-0.016233530110567274	0.0026331289674976915	17.67775	17.67775	25.0
28.0		-0.008943382340667806	-0.01470214958222531	0.00848551325059253	19.79908	19.79908	28.0
31.0		-0.008939773424579809	-0.01233990308436304	0.015275323745463126	21.92041	21.92041	31.0
34.0		-0.00893269612324651	-0.008771371455432993	0.023109766266956624	24.04174	24.04174	34.0
37.0		-0.008919097501385214	-0.0034928696681731323	0.0320998922251295	26.16307	26.16307	37.0
40.0		-0.008893497631432944	0.004151013915407918	0.04235902559641064	28.2844	28.2844	40.0
43.0		-0.008846283313225916	0.014985651631946883	0.05400084811529922	30.405730000000002	30.405730000000002	43.0
46.0		-0.00876097760217289	0.030014071595309447	0.06713714069977642	32.52706	32.52706	46.0
49.0		-0.008609996071697691	0.05040780380531337	0.08187519103933431	34.64839	34.64839	49.0
52.0		-0.008348249471610756	0.07747423850925235	0.09831489083312904	36.76972	36.76972	52.0
55.0		-0.00790380567317095	0.11259458670812976	0.11654556102548234	38.89105	38.89105	55.0
58.0		-0.007164720085804528	0.15712864892856687	0.13664255908234219	41.01238	41.01238	58.0
61.0		-0.005961142447022644	0.2122862656805447	0.15866373830401978	43.13371	43.13371	61.0
64.0		-0.004041989147244033	0.2789704278182517	0.18264584469212541	45.25504	45.25504	64.0
67.0		-0.00104592852137389	0.3576030942003515	0.20860095121674138	47.37637	47.37637	67.0
70.0		0.0035327450112673728	0.44795094507033967	0.23651304164755074	49.4977	49.4977	70.0
73.0		0.010381508149066108	0.54897343190433	0.26633486559109926	51.61903	51.61903	73.0
76.0		0.02040673724675372	0.6587182737472034	0.2979851922178082	53.74036	53.74036	76.0
79.0		0.03476499720616406	0.7742888297888627	0.3313465916477203	55.86169	55.86169	79.0
82.0		0.054880806701714586	0.8919028129095522	0.36626386950214956	57.98302	57.98302	82.0
85.0		0.08244141027937713	1.0070525695595998	0.40254327130392614	60.104350000000004	60.104350000000004	85.0
88.0		0.11935818228315709	1.1147644783014272	0.43995255902469227	62.225680000000004	62.225680000000004	88.0
91.0		0.16768488833767592	1.209940610325433	0.47822204218975867	64.34701	64.34701	91.0
94.0		0.22948571418075442	1.2877519817585532	0.5170466208919586	66.46834	66.46834	94.0
97.0		0.3066510971453217	1.3440420624328302	0.5560888684544542	68.58967	68.58967	97.0
100.0		0.4006669165841719	1.3756939381230302	0.5949831482170149	70.711	70.711	100.0
103.0		0.5123519120826109	1.3809160799719404	0.6333407231557155	72.83233	72.83233	103.0
106.0		0.6415880757060849	1.359410280058942	0.6707557801531422	74.95366	74.95366	106.0
109.0		0.7870774341872038	1.3123998530208676	0.7068122542455488	77.07499	77.07499	109.0
112.0		0.9461640272092002	1.2425143934745886	0.7410913037052911	79.19632	79.19632	112.0
115.0		1.1147600308992267	1.1535461924707997	0.7731792560012667	81.31765	81.31765	115.0
118.0		1.2874085006182627	1.0501097007650075	0.802675819070704	83.43898	83.43898	118.0
121.0		1.457501813217483	0.9372465440737942	0.8292023333229853	85.56031	85.56031	121.0
124.0		1.617655661794147	0.8200229405368973	0.8524098285253665	87.68164	87.68164	124.0
127.0		1.7602159070025158	0.7031636474849727	0.8719866470185992	89.80297	89.80297	127.0
130.0		1.8778533487627658	0.5907577660153773	0.8876654010293674	91.9243	91.9243	130.0
133.0		1.9641836665578414	0.48605884402123495	0.8992290472240263	94.04563	94.04563	133.0
136.0		2.0143401391058746	0.3913872408835012	0.9065158856923317	96.16696	96.16696	136.0
139.0		2.0254278175660323	0.30812912505390133	0.9094233224464898	98.28829	98.28829	139.0
142.0		1.9968002131628726	0.23681575143895695	0.9079102730656887	100.40962	100.40962	142.0
145.0		1.9301217148212788	0.17725999574521425	0.9019981287699189	102.53095	102.53095	145.0
148.0		1.829207354382174	0.12872480562858074	0.8917702531697301	104.65228	104.65228	148.0
151.0		1.6996613770048952	0.09009977449614955	0.8773700262411743	106.77361	106.77361	151.0
154.0		1.5483622436410145	0.06006641816208877	0.8589974996791818	108.89494	108.89494	154.0
157.0		1.382859844771526	0.037238657916433354	0.8369047726856064	111.01627	111.01627	157.0
160.0		1.2107581324755927	0.020271247166373057	0.8113902375865194	113.1376	113.1376	160.0
163.0		1.0391524954517097	0.007934436191947485	0.782791878816567	115.25893	115.25893	163.0
166.0		0.8741775349202999	-8.425721133208941E-4	0.7514798354392876	117.38026	117.38026	166.0
169.0		0.7207006162962105	-0.006954109667523611	0.7178484555492991	119.50159000000001	119.50159000000001	169.0
172.0		0.5821736973873476	-0.011119972219640607	0.6823080800978117	121.62292000000001	121.62292000000001	172.0
175.0		0.46063446493076254	-0.013900251081581879	0.6452767937998348	123.74425000000001	123.74425000000001	175.0
178.0		0.35683094223721684	-0.015717312237634257	0.6071723721438942	125.86558000000001	125.86558000000001	178.0
181.0		0.27043335744805447	-0.01688039101391137	0.5684046368471314	127.98691000000001	127.98691000000001	181.0
184.0		0.20029363160788638	-0.0176096148081673	0.5293684084321703	130.10824	130.10824	184.0
187.0		0.1447155316839882	-0.018057505929031922	0.4904372152686978	132.22957	132.22957	187.0
190.0		0.10170563778245087	-0.018327023282458423	0.4519578849337354	134.3509	134.3509	190.0
193.0		0.06918472458728434	-0.018485929917264665	0.4142461077154211	136.47223	136.47223	193.0
196.0		0.04514897406175555	-0.018577736305603512	0.3775830251481698	138.59356	138.59356	196.0
199.0		0.02777906900578836	-0.018629713231776195	0.3422128601893078	140.71489	140.71489	199.0
202.0		0.015501714532585666	-0.018658552447082435	0.3083415714567279	142.83622	142.83622	202.0
205.0		0.007012155027059021	-0.018674235016807206	0.2761364830719784	144.95755	144.95755	205.0
208.0		0.0012679530311918707	-0.018682593654137304	0.24572681507622088	147.07888	147.07888	208.0
211.0		-0.002535848252381738	-0.01868696041822279	0.2172050178162065	149.20021	149.20021	211.0
214.0		-0.005001427994216485	-0.018689196613438833	0.1906287975564494	151.32154	151.32154	214.0
217.0		-0.006565996800167491	-0.018690319157997785	0.16602371000357613	153.44287	153.44287	217.0
220.0		-0.007538069875631369	-0.018690871563614143	0.14338619330896005	155.5642	155.5642	220.0
223.0		-0.008129468162175897	-0.018691138058361933	0.12268691209538231	157.68553	157.68553	223.0
226.0		-0.008481823814654729	-0.018691264098710192	0.10387428859196988	159.80686	159.80686	226.0
229.0		-0.008687432358581298	-0.01869132254193412	0.08687810537507795	161.92819	161.92819	229.0
232.0		-0.008804947725643072	-0.01869134911090192	0.07161307572289956	164.04952	164.04952	232.0
235.0		-0.008870739751262626	-0.018691360953380504	0.05798229137443278	166.17085	166.17085	235.0
238.0		-0.008906822990147166	-0.018691366128836553	0.0458804727146096	168.29218	168.29218	238.0
241.0		-0.008926210293840766	-0.0186913683465361	0.03519696230189462	170.41351	170.41351	241.0
244.0		-0.008936415755640054	-0.01869136927831781	0.025818418499709856	172.53484	172.53484	244.0
247.0		-0.008941679235192955	-0.018691369662194535	0.01763118115285631	174.65617	174.65617	247.0
250.0		-0.008944339091245892	-0.018691369817270213	0.010523295262331925	176.7775	176.7775	250.0
253.0		-0.008945656154163237	-0.0186913698786998	0.004386191075915643	178.89883	178.89883	253.0
256.0		-0.0089462952043218	-0.018691369902561466	-8.839703306542449E-4	181.02016	181.02016	256.0
259.0		-0.00894659905412561	-0.018691369911650546	-0.00538526819767857	183.14149	183.14149	259.0
262.0		-0.008946740631205912	-0.01869136991504556	-0.009209285440865168	185.26282	185.26282	262.0
265.0		-0.008946805278486642	-0.018691369916289134	-0.012440634919199578	187.38415	187.38415	265.0
268.0		-0.00894683420814338	-0.018691369916735832	-0.01515671630665166	189.50548	189.50548	268.0
271.0		-0.008946846895861938	-0.01869136991689319	-0.017427669879445766	191.62681	191.62681	271.0
274.0		-0.008946852349443007	-0.01869136991694755	-0.01931649353838122	193.74814	193.74814	274.0
277.0		-0.008946854646903337	-0.01869136991696596	-0.020879290541128283	195.86947	195.86947	277.0
280.0		-0.008946855595521979	-0.01869136991697208	-0.0221656174730771	197.9908	197.9908	280.0
283.0		-0.008946855979424935	-0.018691369916974076	-0.02321890469462077	200.11213	200.11213	283.0
286.0		-0.008946856131705911	-0.01869136991697471	-0.02407692464211658	202.23346	202.23346	286.0
289.0		-0.008946856190912763	-0.018691369916974912	-0.02477228672789556	204.35479	204.35479	289.0
292.0		-0.008946856213476325	-0.01869136991697497	-0.025332941009311855	206.47612	206.47612	292.0
RTBT_Diag:WS20

Name	X Fit	X RMS	Y Fit	Y RMS	Z Fit	Z RMS
-------	-----	-----	-----	-----	-----	-----
Area	82.98568621549042	70.15654013339845	72.52553543873687	69.64061686197917	73.55525534839754	65.86980717784017
Ampl	1.428910735882882	1.3384765625000001	1.6765829002331127	1.6610351562499999	1.447316522371439	1.35400390625
Mean	89.79260691777068	89.63747241406344	102.10674022933146	102.0140196149806	137.39357995723284	126.77874282393846
Sigma	23.16904623088996	18.197162095811773	17.257424307048392	15.91656383493438	20.27497154258872	14.16343265384507
Offset	-0.05117404080670637	-8.789062499999999E-4	-0.0033186162122885565	0.003564453125	0.02165191742911921	-6.103515625E-4
Slope	0.0	0.0	0.0	0.0	0.0	0.0

Position	X Raw	Y Raw	Z Raw
--------	-----	-----	-----
25.0		-0.001171875	0.003564453125	-7.8125E-4	17.67775	17.67775	25.0
28.0		-5.859375E-4	0.003564453125	-4.39453125E-4	19.79908	19.79908	28.0
31.0		-0.001318359375	0.003173828125	-9.27734375E-4	21.92041	21.92041	31.0
34.0		-0.001123046875	0.003564453125	-8.30078125E-4	24.04174	24.04174	34.0
37.0		-7.8125E-4	0.003564453125	-0.001171875	26.16307	26.16307	37.0
40.0		-9.765625E-4	0.00341796875	-0.001220703125	28.2844	28.2844	40.0
43.0		-0.001318359375	0.003515625	-0.001220703125	30.405730000000002	30.405730000000002	43.0
46.0		-0.001025390625	0.00361328125	-0.001025390625	32.52706	32.52706	46.0
49.0		-0.001123046875	0.003955078125	-0.001025390625	34.64839	34.64839	49.0
52.0		-7.8125E-4	0.003955078125	-8.7890625E-4	36.76972	36.76972	52.0
55.0		-3.90625E-4	0.003515625	-0.00166015625	38.89105	38.89105	55.0
58.0		0.00380859375	0.00947265625	-9.765625E-4	41.01238	41.01238	58.0
61.0		0.018896484375	0.046484375	-0.001171875	43.13371	43.13371	61.0
64.0		0.04423828125	0.101171875	-9.765625E-4	45.25504	45.25504	64.0
67.0		0.07626953125	0.172705078125	-3.41796875E-4	47.37637	47.37637	67.0
70.0		0.111181640625	0.281689453125	-6.34765625E-4	49.4977	49.4977	70.0
73.0		0.151953125	0.419921875	-6.34765625E-4	51.61903	51.61903	73.0
76.0		0.223876953125	0.555078125	-0.001025390625	53.74036	53.74036	76.0
79.0		0.295654296875	0.712255859375	-4.8828125E-4	55.86169	55.86169	79.0
82.0		0.4125	0.8677734375	-3.41796875E-4	57.98302	57.98302	82.0
85.0		0.5357421875	1.02939453125	-4.8828125E-5	60.104350000000004	60.104350000000004	85.0
88.0		0.6662109375	1.190380859375	-1.46484375E-4	62.225680000000004	62.225680000000004	88.0
91.0		0.788525390625	1.3376953125	-4.8828125E-5	64.34701	64.34701	91.0
94.0		0.90390625	1.482958984375	-4.8828125E-5	66.46834	66.46834	94.0
97.0		0.97890625	1.609326171875	0.00107421875	68.58967	68.58967	97.0
100.0		1.04765625	1.67109375	-9.765625E-5	70.711	70.711	100.0
103.0		1.0935546875	1.6681640625	1.953125E-4	72.83233	72.83233	103.0
106.0		1.150439453125	1.612939453125	6.8359375E-4	74.95366	74.95366	106.0
109.0		1.196630859375	1.519287109375	6.8359375E-4	77.07499	77.07499	109.0
112.0		1.2255859375	1.39296875	3.90625E-4	79.19632	79.19632	112.0
115.0		1.264306640625	1.25283203125	3.90625E-4	81.31765	81.31765	115.0
118.0		1.29248046875	1.106494140625	6.34765625E-4	83.43898	83.43898	118.0
121.0		1.309423828125	0.9580078125	0.001171875	85.56031	85.56031	121.0
124.0		1.328076171875	0.804345703125	8.7890625E-4	87.68164	87.68164	124.0
127.0		1.33671875	0.638916015625	7.32421875E-4	89.80297	89.80297	127.0
130.0		1.328173828125	0.478271484375	0.001220703125	91.9243	91.9243	130.0
133.0		1.3166015625	0.32744140625	0.006591796875	94.04563	94.04563	133.0
136.0		1.2958984375	0.200146484375	0.025634765625	96.16696	96.16696	136.0
139.0		1.260595703125	0.087109375	0.08720703125	98.28829	98.28829	139.0
142.0		1.235693359375	0.035009765625	0.280859375	100.40962	100.40962	142.0
145.0		1.190087890625	0.01025390625	0.647998046875	102.53095	102.53095	145.0
148.0		1.155126953125	0.004443359375	1.010107421875	104.65228	104.65228	148.0
151.0		1.10869140625	0.00400390625	1.225341796875	106.77361	106.77361	151.0
154.0		1.05439453125	0.003173828125	1.331640625	108.89494	108.89494	154.0
157.0		0.98125	0.00390625	1.382470703125	111.01627	111.01627	157.0
160.0		0.896875	0.00341796875	1.41416015625	113.1376	113.1376	160.0
163.0		0.777880859375	0.003564453125	1.424560546875	115.25893	115.25893	163.0
166.0		0.640869140625	0.00458984375	1.399267578125	117.38026	117.38026	166.0
169.0		0.479052734375	0.004150390625	1.384228515625	119.50159000000001	119.50159000000001	169.0
172.0		0.3490234375	0.00390625	1.371142578125	121.62292000000001	121.62292000000001	172.0
175.0		0.243310546875	0.00390625	1.354736328125	123.74425000000001	123.74425000000001	175.0
178.0		0.190380859375	0.0037109375	1.352783203125	125.86558000000001	125.86558000000001	178.0
181.0		0.145654296875	0.0037109375	1.367138671875	127.98691000000001	127.98691000000001	181.0
184.0		0.114404296875	0.004638671875	1.37265625	130.10824	130.10824	184.0
187.0		0.083056640625	0.004150390625	1.387109375	132.22957	132.22957	187.0
190.0		0.056591796875	0.005078125	1.407861328125	134.3509	134.3509	190.0
193.0		0.029443359375	0.00498046875	1.433837890625	136.47223	136.47223	193.0
196.0		0.008056640625	0.005126953125	1.450390625	138.59356	138.59356	196.0
199.0		0.001220703125	0.004541015625	1.43232421875	140.71489	140.71489	199.0
202.0		7.8125E-4	0.00517578125	1.385107421875	142.83622	142.83622	202.0
205.0		3.90625E-4	0.00517578125	1.32685546875	144.95755	144.95755	205.0
208.0		3.41796875E-4	0.005078125	1.217138671875	147.07888	147.07888	208.0
211.0		6.8359375E-4	0.00556640625	1.0140625	149.20021	149.20021	211.0
214.0		-8.30078125E-4	0.00400390625	0.585107421875	151.32154	151.32154	214.0
217.0		-8.30078125E-4	0.0041015625	0.210009765625	153.44287	153.44287	217.0
220.0		-8.30078125E-4	0.003564453125	0.063818359375	155.5642	155.5642	220.0
223.0		-0.001171875	0.003564453125	0.013330078125	157.68553	157.68553	223.0
226.0		-0.001318359375	0.003515625	0.001708984375	159.80686	159.80686	226.0
229.0		-7.8125E-4	0.003759765625	-7.8125E-4	161.92819	161.92819	229.0
232.0		-0.001318359375	0.003515625	-0.001171875	164.04952	164.04952	232.0
235.0		-0.00107421875	0.003955078125	-9.765625E-4	166.17085	166.17085	235.0
238.0		-0.001123046875	0.0037109375	-4.39453125E-4	168.29218	168.29218	238.0
241.0		-0.00107421875	0.0041015625	-8.7890625E-4	170.41351	170.41351	241.0
244.0		-7.32421875E-4	0.00400390625	-6.8359375E-4	172.53484	172.53484	244.0
247.0		-0.001123046875	0.003662109375	-6.8359375E-4	174.65617	174.65617	247.0
250.0		-9.765625E-4	0.004150390625	-8.30078125E-4	176.7775	176.7775	250.0
253.0		-0.001416015625	0.003759765625	-8.30078125E-4	178.89883	178.89883	253.0
256.0		-8.7890625E-4	0.00390625	-0.00107421875	181.02016	181.02016	256.0
259.0		-0.00107421875	0.003857421875	-6.8359375E-4	183.14149	183.14149	259.0
262.0		-0.001171875	0.00341796875	-7.8125E-4	185.26282	185.26282	262.0
265.0		-0.001123046875	0.003466796875	-7.8125E-4	187.38415	187.38415	265.0
268.0		-0.001416015625	0.003662109375	-0.00126953125	189.50548	189.50548	268.0
271.0		-0.0013671875	0.00380859375	-9.27734375E-4	191.62681	191.62681	271.0
274.0		-0.001318359375	0.003662109375	-0.00107421875	193.74814	193.74814	274.0
277.0		-0.001318359375	0.00390625	-9.765625E-4	195.86947	195.86947	277.0
280.0		-0.0015625	0.00390625	-0.001513671875	197.9908	197.9908	280.0
283.0		-0.001513671875	0.00322265625	-0.00126953125	200.11213	200.11213	283.0
286.0		-8.7890625E-4	0.00419921875	-9.765625E-4	202.23346	202.23346	286.0
289.0		-0.001513671875	0.00390625	-0.001123046875	204.35479	204.35479	289.0
292.0		-0.0015625	0.00361328125	-0.0015625	206.47612	206.47612	292.0

Position	X Fit	Y Fit	Z Fit
--------	-----	-----	-----
25.0		-0.039626503240994995	-0.0032410905409622254	0.021147347766166787	17.67775	17.67775	25.0
28.0		-0.035971536068001894	-0.0031525786281850487	0.021147380221210398	19.79908	19.79908	28.0
31.0		-0.031297444050666395	-0.002973597210461243	0.02114743867688736	21.92041	21.92041	31.0
34.0		-0.025375512659239284	-0.0026230229576277965	0.021147542783484644	24.04174	24.04174	34.0
37.0		-0.01794266444093228	-0.001957975541852985	0.02114772611262052	26.16307	26.16307	37.0
40.0		-0.008701137746313932	-7.36312775757694E-4	0.021148045325736314	28.2844	28.2844	40.0
43.0		0.0026802837502193783	0.0014363434495671826	0.02114859489184465	30.405730000000002	30.405730000000002	43.0
46.0		0.016563111166459275	0.005176359461649809	0.02114953038962193	32.52706	32.52706	46.0
49.0		0.03333370003789204	0.011406311821304986	0.021151104888728987	34.64839	34.64839	49.0
52.0		0.053395201226049786	0.021445336212324133	0.021153724951744172	36.76972	36.76972	52.0
55.0		0.07715669373559803	0.037088930145845904	0.02115803560488274	38.89105	38.89105	55.0
58.0		0.10501940812426547	0.06065202994490407	0.02116504738541795	41.01238	41.01238	58.0
61.0		0.13736011564891434	0.09494092541758746	0.02117632348180239	43.13371	43.13371	61.0
64.0		0.17451195860055735	0.1431162413207608	0.021194251208475623	45.25504	45.25504	64.0
67.0		0.21674322270135898	0.20841506241127633	0.02122242970084139	47.37637	47.37637	67.0
70.0		0.2642347899524988	0.293718798020748	0.02126621474414801	49.4977	49.4977	70.0
73.0		0.3170572430051001	0.4009854480209374	0.02133347181630081	51.61903	51.61903	73.0
76.0		0.3751488000036207	0.5306070488325607	0.021435599169710568	53.74036	53.74036	76.0
79.0		0.43829542027988305	0.6807965622947983	0.021588893120596246	55.86169	55.86169	79.0
82.0		0.5061145147717189	0.8471404083700288	0.0218163361481868	57.98302	57.98302	82.0
85.0		0.5780437014248929	1.0224591949208213	0.02214989281434907	60.104350000000004	60.104350000000004	85.0
88.0		0.6533359505176519	1.1970895625875422	0.022633396140148473	62.225680000000004	62.225680000000004	88.0
91.0		0.731062259984245	1.359632657373159	0.02332609458009146	64.34701	64.34701	91.0
94.0		0.8101226871091591	1.498119554344176	0.024306903374279584	66.46834	66.46834	94.0
97.0		0.8892661508085254	1.601442209644265	0.02567936002601992	68.58967	68.58967	97.0
100.0		0.9671189284715157	1.6608177621967546	0.027577218597334932	70.711	70.711	100.0
103.0		1.0422212326082876	1.671019845178518	0.030170529250146648	72.83233	72.83233	103.0
106.0		1.1130707024102175	1.6311377513976526	0.03367193782197151	74.95366	74.95366	106.0
109.0		1.1781711255502703	1.5447105825697152	0.038342808008514626	77.07499	77.07499	109.0
112.0		1.2360842591062156	1.419208990545402	0.04449862258647076	79.19632	79.19632	112.0
115.0		1.2854822855787171	1.264969717334856	0.052512971246933014	81.31765	81.31765	115.0
118.0		1.3251982540322087	1.0937935484399992	0.06281929703801384	83.43898	83.43898	118.0
121.0		1.3542718404711327	0.9174697047270116	0.07590947161157328	85.56031	85.56031	121.0
124.0		1.3719879255946885	0.7464794441343601	0.09232822520584749	87.68164	87.68164	124.0
127.0		1.3779058272278384	0.5890670777444375	0.11266249554829394	89.80297	89.80297	127.0
130.0		1.371877519265506	0.45076993235900603	0.13752490379545984	91.9243	91.9243	130.0
133.0		1.3540537855502102	0.3343978813030401	0.16753083282834075	94.04563	94.04563	133.0
136.0		1.3248779515084372	0.2403725251400815	0.20326898154730408	96.16696	96.16696	136.0
139.0		1.2850675573559498	0.16729078011061965	0.24526579236583754	98.28829	98.28829	139.0
142.0		1.2355850305941827	0.11257029677966575	0.29394477505582084	100.40962	100.40962	142.0
145.0		1.1775990311616609	0.07305732426708109	0.3495824370617367	102.53095	102.53095	145.0
148.0		1.1124386358381277	0.04551816043458172	0.41226321907137725	104.65228	104.65228	148.0
151.0		1.041542866099891	0.026979327260419662	0.4818364511629208	106.77361	106.77361	151.0
154.0		0.966408225987697	0.014918453115664828	0.5578788071429327	108.89494	108.89494	154.0
157.0		0.8885368989909848	0.007331949737333494	0.6396659612789495	111.01627	111.01627	157.0
160.0		0.8093880655229088	0.002716227974180878	0.7261570723841924	113.1376	113.1376	160.0
163.0		0.7303344684315531	-9.310085187443258E-7	0.8159952876052268	115.25893	115.25893	163.0
166.0		0.652625906676639	-0.0015489961671742388	0.9075266575972545	117.38026	117.38026	166.0
169.0		0.577360817043664	-0.0024028162507158985	0.9988387116179721	119.50159000000001	119.50159000000001	169.0
172.0		0.5054665535454121	-0.002858786583122527	1.0878185243482932	121.62292000000001	121.62292000000001	172.0
175.0		0.4376884357231322	-0.0030946053792508988	1.172228525787076	123.74425000000001	123.74425000000001	175.0
178.0		0.37458714741666294	-0.0032127355060893844	1.2497967037291273	125.86558000000001	125.86558000000001	178.0
181.0		0.3165436562509942	-0.0032700604947616127	1.3183163861439664	127.98691000000001	127.98691000000001	181.0
184.0		0.2637705113579891	-0.003297011939018998	1.3757496299312042	130.10824	130.10824	184.0
187.0		0.21632817301457452	-0.003309289798362201	1.4203275255201462	132.22957	132.22957	187.0
190.0		0.17414493354924382	-0.0033147099135827965	1.4506405577526635	134.3509	134.3509	190.0
193.0		0.13703899613591738	-0.0033170287919082417	1.465712592750361	136.47223	136.47223	193.0
196.0		0.10474137231246167	-0.003317990327794121	1.4650530751033537	138.59356	138.59356	196.0
199.0		0.076918421020499	-0.003318376785813281	1.4486835420165545	140.71489	140.71489	199.0
202.0		0.05319306016807055	-0.0033185273482819384	1.4171364553648378	142.83622	142.83622	202.0
205.0		0.03316391453262966	-0.003318584211892939	1.371426440007407	144.95755	144.95755	205.0
208.0		0.016421901297798795	-0.0033186050318061294	1.3129960955487971	147.07888	147.07888	208.0
211.0		0.0025639797582263854	-0.003318612422268764	1.2436404183743754	149.20021	149.20021	211.0
214.0		-0.008796008243665436	-0.0033186149657717127	1.16541535518935	151.32154	151.32154	214.0
217.0		-0.018019314467049054	-0.0033186158145198956	1.080536977179328	153.44287	153.44287	217.0
220.0		-0.0254368566326726	-0.0033186160891373376	0.9912781428354002	155.5642	155.5642	220.0
223.0		-0.03134607812209145	-0.0033186161752952964	0.8998692999828127	157.68553	157.68553	223.0
226.0		-0.036009734568458296	-0.0033186162015069807	0.8084093188801229	159.80686	159.80686	226.0
229.0		-0.03965622772332184	-0.003318616209239836	0.7187910564213401	161.92819	161.92819	229.0
232.0		-0.042481114322526596	-0.0033186162114521283	0.6326448713248911	164.04952	164.04952	232.0
235.0		-0.0446494450074447	-0.0033186162120659103	0.5513017041290712	166.17085	166.17085	235.0
238.0		-0.04629862922265392	-0.003318616212231055	0.4757757639428811	168.29218	168.29218	238.0
241.0		-0.047541570497479604	-0.003318616212274148	0.40676546633231936	170.41351	170.41351	241.0
244.0		-0.04846986760489506	-0.0033186162122850536	0.344670150110551	172.53484	172.53484	244.0
247.0		-0.049156926822038635	-0.0033186162122877303	0.289619330459461	174.65617	174.65617	247.0
250.0		-0.049660876045471	-0.0033186162122883674	0.2415108437641551	176.7775	176.7775	250.0
253.0		-0.05002721103952132	-0.0033186162122885144	0.20005418801866964	178.89883	178.89883	253.0
256.0		-0.05029113672472294	-0.0033186162122885473	0.16481561183207744	181.02016	181.02016	256.0
259.0		-0.05047959198450488	-0.0033186162122885547	0.13526198342059606	183.14149	183.14149	259.0
262.0		-0.050612965362813185	-0.003318616212288556	0.1108010966010762	185.26282	185.26282	262.0
265.0		-0.050706521983082974	-0.0033186162122885565	0.09081676198581404	187.38415	187.38415	265.0
268.0		-0.0507715699783293	-0.0033186162122885565	0.07469771548707964	189.50548	189.50548	268.0
271.0		-0.05081639868955973	-0.0033186162122885565	0.06185999497216746	191.62681	191.62681	271.0
274.0		-0.05084702184260863	-0.0033186162122885565	0.05176294963836113	193.74814	193.74814	274.0
277.0		-0.05086775773479374	-0.0033186162122885565	0.04391943407234298	195.86947	195.86947	277.0
280.0		-0.05088167590367403	-0.0033186162122885565	0.037900995411447286	197.9908	197.9908	280.0
283.0		-0.05089093641531758	-0.0033186162122885565	0.033338996361512364	200.11213	200.11213	283.0
286.0		-0.05089704425903312	-0.0033186162122885565	0.02992264725907831	202.23346	202.23346	286.0
289.0		-0.0509010376982795	-0.0033186162122885565	0.027394870345123463	204.35479	204.35479	289.0
292.0		-0.050903626020342096	-0.0033186162122885565	0.025546813921264788	206.47612	206.47612	292.0

PVLoggerID = 48843605