start time: Mon Feb 08 18:43:08 EST 2021

RTBT_Diag:WS24

Name	X Fit	X RMS	Y Fit	Y RMS	Z Fit	Z RMS
-------	-----	-----	-----	-----	-----	-----
Area	162.2845680631432	132.6808406045573	157.94121885409555	143.01071614583336	156.30665688777242	138.6055776474935
Ampl	2.3005450195773696	2.0184570312500005	2.839390964629989	2.77666015625	2.9796024743751652	2.6920898437500003
Mean	104.83818688836912	103.91695735168327	102.2067232084938	101.70027024398941	121.44263581005224	112.90562631625698
Sigma	28.14210333035151	21.999754530796814	22.191177898336946	19.043608576523333	20.92807167298679	16.297502168025247
Offset	-0.08887778550753385	0.024609375000000003	-0.003758964846231565	0.02119140625	0.09936925103353199	0.01572265625
Slope	0.0	0.0	0.0	0.0	0.0	0.0

Position	X Raw	Y Raw	Z Raw
--------	-----	-----	-----
25.0		0.022265625	0.0185546875	0.0140625	17.67775	17.67775	25.0
28.0		0.026953125	0.023828125	0.0173828125	19.79908	19.79908	28.0
31.0		0.02548828125	0.023046875	0.01650390625	21.92041	21.92041	31.0
34.0		0.02265625	0.02001953125	0.01494140625	24.04174	24.04174	34.0
37.0		0.0287109375	0.02724609375	0.01884765625	26.16307	26.16307	37.0
40.0		0.0341796875	0.03388671875	0.02265625	28.2844	28.2844	40.0
43.0		0.032421875	0.03271484375	0.022265625	30.405730000000002	30.405730000000002	43.0
46.0		0.02421875	0.0232421875	0.015625	32.52706	32.52706	46.0
49.0		0.033984375	0.03681640625	0.023828125	34.64839	34.64839	49.0
52.0		0.03984375	0.0501953125	0.02685546875	36.76972	36.76972	52.0
55.0		0.03701171875	0.07373046875	0.02568359375	38.89105	38.89105	55.0
58.0		0.041796875	0.1525390625	0.02802734375	41.01238	41.01238	58.0
61.0		0.046875	0.30341796875	0.0314453125	43.13371	43.13371	61.0
64.0		0.04404296875	0.52041015625	0.029296875	45.25504	45.25504	64.0
67.0		0.05322265625	0.744921875	0.0337890625	47.37637	47.37637	67.0
70.0		0.05341796875	0.97822265625	0.02880859375	49.4977	49.4977	70.0
73.0		0.0806640625	1.24013671875	0.0349609375	51.61903	51.61903	73.0
76.0		0.1244140625	1.47685546875	0.040234375	53.74036	53.74036	76.0
79.0		0.17001953125	1.69453125	0.03837890625	55.86169	55.86169	79.0
82.0		0.24501953125	1.9236328125	0.04453125	57.98302	57.98302	82.0
85.0		0.322265625	2.0943359375	0.04296875	60.104350000000004	60.104350000000004	85.0
88.0		0.4158203125	2.3005859375	0.05009765625	62.225680000000004	62.225680000000004	88.0
91.0		0.5359375	2.462109375	0.04599609375	64.34701	64.34701	91.0
94.0		0.6865234375	2.61962890625	0.05146484375	66.46834	66.46834	94.0
97.0		0.84365234375	2.73056640625	0.05029296875	68.58967	68.58967	97.0
100.0		1.052734375	2.831640625	0.0580078125	70.711	70.711	100.0
103.0		1.24423828125	2.81904296875	0.055859375	72.83233	72.83233	103.0
106.0		1.41259765625	2.77880859375	0.06650390625	74.95366	74.95366	106.0
109.0		1.55068359375	2.67802734375	0.0693359375	77.07499	77.07499	109.0
112.0		1.6662109375	2.551953125	0.11533203125	79.19632	79.19632	112.0
115.0		1.7302734375	2.353515625	0.20830078125	81.31765	81.31765	115.0
118.0		1.81591796875	2.1705078125	0.4216796875	83.43898	83.43898	118.0
121.0		1.85302734375	1.94248046875	0.81650390625	85.56031	85.56031	121.0
124.0		1.92353515625	1.70927734375	1.3900390625	87.68164	87.68164	124.0
127.0		1.93876953125	1.49296875	1.82626953125	89.80297	89.80297	127.0
130.0		1.98994140625	1.2498046875	2.22236328125	91.9243	91.9243	130.0
133.0		1.9947265625	0.99267578125	2.4505859375	94.04563	94.04563	133.0
136.0		2.0146484375	0.7076171875	2.63427734375	96.16696	96.16696	136.0
139.0		2.04912109375	0.5021484375	2.76796875	98.28829	98.28829	139.0
142.0		2.0525390625	0.30390625	2.81630859375	100.40962	100.40962	142.0
145.0		2.06962890625	0.16103515625	2.83984375	102.53095	102.53095	145.0
148.0		2.06767578125	0.07666015625	2.82802734375	104.65228	104.65228	148.0
151.0		2.05888671875	0.0509765625	2.80859375	106.77361	106.77361	151.0
154.0		2.06591796875	0.05205078125	2.79150390625	108.89494	108.89494	154.0
157.0		2.0451171875	0.0447265625	2.7623046875	111.01627	111.01627	157.0
160.0		2.00986328125	0.03759765625	2.72353515625	113.1376	113.1376	160.0
163.0		1.98876953125	0.0400390625	2.73994140625	115.25893	115.25893	163.0
166.0		1.94189453125	0.03212890625	2.7583984375	117.38026	117.38026	166.0
169.0		1.90966796875	0.0294921875	2.8109375	119.50159000000001	119.50159000000001	169.0
172.0		1.86142578125	0.03564453125	2.84990234375	121.62292000000001	121.62292000000001	172.0
175.0		1.8017578125	0.02939453125	2.86923828125	123.74425000000001	123.74425000000001	175.0
178.0		1.72197265625	0.028515625	2.8705078125	125.86558000000001	125.86558000000001	178.0
181.0		1.644921875	0.02421875	2.7947265625	127.98691000000001	127.98691000000001	181.0
184.0		1.57626953125	0.0255859375	2.70126953125	130.10824	130.10824	184.0
187.0		1.44326171875	0.0201171875	2.49375	132.22957	132.22957	187.0
190.0		1.3099609375	0.02431640625	2.2349609375	134.3509	134.3509	190.0
193.0		1.13642578125	0.02451171875	1.75048828125	136.47223	136.47223	193.0
196.0		0.9287109375	0.01962890625	1.12646484375	138.59356	138.59356	196.0
199.0		0.74345703125	0.01865234375	0.59921875	140.71489	140.71489	199.0
202.0		0.55361328125	0.01328125	0.2341796875	142.83622	142.83622	202.0
205.0		0.45	0.01328125	0.1169921875	144.95755	144.95755	205.0
208.0		0.3484375	0.0138671875	0.0869140625	147.07888	147.07888	208.0
211.0		0.26435546875	0.00986328125	0.0623046875	149.20021	149.20021	211.0
214.0		0.20400390625	0.0109375	0.06591796875	151.32154	151.32154	214.0
217.0		0.13828125	0.00546875	0.048828125	153.44287	153.44287	217.0
220.0		0.09287109375	0.0060546875	0.05224609375	155.5642	155.5642	220.0
223.0		0.060546875	0.00693359375	0.05380859375	157.68553	157.68553	223.0
226.0		0.0537109375	0.0072265625	0.05712890625	159.80686	159.80686	226.0
229.0		0.05078125	0.00810546875	0.05810546875	161.92819	161.92819	229.0
232.0		0.04052734375	0.0048828125	0.04775390625	164.04952	164.04952	232.0
235.0		0.04384765625	0.0060546875	0.05244140625	166.17085	166.17085	235.0
238.0		0.03525390625	0.0033203125	0.04296875	168.29218	168.29218	238.0
241.0		0.03818359375	0.00390625	0.046875	170.41351	170.41351	241.0
244.0		0.04267578125	0.0052734375	0.05107421875	172.53484	172.53484	244.0
247.0		0.03583984375	0.0029296875	0.0435546875	174.65617	174.65617	247.0
250.0		0.0388671875	0.00478515625	0.046875	176.7775	176.7775	250.0
253.0		0.03203125	0.0025390625	0.03994140625	178.89883	178.89883	253.0
256.0		0.0341796875	0.00400390625	0.04267578125	181.02016	181.02016	256.0
259.0		0.02919921875	9.765625E-4	0.0357421875	183.14149	183.14149	259.0
262.0		0.03095703125	0.00224609375	0.0384765625	185.26282	185.26282	262.0
265.0		0.030859375	0.00263671875	0.03876953125	187.38415	187.38415	265.0
268.0		0.03125	0.00302734375	0.0392578125	189.50548	189.50548	268.0
271.0		0.02392578125	9.765625E-5	0.03056640625	191.62681	191.62681	271.0
274.0		0.02275390625	-7.8125E-4	0.0294921875	193.74814	193.74814	274.0
277.0		0.02353515625	-4.8828125E-4	0.0298828125	195.86947	195.86947	277.0
280.0		0.02314453125	-9.765625E-5	0.030078125	197.9908	197.9908	280.0
283.0		0.02333984375	6.8359375E-4	0.030859375	200.11213	200.11213	283.0
286.0		0.02421875	3.90625E-4	0.0310546875	202.23346	202.23346	286.0
289.0		0.01796875	-0.00224609375	0.02392578125	204.35479	204.35479	289.0
292.0		0.0185546875	-0.001171875	0.02490234375	206.47612	206.47612	292.0

Position	X Fit	Y Fit	Z Fit
--------	-----	-----	-----
25.0		-0.06928471319998225	0.003889684762516222	0.09774357856222943	17.67775	17.67775	25.0
28.0		-0.06434499136287031	0.007819414263731922	0.0977522253053364	19.79908	19.79908	28.0
31.0		-0.05829608005670937	0.01374379633640104	0.09776607393275194	21.92041	21.92041	31.0
34.0		-0.050935531361197973	0.022499009291260863	0.09778801797263469	24.04174	24.04174	34.0
37.0		-0.042035595844154804	0.03518044770015521	0.0978224191840366	26.16307	26.16307	37.0
40.0		-0.031342794611808375	0.053180524968951974	0.09787577346234858	28.2844	28.2844	40.0
43.0		-0.01857819927664757	0.0782127494556859	0.09795763757858886	30.405730000000002	30.405730000000002	43.0
46.0		-0.0034385771731555576	0.11231209240393145	0.09808189905391912	32.52706	32.52706	46.0
49.0		0.01440144209751415	0.1578004934571222	0.09826848850580029	34.64839	34.64839	49.0
52.0		0.035286032062764996	0.2172065646354593	0.09854565043906967	36.76972	36.76972	52.0
55.0		0.05957353874138506	0.2931307429942846	0.09895290256236874	38.89105	38.89105	55.0
58.0		0.08763045518331299	0.38805172860067244	0.09954482229106379	41.01238	41.01238	58.0
61.0		0.11982394258574978	0.5040771189950985	0.10039579823215464	43.13371	43.13371	61.0
64.0		0.15651289061003704	0.6426503194528079	0.10160586934128871	45.25504	45.25504	64.0
67.0		0.19803757113443327	0.8042360981468648	0.10330773963680032	47.37637	47.37637	67.0
70.0		0.2447080102590058	0.9880170348018052	0.10567499613513898	49.4977	49.4977	70.0
73.0		0.2967912806973687	1.1916406492988059	0.10893146671710631	51.61903	51.61903	73.0
76.0		0.3544979976943762	1.41106017019069	0.11336152892770951	53.74036	53.74036	76.0
79.0		0.41796838248754925	1.6405090174463268	0.11932101867223158	55.86169	55.86169	79.0
82.0		0.4872583336359729	1.8726392158785992	0.12724819153740805	57.98302	57.98302	82.0
85.0		0.5623260133829836	2.098837374738869	0.13767396620622874	60.104350000000004	60.104350000000004	85.0
88.0		0.6430195085189788	2.30971017001766	0.1512304424677875	62.225680000000004	62.225680000000004	88.0
91.0		0.729066158008762	2.49570732901847	0.16865645582201919	64.34701	64.34701	91.0
94.0		0.8200641484502097	2.6478277081642845	0.19079873366165157	66.46834	66.46834	94.0
97.0		0.9154769595708377	2.7583371758989523	0.21860708736466783	68.58967	68.58967	97.0
100.0		1.014631192957355	2.8214191039801846	0.25312204693540025	70.711	70.711	100.0
103.0		1.1167182370521758	2.8336814494590383	0.2954534569369232	72.83233	72.83233	103.0
106.0		1.220800110876776	2.7944589230661565	0.34674883683719676	74.95366	74.95366	106.0
109.0		1.3258196905755535	2.7058727849512727	0.4081507881375428	77.07499	77.07499	109.0
112.0		1.4306153612530346	2.5726407888098284	0.4807434116226877	79.19632	79.19632	112.0
115.0		1.5339399580558462	2.401660971020324	0.565488566480291	81.31765	81.31765	115.0
118.0		1.6344836729612604	2.2014203809762303	0.6631538194073731	83.43898	83.43898	118.0
121.0		1.7309004164159896	1.9812992318385025	0.7742350297764978	85.56031	85.56031	121.0
124.0		1.8218369456815735	1.7508496049582258	0.89887760470022	87.68164	87.68164	124.0
127.0		1.9059639144879783	1.5191250365182252	1.0368014235144702	89.80297	89.80297	127.0
130.0		1.9820078708899944	1.2941243292809936	1.1872351519878304	91.9243	91.9243	130.0
133.0		2.0487831404518015	1.0823926644192405	1.3488660213902257	94.04563	94.04563	133.0
136.0		2.1052224867194544	0.8887993752033572	1.519811032156749	96.16696	96.16696	136.0
139.0		2.15040544480715	0.716488557260097	1.697614884553502	98.28829	98.28829	139.0
142.0		2.183583278626727	0.5669793963803733	1.8792787147028105	100.40962	100.40962	142.0
145.0		2.204199616793546	0.44037993363290046	2.0613219563625895	102.53095	102.53095	145.0
148.0		2.2119059726305985	0.33567184267793826	2.2398774522782836	104.65228	104.65228	148.0
151.0		2.2065715433353095	0.25102426565527386	2.4108174590677347	106.77361	106.77361	151.0
154.0		2.188286903273635	0.18410046326708293	2.5699056313193838	108.89494	108.89494	154.0
157.0		2.1573614456812473	0.13233005796657932	2.7129676701343857	111.01627	111.01627	157.0
160.0		2.1143146737449934	0.09312996521688824	2.836071322203536	113.1376	113.1376	160.0
163.0		2.0598616836169144	0.0640669657329331	2.9357050408660714	115.25893	115.25893	163.0
166.0		1.9948934062013695	0.04296302328230671	3.0089440458978607	117.38026	117.38026	166.0
169.0		1.9204523704414196	0.027950235208806462	3.053592848099294	119.50159000000001	119.50159000000001	169.0
172.0		1.8377049089378956	0.01748559350306414	3.0682945544564793	121.62292000000001	121.62292000000001	172.0
175.0		1.747910839970138	0.01033681943994606	3.052599361956948	123.74425000000001	123.74425000000001	175.0
178.0		1.6523917239237418	0.005549943650095824	3.006987416036922	125.86558000000001	125.86558000000001	178.0
181.0		1.5524988052030642	0.0024076477154176667	2.932844412883534	127.98691000000001	127.98691000000001	181.0
184.0		1.4495817142139447	3.8523243957962975E-4	2.832391675317107	130.10824	130.10824	184.0
187.0		1.3449589219197235	-8.911180925357714E-4	2.708575625343829	132.22957	132.22957	187.0
190.0		1.2398908180945227	-0.0016810486339491426	2.5649243256944243	134.3509	134.3509	190.0
193.0		1.1355561318405858	-0.002160523335883317	2.4053808295531236	136.47223	136.47223	193.0
196.0		1.03303223855857	-0.0024459766264357443	2.2341242979452915	138.59356	138.59356	196.0
199.0		0.9332797113218699	-0.002612673844439327	2.0553901431852624	140.71489	140.71489	199.0
202.0		0.8371312864387216	-0.002708167397252753	1.8732998537818635	142.83622	142.83622	202.0
205.0		0.7452852321990564	-0.002761833250883681	1.691709757981716	144.95755	144.95755	205.0
208.0		0.6583029445804932	-0.002791421818656065	1.5140859671174138	147.07888	147.07888	208.0
211.0		0.576610450692774	-0.0028074274705184236	1.3434103304152893	149.20021	149.20021	211.0
214.0		0.5005033848521516	-0.002815922524229364	1.1821196735750825	151.32154	151.32154	214.0
217.0		0.43015491636806064	-0.0028203465785812953	1.0320781198411422	153.44287	153.44287	217.0
220.0		0.3656260534656899	-0.002822607331666248	0.8945801079273746	155.5642	155.5642	220.0
223.0		0.30687772356172316	-0.0028237409834365418	0.7703799795234213	157.68553	157.68553	223.0
226.0		0.25378403411763306	-0.00282429882955897	0.6597428034449097	159.80686	159.80686	226.0
229.0		0.20614614703781076	-0.002824568212866571	0.5625104646022979	161.92819	161.92819	229.0
232.0		0.16370624868831002	-0.0028246958746232795	0.47817694732840454	164.04952	164.04952	232.0
235.0		0.1261611621850272	-0.0028247552486254947	0.40596711120944745	166.17085	166.17085	235.0
238.0		0.0931752235560321	-0.002824782349788233	0.3449139883419512	168.29218	168.29218	238.0
241.0		0.0643921237757568	-0.0028247944905412012	0.2939306025377151	170.41351	170.41351	241.0
244.0		0.039445499954829114	-0.002824799828543739	0.2518734007825223	172.53484	172.53484	244.0
247.0		0.017968137209922755	-0.002824802132085795	0.21759548386197045	174.65617	174.65617	247.0
250.0		-4.002852631528053E-4	-0.0028248031077625227	0.18998883549419354	176.7775	176.7775	250.0
253.0		-0.016006907016379246	-0.002824803513379282	0.16801561205654414	178.89883	178.89883	253.0
256.0		-0.029180807993283778	-0.0028248036788927093	0.15072922945208425	181.02016	181.02016	256.0
259.0		-0.04022944668999937	-0.0028248037451852697	0.1372864563125613	183.14149	183.14149	259.0
262.0		-0.04943629137634403	-0.002824803771247826	0.12695200104165152	185.26282	185.26282	262.0
265.0		-0.057059500327169436	-0.0028248037813054625	0.11909718717333412	187.38415	187.38415	265.0
268.0		-0.0633314960411856	-0.0028248037851153077	0.11319427985781846	189.50548	189.50548	268.0
271.0		-0.06845927580638722	-0.0028248037865319384	0.1088078928962542	191.62681	191.62681	271.0
274.0		-0.07262530525424624	-0.002824803787049008	0.10558470713720096	193.74814	193.74814	274.0
277.0		-0.07598885120247079	-0.0028248037872342707	0.10324249994214087	195.86947	195.86947	277.0
280.0		-0.07868762361807337	-0.002824803787299431	0.10155924862797924	197.9908	197.9908	280.0
283.0		-0.08083961254270974	-0.0028248037873219284	0.10036284824468454	200.11213	200.11213	283.0
286.0		-0.08254502307515853	-0.0028248037873295534	0.09952178885013929	202.23346	202.23346	286.0
289.0		-0.08388822896131722	-0.0028248037873320904	0.09893697658459893	204.35479	204.35479	289.0
292.0		-0.08493968217161299	-0.0028248037873329188	0.09853475832097257	206.47612	206.47612	292.0
RTBT_Diag:WS23

Name	X Fit	X RMS	Y Fit	Y RMS	Z Fit	Z RMS
-------	-----	-----	-----	-----	-----	-----
Area	159.77305621356015	143.62770442760416	161.39828422860603	142.195751953125	150.79562430195176	142.8019164181966
Ampl	3.7150226974823877	3.56962890625	2.7540849795660796	2.61572265625	1.977353754592831	1.95546875
Mean	99.8556347700439	98.83915640944142	101.34583336217302	100.73369395800862	101.45864435778329	116.71101547761856
Sigma	17.157426100179613	14.568007472816129	23.379307479896077	18.787647360948334	30.42386831078994	22.385587293595737
Offset	-9.471977630001385E-4	0.009619140625	-0.01733978589601201	0.01708984375	-0.10402146794893259	0.00810546875
Slope	0.0	0.0	0.0	0.0	0.0	0.0

Position	X Raw	Y Raw	Z Raw
--------	-----	-----	-----
25.0		0.00927734375	0.016796875	0.0080078125	17.67775	17.67775	25.0
28.0		0.0099609375	0.0173828125	0.008203125	19.79908	19.79908	28.0
31.0		0.009375	0.01826171875	0.0091796875	21.92041	21.92041	31.0
34.0		0.01162109375	0.019921875	0.00966796875	24.04174	24.04174	34.0
37.0		0.01162109375	0.020703125	0.0099609375	26.16307	26.16307	37.0
40.0		0.01259765625	0.0224609375	0.01025390625	28.2844	28.2844	40.0
43.0		0.01357421875	0.02392578125	0.0115234375	30.405730000000002	30.405730000000002	43.0
46.0		0.00615234375	0.0150390625	0.0064453125	32.52706	32.52706	46.0
49.0		0.016015625	0.028125	0.01298828125	34.64839	34.64839	49.0
52.0		0.016015625	0.03037109375	0.01259765625	36.76972	36.76972	52.0
55.0		0.01953125	0.04453125	0.0142578125	38.89105	38.89105	55.0
58.0		0.023046875	0.105078125	0.0142578125	41.01238	41.01238	58.0
61.0		0.02548828125	0.26337890625	0.0099609375	43.13371	43.13371	61.0
64.0		0.0322265625	0.53017578125	0.02275390625	45.25504	45.25504	64.0
67.0		0.0333984375	0.80341796875	0.020703125	47.37637	47.37637	67.0
70.0		0.02763671875	1.0646484375	0.0189453125	49.4977	49.4977	70.0
73.0		0.03564453125	1.36328125	0.0259765625	51.61903	51.61903	73.0
76.0		0.03583984375	1.6119140625	0.024609375	53.74036	53.74036	76.0
79.0		0.0416015625	1.8580078125	0.0419921875	55.86169	55.86169	79.0
82.0		0.0453125	2.11162109375	0.04072265625	57.98302	57.98302	82.0
85.0		0.0591796875	2.29619140625	0.0470703125	60.104350000000004	60.104350000000004	85.0
88.0		0.0791015625	2.4537109375	0.04501953125	62.225680000000004	62.225680000000004	88.0
91.0		0.14013671875	2.55478515625	0.043359375	64.34701	64.34701	91.0
94.0		0.24091796875	2.62197265625	0.0466796875	66.46834	66.46834	94.0
97.0		0.38642578125	2.63095703125	0.0662109375	68.58967	68.58967	97.0
100.0		0.58544921875	2.64990234375	0.10205078125	70.711	70.711	100.0
103.0		0.8625	2.6419921875	0.1966796875	72.83233	72.83233	103.0
106.0		1.22587890625	2.6380859375	0.335546875	74.95366	74.95366	106.0
109.0		1.64033203125	2.57939453125	0.55419921875	77.07499	77.07499	109.0
112.0		1.9994140625	2.5	0.82119140625	79.19632	79.19632	112.0
115.0		2.27578125	2.348828125	1.0640625	81.31765	81.31765	115.0
118.0		2.5326171875	2.19970703125	1.33837890625	83.43898	83.43898	118.0
121.0		2.75908203125	1.95009765625	1.5462890625	85.56031	85.56031	121.0
124.0		2.96923828125	1.70283203125	1.734375	87.68164	87.68164	124.0
127.0		3.111328125	1.4576171875	1.80859375	89.80297	89.80297	127.0
130.0		3.3048828125	1.173828125	1.90947265625	91.9243	91.9243	130.0
133.0		3.3890625	0.90771484375	1.9470703125	94.04563	94.04563	133.0
136.0		3.51748046875	0.60263671875	2.023828125	96.16696	96.16696	136.0
139.0		3.5888671875	0.34345703125	2.05205078125	98.28829	98.28829	139.0
142.0		3.6203125	0.14794921875	2.06943359375	100.40962	100.40962	142.0
145.0		3.550390625	0.06484375	2.04697265625	102.53095	102.53095	145.0
148.0		3.519140625	0.0404296875	2.0484375	104.65228	104.65228	148.0
151.0		3.3783203125	0.03857421875	2.02734375	106.77361	106.77361	151.0
154.0		3.19501953125	0.043359375	2.0197265625	108.89494	108.89494	154.0
157.0		3.02216796875	0.03984375	1.99228515625	111.01627	111.01627	157.0
160.0		2.80087890625	0.04091796875	1.9779296875	113.1376	113.1376	160.0
163.0		2.5166015625	0.01748046875	1.9607421875	115.25893	115.25893	163.0
166.0		2.22451171875	0.03466796875	1.9716796875	117.38026	117.38026	166.0
169.0		1.7998046875	0.01923828125	1.95966796875	119.50159000000001	119.50159000000001	169.0
172.0		1.41669921875	0.0375	1.966796875	121.62292000000001	121.62292000000001	172.0
175.0		0.995703125	0.0251953125	1.97158203125	123.74425000000001	123.74425000000001	175.0
178.0		0.68076171875	0.0181640625	1.98310546875	125.86558000000001	125.86558000000001	178.0
181.0		0.43896484375	0.02255859375	1.9962890625	127.98691000000001	127.98691000000001	181.0
184.0		0.29296875	0.023828125	2.007421875	130.10824	130.10824	184.0
187.0		0.1734375	0.02138671875	2.02041015625	132.22957	132.22957	187.0
190.0		0.0927734375	0.0294921875	2.0345703125	134.3509	134.3509	190.0
193.0		0.0599609375	0.023046875	2.0396484375	136.47223	136.47223	193.0
196.0		0.02685546875	0.01748046875	1.9841796875	138.59356	138.59356	196.0
199.0		0.02138671875	0.01728515625	1.9419921875	140.71489	140.71489	199.0
202.0		0.018359375	0.0119140625	1.8875	142.83622	142.83622	202.0
205.0		0.01552734375	0.0083984375	1.78115234375	144.95755	144.95755	205.0
208.0		0.029296875	0.01640625	1.65185546875	147.07888	147.07888	208.0
211.0		0.0287109375	0.017578125	1.5029296875	149.20021	149.20021	211.0
214.0		0.02685546875	0.01669921875	1.23076171875	151.32154	151.32154	214.0
217.0		0.019921875	0.00888671875	0.909375	153.44287	153.44287	217.0
220.0		0.0263671875	0.01220703125	0.59716796875	155.5642	155.5642	220.0
223.0		0.02998046875	0.01455078125	0.320703125	157.68553	157.68553	223.0
226.0		0.02236328125	0.0044921875	0.169921875	159.80686	159.80686	226.0
229.0		0.0228515625	0.0064453125	0.0921875	161.92819	161.92819	229.0
232.0		0.02099609375	0.00546875	0.05751953125	164.04952	164.04952	232.0
235.0		0.0212890625	0.00625	0.04150390625	166.17085	166.17085	235.0
238.0		0.0212890625	0.0076171875	0.0390625	168.29218	168.29218	238.0
241.0		0.01669921875	0.00556640625	0.03427734375	170.41351	170.41351	241.0
244.0		0.01611328125	0.00537109375	0.033203125	172.53484	172.53484	244.0
247.0		0.0154296875	0.005078125	0.03212890625	174.65617	174.65617	247.0
250.0		0.014453125	0.0046875	0.0310546875	176.7775	176.7775	250.0
253.0		0.01396484375	0.00546875	0.03056640625	178.89883	178.89883	253.0
256.0		0.0140625	0.00537109375	0.03046875	181.02016	181.02016	256.0
259.0		0.01337890625	0.00537109375	0.02861328125	183.14149	183.14149	259.0
262.0		0.0130859375	0.00546875	0.02822265625	185.26282	185.26282	262.0
265.0		0.01298828125	0.00537109375	0.02724609375	187.38415	187.38415	265.0
268.0		0.012109375	0.0044921875	0.02607421875	189.50548	189.50548	268.0
271.0		0.01064453125	0.00400390625	0.02470703125	191.62681	191.62681	271.0
274.0		0.01025390625	0.0046875	0.02431640625	193.74814	193.74814	274.0
277.0		0.01484375	0.00869140625	0.026953125	195.86947	195.86947	277.0
280.0		0.00986328125	0.0048828125	0.02275390625	197.9908	197.9908	280.0
283.0		0.0091796875	0.0046875	0.02236328125	200.11213	200.11213	283.0
286.0		0.00986328125	0.005078125	0.02177734375	202.23346	202.23346	286.0
289.0		0.00908203125	0.0046875	0.02119140625	204.35479	204.35479	289.0
292.0		0.00830078125	0.00478515625	0.0201171875	206.47612	206.47612	292.0

Position	X Fit	Y Fit	Z Fit
--------	-----	-----	-----
25.0		-5.32901647779511E-4	-0.002893368222846287	-0.054277292833237435	17.67775	17.67775	25.0
28.0		-5.011955957100472E-4	0.003900301167985086	-0.04489708028087483	19.79908	19.79908	28.0
31.0		-4.463635394028032E-4	0.013642525616563709	-0.033879970599486706	21.92041	21.92041	31.0
34.0		-3.5303663697893443E-4	0.027361600525793294	-0.021011987020941328	24.04174	24.04174	34.0
37.0		-1.9670689565941474E-4	0.04633027448383967	-0.006066000022338272	26.16307	26.16307	37.0
40.0		6.0996284541452476E-5	0.07207673816476827	0.011196036222535344	28.2844	28.2844	40.0
43.0		4.790389778108863E-4	0.1063754960504006	0.031020125769086596	30.405730000000002	30.405730000000002	43.0
46.0		0.0011463396556363288	0.1512105279859031	0.053656507524167604	32.52706	32.52706	46.0
49.0		0.0021944277931842887	0.20870371281087907	0.07935514293748482	34.64839	34.64839	49.0
52.0		0.0038140815372718086	0.281003356908059	0.10836041588419996	36.76972	36.76972	52.0
55.0		0.006276516496212491	0.3701310407263463	0.1409050749887389	38.89105	38.89105	55.0
58.0		0.009959438564284839	0.4777898517222743	0.17720348154380028	41.01238	41.01238	58.0
61.0		0.015377810889498694	0.6051431153140472	0.21744426195415345	43.13371	43.13371	61.0
64.0		0.023218477480469728	0.752579348197156	0.26178250107665296	45.25504	45.25504	64.0
67.0		0.03437681465640176	0.9194854222839898	0.3103316504490661	47.37637	47.37637	67.0
70.0		0.04999236641220724	1.1040547166587742	0.36315536147252603	49.4977	49.4977	70.0
73.0		0.0714790362140288	1.3031591810770038	0.4202594862275241	51.61903	51.61903	73.0
76.0		0.10054400026061713	1.5123127467567257	0.48158451575506295	53.74036	53.74036	76.0
79.0		0.13918829464551766	1.725747822036441	0.5469987453183265	55.86169	55.86169	79.0
82.0		0.18968129583785756	1.9366167444175333	0.6162924664865861	57.98302	57.98302	82.0
85.0		0.2545013846123364	2.1373168059685925	0.6891734851994981	60.104350000000004	60.104350000000004	85.0
88.0		0.3362362750959515	2.319922329378447	0.7652642519834654	62.225680000000004	62.225680000000004	88.0
91.0		0.43743904859710275	2.476692309378645	0.8441008643845794	64.34701	64.34701	91.0
94.0		0.560439955624253	2.600609664663003	0.9251341622127947	66.46834	66.46834	94.0
97.0		0.7071194194289305	2.685900339371834	1.007733083769395	68.58967	68.58967	97.0
100.0		0.8786539992065616	2.728478958962964	1.0911903869616777	70.711	70.711	100.0
103.0		1.0752536728589273	2.7262731822941046	1.1747307649066703	72.83233	72.83233	103.0
106.0		1.2959147523761674	2.6793908955466903	1.2575213037710475	74.95366	74.95366	106.0
109.0		1.53821697661354	2.5901114653647292	1.3386841442603292	77.07499	77.07499	109.0
112.0		1.79819477418349	2.462702038642078	1.417311120901238	79.19632	79.19632	112.0
115.0		2.070310497678129	2.3030795039048897	1.492480068913988	81.31765	81.31765	115.0
118.0		2.3475511525698383	2.1183553983553893	1.563272411027232	83.43898	83.43898	118.0
121.0		2.621659908215599	1.9163124556338846	1.6287915699426228	85.56031	85.56031	121.0
124.0		2.8835002761175423	1.7048662438510094	1.6881816998998105	87.68164	87.68164	124.0
127.0		3.1235357034535918	1.4915631480869789	1.740646196000717	89.80297	89.80297	127.0
130.0		3.3323923791172745	1.283157606260699	1.785465424987932	91.9243	91.9243	130.0
133.0		3.5014604306476236	1.0852986924296746	1.8220131275277565	94.04563	94.04563	133.0
136.0		3.6234804306848503	0.9023410607373902	1.849770970226205	96.16696	96.16696	136.0
139.0		3.6930597798964886	0.7372802240183907	1.868340775056072	98.28829	98.28829	139.0
142.0		3.7070678539099973	0.5917991625621261	1.8774540229882735	100.40962	100.40962	142.0
145.0		3.664869587223252	0.4664037780459033	1.8769783147961832	102.53095	102.53095	145.0
148.0		3.56837321669316	0.360619430698985	1.8669205717519153	104.65228	104.65228	148.0
151.0		3.421887184818135	0.27321969932034806	1.8474268680636359	106.77361	106.77361	151.0
154.0		3.231801150457685	0.20246095685725854	1.8187789007240585	108.89494	108.89494	154.0
157.0		3.00612400457046	0.14630134005634132	1.7813872160150483	111.01627	111.01627	157.0
160.0		2.7539253983207126	0.10258903711493017	1.7357814203175674	113.1376	113.1376	160.0
163.0		2.4847349141541004	0.06921141044362251	1.6825977014594058	115.25893	115.25893	163.0
166.0		2.207953937500025	0.044202420656173705	1.622564071461688	117.38026	117.38026	166.0
169.0		1.932329812703825	0.025810536126983762	1.5564838088137387	119.50159000000001	119.50159000000001	169.0
172.0		1.665531182785825	0.012532532605034827	1.4852176258040852	121.62292000000001	121.62292000000001	172.0
175.0		1.413849351492913	0.003120319083856314	1.40966511245961	123.74425000000001	123.74425000000001	175.0
178.0		1.182035200085964	-0.0034316206216247064	1.3307460128503266	125.86558000000001	125.86558000000001	178.0
181.0		0.9732667123028567	-0.007911084041413129	1.2493818725081656	127.98691000000001	127.98691000000001	181.0
184.0		0.7892302103860809	-0.010919322603122818	1.166478559068555	130.10824	130.10824	184.0
187.0		0.6302901034275967	-0.012903932898154533	1.0829101044154836	132.22957	132.22957	187.0
190.0		0.4957177499343607	-0.014190275077319896	0.999504248728962	134.3509	134.3509	190.0
193.0		0.3839497615732539	-0.015009481740184528	0.9170299885293918	136.47223	136.47223	193.0
196.0		0.2928490479295451	-0.015522130430961	0.8361873459998084	138.59356	138.59356	196.0
199.0		0.21994713739453686	-0.015837388454464994	0.757599489522029	140.71489	140.71489	199.0
202.0		0.16265271664992761	-0.016027917002403184	0.6818072493206562	142.83622	142.83622	202.0
205.0		0.11841789547909716	-0.016141085824623418	0.6092659908738469	144.95755	144.95755	205.0
208.0		0.0848596151611847	-0.016207153555131706	0.5403447353409396	147.07888	147.07888	208.0
211.0		0.05983834254038237	-0.016245064875951766	0.47532735309234014	149.20021	149.20021	211.0
214.0		0.04149947804599211	-0.016266448668122043	0.4144156052491888	151.32154	151.32154	214.0
217.0		0.028284753258626092	-0.01627830511659472	0.35773376998636147	153.44287	153.44287	217.0
220.0		0.01892148454367391	-0.01628476753406848	0.3053345655652409	155.5642	155.5642	220.0
223.0		0.01239717432826589	-0.016288230283516628	0.2572060703394397	157.68553	157.68553	223.0
226.0		0.007925938460373911	-0.01629005437593749	0.21327934044771835	159.80686	159.80686	226.0
229.0		0.004911895617499995	-0.01629099905730585	0.17343643723975505	161.92819	161.92819	229.0
232.0		0.0029132365771799254	-0.016291480061332346	0.1375185969906777	164.04952	164.04952	232.0
235.0		0.0016093788287258105	-0.016291720856739383	0.1053343032432165	166.17085	166.17085	235.0
238.0		7.725139516524366E-4	-0.016291839377471373	0.07666705516234372	168.29218	168.29218	238.0
241.0		2.4401686885195555E-4	-0.01629189673585586	0.051282661595601506	170.41351	170.41351	241.0
244.0		-8.43942826442226E-5	-0.016291924029727376	0.02893592820928119	172.53484	172.53484	244.0
247.0		-2.8521332682954133E-4	-0.016291936800219297	0.009376642409442276	174.65617	174.65617	247.0
250.0		-4.060573657227402E-4	-0.01629194267555161	-0.007645203703036993	176.7775	176.7775	250.0
253.0		-4.7762204838920326E-4	-0.01629194533350373	-0.022374979528732464	178.89883	178.89883	253.0
256.0		-5.193323850612788E-4	-0.01629194651588873	-0.03504976978615004	181.02016	181.02016	256.0
259.0		-5.43258758806435E-4	-0.016291947033107674	-0.04589549012329836	183.14149	183.14149	259.0
262.0		-5.567674675753165E-4	-0.016291947255592312	-0.055124719117537746	185.26282	185.26282	262.0
265.0		-5.642745111112325E-4	-0.016291947349703594	-0.06293518642307865	187.38415	187.38415	265.0
268.0		-5.683808566629343E-4	-0.01629194738885119	-0.06950884655951124	189.50548	189.50548	268.0
271.0		-5.705918421423592E-4	-0.016291947404865028	-0.07501146178448032	191.62681	191.62681	271.0
274.0		-5.717636911180777E-4	-0.01629194741130699	-0.07959261518063716	193.74814	193.74814	274.0
277.0		-5.723750883830001E-4	-0.016291947413855448	-0.08338607595112209	195.86947	195.86947	277.0
280.0		-5.726891041493263E-4	-0.016291947414846915	-0.08651044235842055	197.9908	197.9908	280.0
283.0		-5.728478728549389E-4	-0.01629194741522625	-0.08906999315347103	200.11213	200.11213	283.0
286.0		-5.72926899331368E-4	-0.016291947415368983	-0.09115568514584464	202.23346	202.23346	286.0
289.0		-5.729656235645498E-4	-0.0162919474154218	-0.09284624223059153	204.35479	204.35479	289.0
292.0		-5.729843046994507E-4	-0.01629194741544102	-0.09420928924652718	206.47612	206.47612	292.0
RTBT_Diag:WS21

Name	X Fit	X RMS	Y Fit	Y RMS	Z Fit	Z RMS
-------	-----	-----	-----	-----	-----	-----
Area	168.12500092371943	150.24066643149413	167.5900003076249	148.3156608072917	165.9006482580984	150.9288913924479
Ampl	4.015950649076262	3.8231445312500005	2.9773495893940956	2.82119140625	2.1377705108348417	2.02568359375
Mean	96.61329372569986	95.86823345694518	101.82590741894586	99.77823432088589	104.75593753621764	118.13463614152269
Sigma	16.701443100758564	13.795978277740026	22.4557899191162	17.918565894741832	30.95972303889405	22.49889667561873
Offset	0.002937700504810986	0.018017578125000003	-0.012419077953329706	0.007666015625	-0.1332807023827115	0.01171875
Slope	0.0	0.0	0.0	0.0	0.0	0.0

Position	X Raw	Y Raw	Z Raw
--------	-----	-----	-----
25.0		0.0173828125	0.007421875	0.01123046875	17.67775	17.67775	25.0
28.0		0.01865234375	0.00791015625	0.01220703125	19.79908	19.79908	28.0
31.0		0.01943359375	0.00888671875	0.0125	21.92041	21.92041	31.0
34.0		0.019921875	0.01083984375	0.01259765625	24.04174	24.04174	34.0
37.0		0.02080078125	0.011328125	0.01376953125	26.16307	26.16307	37.0
40.0		0.01865234375	0.009375	0.0119140625	28.2844	28.2844	40.0
43.0		0.02001953125	0.01044921875	0.01259765625	30.405730000000002	30.405730000000002	43.0
46.0		0.016015625	0.00546875	0.01083984375	32.52706	32.52706	46.0
49.0		0.02236328125	0.0154296875	0.014453125	34.64839	34.64839	49.0
52.0		0.0232421875	0.02060546875	0.01474609375	36.76972	36.76972	52.0
55.0		0.02548828125	0.04677734375	0.01611328125	38.89105	38.89105	55.0
58.0		0.02265625	0.13115234375	0.01494140625	41.01238	41.01238	58.0
61.0		0.02333984375	0.2771484375	0.01474609375	43.13371	43.13371	61.0
64.0		0.02626953125	0.5140625	0.0181640625	45.25504	45.25504	64.0
67.0		0.02763671875	0.779296875	0.01865234375	47.37637	47.37637	67.0
70.0		0.02431640625	1.07744140625	0.01669921875	49.4977	49.4977	70.0
73.0		0.0275390625	1.4072265625	0.019140625	51.61903	51.61903	73.0
76.0		0.03076171875	1.7306640625	0.01943359375	53.74036	53.74036	76.0
79.0		0.0361328125	2.0146484375	0.025	55.86169	55.86169	79.0
82.0		0.03486328125	2.30947265625	0.0224609375	57.98302	57.98302	82.0
85.0		0.04775390625	2.5083984375	0.026171875	60.104350000000004	60.104350000000004	85.0
88.0		0.1001953125	2.66826171875	0.02783203125	62.225680000000004	62.225680000000004	88.0
91.0		0.2259765625	2.75537109375	0.034375	64.34701	64.34701	91.0
94.0		0.39619140625	2.801171875	0.04072265625	66.46834	66.46834	94.0
97.0		0.6416015625	2.803515625	0.0708984375	68.58967	68.58967	97.0
100.0		0.957421875	2.8365234375	0.120703125	70.711	70.711	100.0
103.0		1.34091796875	2.83232421875	0.22216796875	72.83233	72.83233	103.0
106.0		1.78603515625	2.8255859375	0.3435546875	74.95366	74.95366	106.0
109.0		2.2572265625	2.77255859375	0.56220703125	77.07499	77.07499	109.0
112.0		2.603515625	2.68125	0.80439453125	79.19632	79.19632	112.0
115.0		2.8984375	2.47548828125	1.02587890625	81.31765	81.31765	115.0
118.0		3.1626953125	2.2755859375	1.267578125	83.43898	83.43898	118.0
121.0		3.3658203125	1.98134765625	1.49599609375	85.56031	85.56031	121.0
124.0		3.51318359375	1.69453125	1.708203125	87.68164	87.68164	124.0
127.0		3.6466796875	1.388671875	1.79443359375	89.80297	89.80297	127.0
130.0		3.752734375	1.05693359375	1.9208984375	91.9243	91.9243	130.0
133.0		3.80654296875	0.7552734375	1.9859375	94.04563	94.04563	133.0
136.0		3.8591796875	0.43173828125	2.07177734375	96.16696	96.16696	136.0
139.0		3.8337890625	0.19248046875	2.10888671875	98.28829	98.28829	139.0
142.0		3.79775390625	0.06953125	2.1361328125	100.40962	100.40962	142.0
145.0		3.66875	0.0326171875	2.1390625	102.53095	102.53095	145.0
148.0		3.53447265625	0.02353515625	2.1556640625	104.65228	104.65228	148.0
151.0		3.351171875	0.0166015625	2.13037109375	106.77361	106.77361	151.0
154.0		3.11259765625	0.02197265625	2.10205078125	108.89494	108.89494	154.0
157.0		2.865234375	0.0150390625	2.0779296875	111.01627	111.01627	157.0
160.0		2.56767578125	0.0216796875	2.060546875	113.1376	113.1376	160.0
163.0		2.14501953125	0.01064453125	2.04755859375	115.25893	115.25893	163.0
166.0		1.6912109375	0.0130859375	2.04912109375	117.38026	117.38026	166.0
169.0		1.17880859375	0.0087890625	2.06953125	119.50159000000001	119.50159000000001	169.0
172.0		0.7828125	0.01005859375	2.055078125	121.62292000000001	121.62292000000001	172.0
175.0		0.493359375	0.0107421875	2.07880859375	123.74425000000001	123.74425000000001	175.0
178.0		0.31220703125	0.00673828125	2.10029296875	125.86558000000001	125.86558000000001	178.0
181.0		0.1794921875	0.00751953125	2.10546875	127.98691000000001	127.98691000000001	181.0
184.0		0.090234375	0.0068359375	2.114453125	130.10824	130.10824	184.0
187.0		0.054296875	0.0107421875	2.12138671875	132.22957	132.22957	187.0
190.0		0.03720703125	0.0095703125	2.11708984375	134.3509	134.3509	190.0
193.0		0.03623046875	0.01201171875	2.1197265625	136.47223	136.47223	193.0
196.0		0.0326171875	0.0052734375	2.08779296875	138.59356	138.59356	196.0
199.0		0.0322265625	0.007421875	2.0546875	140.71489	140.71489	199.0
202.0		0.03154296875	0.0060546875	2.00302734375	142.83622	142.83622	202.0
205.0		0.02568359375	0.00234375	1.909375	144.95755	144.95755	205.0
208.0		0.0263671875	0.00400390625	1.78837890625	147.07888	147.07888	208.0
211.0		0.0236328125	0.00322265625	1.66298828125	149.20021	149.20021	211.0
214.0		0.02763671875	0.00458984375	1.4568359375	151.32154	151.32154	214.0
217.0		0.02783203125	0.00478515625	1.21650390625	153.44287	153.44287	217.0
220.0		0.0244140625	0.0029296875	0.9701171875	155.5642	155.5642	220.0
223.0		0.02587890625	0.0046875	0.63427734375	157.68553	157.68553	223.0
226.0		0.0234375	0.00234375	0.4521484375	159.80686	159.80686	226.0
229.0		0.02109375	0.00166015625	0.29248046875	161.92819	161.92819	229.0
232.0		0.02138671875	0.0013671875	0.179296875	164.04952	164.04952	232.0
235.0		0.02265625	0.0025390625	0.09814453125	166.17085	166.17085	235.0
238.0		0.02255859375	0.00244140625	0.05556640625	168.29218	168.29218	238.0
241.0		0.01943359375	0.001171875	0.03466796875	170.41351	170.41351	241.0
244.0		0.0208984375	0.00166015625	0.03017578125	172.53484	172.53484	244.0
247.0		0.01962890625	0.00166015625	0.02763671875	174.65617	174.65617	247.0
250.0		0.0201171875	0.00244140625	0.02783203125	176.7775	176.7775	250.0
253.0		0.01904296875	0.00146484375	0.025	178.89883	178.89883	253.0
256.0		0.01923828125	0.0017578125	0.0251953125	181.02016	181.02016	256.0
259.0		0.01806640625	0.001953125	0.022265625	183.14149	183.14149	259.0
262.0		0.01806640625	0.00205078125	0.02294921875	185.26282	185.26282	262.0
265.0		0.01796875	0.0015625	0.0234375	187.38415	187.38415	265.0
268.0		0.01669921875	0.00126953125	0.02099609375	189.50548	189.50548	268.0
271.0		0.01630859375	0.0013671875	0.0205078125	191.62681	191.62681	271.0
274.0		0.01669921875	0.00166015625	0.02119140625	193.74814	193.74814	274.0
277.0		0.01513671875	0.0015625	0.0193359375	195.86947	195.86947	277.0
280.0		0.01533203125	0.00107421875	0.01953125	197.9908	197.9908	280.0
283.0		0.01689453125	0.00185546875	0.019140625	200.11213	200.11213	283.0
286.0		0.016015625	0.00205078125	0.02060546875	202.23346	202.23346	286.0
289.0		0.014453125	0.00107421875	0.0171875	204.35479	204.35479	289.0
292.0		0.0150390625	0.00224609375	0.01796875	206.47612	206.47612	292.0

Position	X Fit	Y Fit	Z Fit
--------	-----	-----	-----
25.0		0.0035598238470990876	-0.003274842729286081	-0.0862218310079465	17.67775	17.67775	25.0
28.0		0.0036072067142015416	0.0015789529883033313	-0.07758068727391182	19.79908	19.79908	28.0
31.0		0.003689618170491663	0.0088000649429946	-0.06741261966499584	21.92041	21.92041	31.0
34.0		0.003830561945111678	0.019335535394343933	-0.05551145507369608	24.04174	24.04174	34.0
37.0		0.004067577237390637	0.03440732924288615	-0.04165635435794661	26.16307	26.16307	37.0
40.0		0.0044594610294321135	0.05554522813316323	-0.025613440058353337	28.2844	28.2844	40.0
43.0		0.005096498507755167	0.08460273051579752	-0.007138074847708384	30.405730000000002	30.405730000000002	43.0
46.0		0.006114558604119075	0.1237457995493037	0.014022154136436649	32.52706	32.52706	46.0
49.0		0.007713947278842913	0.17540361979759553	0.03812370467052692	34.64839	34.64839	49.0
52.0		0.010183823962425176	0.24217136095781472	0.06542258126509184	36.76972	36.76972	52.0
55.0		0.013932710592301301	0.32665780811958706	0.09616907161360361	38.89105	38.89105	55.0
58.0		0.0195250872154989	0.4312759039876303	0.1306017473369113	41.01238	41.01238	58.0
61.0		0.027723210326579904	0.5579817025239137	0.16894078963574385	43.13371	43.13371	61.0
64.0		0.039532073634550996	0.7079764166114249	0.21138073405124094	45.25504	45.25504	64.0
67.0		0.056243869483556655	0.881396078369241	0.2580827636699744	47.37637	47.37637	67.0
70.0		0.07947649160619125	1.0770222612091773	0.3091667154516293	49.4977	49.4977	70.0
73.0		0.1111987318887183	1.292053484759282	0.3647029983442326	51.61903	51.61903	73.0
76.0		0.153733158021312	1.5219785042432359	0.42470465276026215	53.74036	53.74036	76.0
79.0		0.20972660582673933	1.7605882589063493	0.48911980700143	55.86169	55.86169	79.0
82.0		0.2820782322838282	2.0001522244439287	0.5578248055186622	57.98302	57.98302	82.0
85.0		0.37381660121672666	2.231767818023773	0.6306182947475436	60.104350000000004	60.104350000000004	85.0
88.0		0.48792066372569226	2.445870128108906	0.7072165531375925	62.225680000000004	62.225680000000004	88.0
91.0		0.6270848915877685	2.6328664833179585	0.7872503416717234	64.34701	64.34701	91.0
94.0		0.7934360501062248	2.783839833677202	0.8702635288346887	66.46834	66.46834	94.0
97.0		0.988217589968052	2.8912502633698045	0.9557137093200596	68.58967	68.58967	97.0
100.0		1.2114664162029154	2.949558198537107	1.0429749890189122	70.711	70.711	100.0
103.0		1.4617145286747448	2.955697703756171	1.1313430508800282	72.83233	72.83233	103.0
106.0		1.7357532042452504	2.909343593764573	1.2200425485706778	74.95366	74.95366	106.0
109.0		2.028498538922273	2.8129399708117306	1.3082367996061899	77.07499	77.07499	109.0
112.0		2.3329931685483047	2.671486702095775	1.3950396694111495	79.19632	79.19632	112.0
115.0		2.640569359271413	2.492109799983884	1.4795294557333207	81.31765	81.31765	115.0
118.0		2.941183792767252	2.2834670807722706	1.5607645023836585	83.43898	83.43898	118.0
121.0		3.223915618622462	2.0550580383553125	1.6378001960165025	85.56031	85.56031	121.0
124.0		3.477598941845496	1.8165142183476333	1.7097069331725283	87.68164	87.68164	124.0
127.0		3.69154169949151	1.5769429932345111	1.7755885904578217	89.80297	89.80297	127.0
130.0		3.8562678713777436	1.344384824012404	1.8346009915057337	91.9243	91.9243	130.0
133.0		3.964211825972667	1.1254246063501883	1.8859698426726113	94.04563	94.04563	133.0
136.0		4.010294113754615	0.9249751217446478	1.9290076069375626	96.16696	96.16696	136.0
139.0		3.992317711699616	0.7462286237190419	1.963128803049295	98.28829	98.28829	139.0
142.0		3.9111416737266764	0.5907542931628588	1.9878632545086592	100.40962	100.40962	142.0
145.0		3.770613073408193	0.45870676327330745	2.0028668694661302	102.53095	102.53095	145.0
148.0		3.5772647474275634	0.34910496798601504	2.0079296061010234	104.65228	104.65228	148.0
151.0		3.3398119109995865	0.2601408539190059	2.0029803657445364	106.77361	106.77361	151.0
154.0		3.0685016513704966	0.18948275536424505	1.988088654409515	108.89494	108.89494	154.0
157.0		2.774382831548034	0.13454669145511589	1.9634629584512722	111.01627	111.01627	157.0
160.0		2.4685685080247755	0.09271862398767831	1.929445887421194	113.1376	113.1376	160.0
163.0		2.1615584793465183	0.0615201648349778	1.8865062422871806	115.25893	115.25893	163.0
166.0		1.8626773078888055	0.038718145526278856	1.8352282656948742	117.38026	117.38026	166.0
169.0		1.5796654311372116	0.02238419590793833	1.776298418781307	119.50159000000001	119.50159000000001	169.0
172.0		1.3184407264427034	0.01091386443283847	1.7104901027185293	121.62292000000001	121.62292000000001	172.0
175.0		1.0830280938975776	0.003016080407599068	1.6386467998608925	123.74425000000001	123.74425000000001	175.0
178.0		0.8756378221496941	-0.0023166198813862043	1.5616641471378407	125.86558000000001	125.86558000000001	178.0
181.0		0.6968614640531129	-0.005848140866980246	1.4804714721358416	127.98691000000001	127.98691000000001	181.0
184.0		0.5459474839697521	-0.008142187916079747	1.3960133200567408	130.10824	130.10824	184.0
187.0		0.4211179272221634	-0.00960408281470588	1.3092314782543837	132.22957	132.22957	187.0
190.0		0.3198909324165104	-0.010518081677996966	1.2210479660113398	134.3509	134.3509	190.0
193.0		0.23938070699447084	-0.011078779515151568	1.1323494030241719	136.47223	136.47223	193.0
196.0		0.17655508570522283	-0.011416299981301977	1.0439731036936424	138.59356	138.59356	196.0
199.0		0.12843955420290162	-0.011615684004760875	0.9566951691365941	140.71489	140.71489	199.0
202.0		0.09226449964657135	-0.011731275995247186	0.871220768427091	142.83622	142.83622	202.0
205.0		0.06555869621398075	-0.011797047514479733	0.7881767185310347	144.95755	144.95755	205.0
208.0		0.04619630547999088	-0.011833779475504536	0.708106392154097	147.07888	147.07888	208.0
211.0		0.03240698465085612	-0.011853915227270301	0.6314669073899499	149.20021	149.20021	211.0
214.0		0.022759322296954713	-0.011864750221702369	0.5586284852958632	151.32154	151.32154	214.0
217.0		0.01612717968203232	-0.011870473497679716	0.48987580344961157	153.44287	153.44287	217.0
220.0		0.011647066738096772	-0.011873441282885097	0.4254111266619661	155.5642	155.5642	220.0
223.0		0.008672849210732364	-0.011874952084310868	0.36535896121019773	157.68553	157.68553	223.0
226.0		0.006732205799350718	-0.011875707148143944	0.3097719564812348	159.80686	159.80686	226.0
229.0		0.0054875636623590235	-0.011876077636445404	0.25863776745846634	161.92819	161.92819	229.0
232.0		0.0047028667588782476	-0.011876256117502744	0.21188659224333986	164.04952	164.04952	232.0
235.0		0.0042165179179881156	-0.011876340538011272	0.16939910955155238	166.17085	166.17085	235.0
238.0		0.003920164846097227	-0.011876379744019923	0.13101456033593314	168.29218	168.29218	238.0
241.0		0.0037426186917190935	-0.011876397621901626	0.0965387436365126	170.41351	170.41351	241.0
244.0		0.0036380321143389144	-0.01187640562664716	0.06575172762144363	172.53484	172.53484	244.0
247.0		0.0035774528299174105	-0.011876409145942702	0.03841511074415585	174.65617	174.65617	247.0
250.0		0.0035429484036117297	-0.011876410665261246	0.014278703277553206	176.7775	176.7775	250.0
253.0		0.0035236222496598537	-0.011876411309333345	-0.006913465367099886	178.89883	178.89883	253.0
256.0		0.003512977091302504	-0.011876411577447586	-0.025417874517292383	181.02016	181.02016	256.0
259.0		0.0035072106246494626	-0.011876411687047901	-0.04148700531225605	183.14149	183.14149	259.0
262.0		0.003504138546832712	-0.011876411731044251	-0.05536560144938116	185.26282	185.26282	262.0
265.0		0.0035025288939986	-0.011876411748387897	-0.06728767657638127	187.38415	187.38415	265.0
268.0		0.003501699383830027	-0.011876411755102012	-0.07747422811606784	189.50548	189.50548	268.0
271.0		0.003501278936312582	-0.011876411757654522	-0.086131602515991	191.62681	191.62681	271.0
274.0		0.0035010693259242168	-0.011876411758607494	-0.09345044638343546	193.74814	193.74814	274.0
277.0		0.0035009665398179337	-0.011876411758956904	-0.09960517140786873	195.86947	195.86947	277.0
280.0		0.003500916962197628	-0.011876411759082718	-0.10475385797683709	197.9908	197.9908	280.0
283.0		0.003500893440152982	-0.01187641175912721	-0.10903852246428439	200.11213	200.11213	283.0
286.0		0.003500882462473398	-0.011876411759142662	-0.11258567577402401	202.23346	202.23346	286.0
289.0		0.003500877422832457	-0.011876411759147934	-0.11550710530514947	204.35479	204.35479	289.0
292.0		0.0035008751469530882	-0.011876411759149698	-0.11790081853562648	206.47612	206.47612	292.0
RTBT_Diag:WS20

Name	X Fit	X RMS	Y Fit	Y RMS	Z Fit	Z RMS
-------	-----	-----	-----	-----	-----	-----
Area	188.10220493810704	157.41381630730794	169.74931719739362	156.80919270833337	170.52866074760433	149.41774645288086
Ampl	2.842234090086319	2.6068359374999996	3.2819244591044483	3.2360351562500003	3.280891520127189	2.9995117187499996
Mean	89.90958003216862	89.18908143450771	102.08599924685527	102.08841472427093	135.8906293405706	127.14873354156853
Sigma	26.40244265885468	20.97563550379729	20.634289589283668	18.066265173485675	20.73555080230578	15.458892097972576
Offset	-0.07976564996402816	0.013330078124999999	-0.0036344530721697083	0.0158203125	0.10631723265192147	0.005419921875
Slope	0.0	0.0	0.0	0.0	0.0	0.0

Position	X Raw	Y Raw	Z Raw
--------	-----	-----	-----
25.0		0.01279296875	0.01533203125	0.00546875	17.67775	17.67775	25.0
28.0		0.0138671875	0.01630859375	0.00537109375	19.79908	19.79908	28.0
31.0		0.01513671875	0.01728515625	0.005859375	21.92041	21.92041	31.0
34.0		0.01533203125	0.01787109375	0.0060546875	24.04174	24.04174	34.0
37.0		0.01357421875	0.0166015625	0.00615234375	26.16307	26.16307	37.0
40.0		0.01533203125	0.01767578125	0.0068359375	28.2844	28.2844	40.0
43.0		0.01796875	0.01923828125	0.0064453125	30.405730000000002	30.405730000000002	43.0
46.0		0.01064453125	0.015234375	0.00498046875	32.52706	32.52706	46.0
49.0		0.0384765625	0.02216796875	0.00849609375	34.64839	34.64839	49.0
52.0		0.066796875	0.02626953125	0.009375	36.76972	36.76972	52.0
55.0		0.10986328125	0.04677734375	0.01142578125	38.89105	38.89105	55.0
58.0		0.17021484375	0.1142578125	0.01103515625	41.01238	41.01238	58.0
61.0		0.24384765625	0.24189453125	0.01220703125	43.13371	43.13371	61.0
64.0		0.32763671875	0.42919921875	0.01318359375	45.25504	45.25504	64.0
67.0		0.4517578125	0.64765625	0.00908203125	47.37637	47.37637	67.0
70.0		0.5958984375	0.90869140625	0.01064453125	49.4977	49.4977	70.0
73.0		0.7494140625	1.201953125	0.0146484375	51.61903	51.61903	73.0
76.0		0.9458984375	1.47744140625	0.01357421875	53.74036	53.74036	76.0
79.0		1.14365234375	1.75458984375	0.0201171875	55.86169	55.86169	79.0
82.0		1.3359375	2.05341796875	0.01875	57.98302	57.98302	82.0
85.0		1.5095703125	2.3095703125	0.02109375	60.104350000000004	60.104350000000004	85.0
88.0		1.7091796875	2.5736328125	0.0234375	62.225680000000004	62.225680000000004	88.0
91.0		1.83486328125	2.81865234375	0.0212890625	64.34701	64.34701	91.0
94.0		1.9515625	3.02626953125	0.02158203125	66.46834	66.46834	94.0
97.0		2.06123046875	3.16591796875	0.0240234375	68.58967	68.58967	97.0
100.0		2.1623046875	3.262109375	0.023046875	70.711	70.711	100.0
103.0		2.26572265625	3.26767578125	0.02822265625	72.83233	72.83233	103.0
106.0		2.35361328125	3.2068359375	0.03359375	74.95366	74.95366	106.0
109.0		2.4197265625	3.08681640625	0.0265625	77.07499	77.07499	109.0
112.0		2.4974609375	2.90771484375	0.02900390625	79.19632	79.19632	112.0
115.0		2.5337890625	2.66435546875	0.02158203125	81.31765	81.31765	115.0
118.0		2.58369140625	2.41865234375	0.02392578125	83.43898	83.43898	118.0
121.0		2.6048828125	2.15107421875	0.02578125	85.56031	85.56031	121.0
124.0		2.60341796875	1.87138671875	0.0234375	87.68164	87.68164	124.0
127.0		2.63349609375	1.6212890625	0.0318359375	89.80297	89.80297	127.0
130.0		2.615234375	1.32392578125	0.040234375	91.9243	91.9243	130.0
133.0		2.5833984375	1.05205078125	0.08017578125	94.04563	94.04563	133.0
136.0		2.5611328125	0.7345703125	0.20048828125	96.16696	96.16696	136.0
139.0		2.5107421875	0.4828125	0.4853515625	98.28829	98.28829	139.0
142.0		2.46142578125	0.25126953125	0.96796875	100.40962	100.40962	142.0
145.0		2.39521484375	0.1111328125	1.5447265625	102.53095	102.53095	145.0
148.0		2.30966796875	0.0462890625	2.0416015625	104.65228	104.65228	148.0
151.0		2.219921875	0.03056640625	2.43994140625	106.77361	106.77361	151.0
154.0		2.11689453125	0.02861328125	2.737890625	108.89494	108.89494	154.0
157.0		2.00830078125	0.02763671875	2.937890625	111.01627	111.01627	157.0
160.0		1.902734375	0.02626953125	3.05869140625	113.1376	113.1376	160.0
163.0		1.75185546875	0.01943359375	3.09228515625	115.25893	115.25893	163.0
166.0		1.59140625	0.02939453125	3.10419921875	117.38026	117.38026	166.0
169.0		1.41201171875	0.03681640625	3.08740234375	119.50159000000001	119.50159000000001	169.0
172.0		1.2453125	0.0349609375	3.02412109375	121.62292000000001	121.62292000000001	172.0
175.0		1.03125	0.026953125	2.9955078125	123.74425000000001	123.74425000000001	175.0
178.0		0.83486328125	0.03447265625	3.00625	125.86558000000001	125.86558000000001	178.0
181.0		0.64599609375	0.03505859375	3.0103515625	127.98691000000001	127.98691000000001	181.0
184.0		0.47470703125	0.03017578125	3.00458984375	130.10824	130.10824	184.0
187.0		0.3587890625	0.033203125	3.04765625	132.22957	132.22957	187.0
190.0		0.2599609375	0.03525390625	3.0701171875	134.3509	134.3509	190.0
193.0		0.19033203125	0.0279296875	3.12529296875	136.47223	136.47223	193.0
196.0		0.13955078125	0.0265625	3.1546875	138.59356	138.59356	196.0
199.0		0.095703125	0.02568359375	3.13857421875	140.71489	140.71489	199.0
202.0		0.06015625	0.01611328125	3.06201171875	142.83622	142.83622	202.0
205.0		0.0361328125	0.01328125	2.89765625	144.95755	144.95755	205.0
208.0		0.0271484375	0.02001953125	2.65693359375	147.07888	147.07888	208.0
211.0		0.02021484375	0.016796875	2.30986328125	149.20021	149.20021	211.0
214.0		0.022265625	0.02060546875	1.730859375	151.32154	151.32154	214.0
217.0		0.01953125	0.01396484375	1.036328125	153.44287	153.44287	217.0
220.0		0.0189453125	0.01142578125	0.505859375	155.5642	155.5642	220.0
223.0		0.0173828125	0.0103515625	0.17890625	157.68553	157.68553	223.0
226.0		0.015625	0.009375	0.06025390625	159.80686	159.80686	226.0
229.0		0.0162109375	0.01064453125	0.0330078125	161.92819	161.92819	229.0
232.0		0.01337890625	0.009765625	0.02109375	164.04952	164.04952	232.0
235.0		0.01572265625	0.01015625	0.0244140625	166.17085	166.17085	235.0
238.0		0.0134765625	0.00966796875	0.019921875	168.29218	168.29218	238.0
241.0		0.012109375	0.00908203125	0.01943359375	170.41351	170.41351	241.0
244.0		0.0126953125	0.00908203125	0.019921875	172.53484	172.53484	244.0
247.0		0.01220703125	0.00908203125	0.01845703125	174.65617	174.65617	247.0
250.0		0.0126953125	0.0091796875	0.01806640625	176.7775	176.7775	250.0
253.0		0.0123046875	0.00927734375	0.01806640625	178.89883	178.89883	253.0
256.0		0.01201171875	0.008984375	0.01728515625	181.02016	181.02016	256.0
259.0		0.01171875	0.0095703125	0.0171875	183.14149	183.14149	259.0
262.0		0.011328125	0.00908203125	0.01650390625	185.26282	185.26282	262.0
265.0		0.01162109375	0.009375	0.0162109375	187.38415	187.38415	265.0
268.0		0.011328125	0.00888671875	0.015625	189.50548	189.50548	268.0
271.0		0.01083984375	0.00888671875	0.01552734375	191.62681	191.62681	271.0
274.0		0.011328125	0.00947265625	0.015625	193.74814	193.74814	274.0
277.0		0.0109375	0.0091796875	0.0150390625	195.86947	195.86947	277.0
280.0		0.0107421875	0.00947265625	0.01435546875	197.9908	197.9908	280.0
283.0		0.01015625	0.008984375	0.01357421875	200.11213	200.11213	283.0
286.0		0.01064453125	0.0095703125	0.0134765625	202.23346	202.23346	286.0
289.0		0.0095703125	0.0091796875	0.0123046875	204.35479	204.35479	289.0
292.0		0.00986328125	0.00849609375	0.0123046875	206.47612	206.47612	292.0

Position	X Fit	Y Fit	Z Fit
--------	-----	-----	-----
25.0		-0.010832130040141927	1.408785145869734E-4	0.10470904643617222	17.67775	17.67775	25.0
28.0		0.005503685051939669	0.0023060436771439874	0.10470926652437061	19.79908	19.79908	28.0
31.0		0.02511485208557912	0.0058050292306452275	0.10470964945343685	21.92041	21.92041	31.0
34.0		0.04848478855978411	0.011332131434104827	0.10471030856590434	24.04174	24.04174	34.0
37.0		0.07612724770309953	0.019864932551654824	0.10471143088088777	26.16307	26.16307	37.0
40.0		0.10857852703565768	0.032737051045726676	0.10471332138722056	28.2844	28.2844	40.0
43.0		0.1463871552885067	0.051707927582826704	0.1047164716255065	30.405730000000002	30.405730000000002	43.0
46.0		0.19010094833336272	0.0790169029339476	0.1047216644535697	32.52706	32.52706	46.0
49.0		0.24025143141935718	0.11740441216520027	0.10473013190507834	34.64839	34.64839	49.0
52.0		0.2973357540888171	0.17007977005522304	0.10474378975251757	36.76972	36.76972	52.0
55.0		0.36179637209855015	0.2406141064462783	0.10476558112618563	38.89105	38.89105	55.0
58.0		0.4339989319186017	0.33273996604889067	0.1047999726403	41.01238	41.01238	58.0
61.0		0.5142089603223058	0.45004708947182487	0.10485366015274605	43.13371	43.13371	61.0
64.0		0.6025681248192156	0.5955774058649814	0.10493655755161871	45.25504	45.25504	64.0
67.0		0.6990709793983376	0.7713406086643761	0.10506316050116324	47.37637	47.37637	67.0
70.0		0.8035432325831495	0.9777927296422311	0.10525439707857402	49.4977	49.4977	70.0
73.0		0.9156226593928957	1.2133403137614551	0.10554009719979726	51.61903	51.61903	73.0
76.0		1.0347438144699521	1.4739475531631931	0.10596223031111224	53.74036	53.74036	76.0
79.0		1.1601276811005539	1.7529283191165874	0.10657907263369308	55.86169	55.86169	79.0
82.0		1.2907773035155818	2.040995683240462	0.10747046679447687	57.98302	57.98302	82.0
85.0		1.4254802946179455	2.3266167013603933	0.1087443223761178	60.104350000000004	60.104350000000004	85.0
88.0		1.562818889258021	2.596681546125233	0.11054446931475777	62.225680000000004	62.225680000000004	88.0
91.0		1.7011879301227855	2.837448565952158	0.11305991028984172	64.34701	64.34701	91.0
94.0		1.8388208397210417	3.035678458699421	0.11653541673396761	66.46834	66.46834	94.0
97.0		1.9738232628290011	3.179830891001963	0.12128327067629768	68.58967	68.58967	97.0
100.0		2.1042136779410865	3.261174418464601	0.1276957688889909	70.711	70.711	100.0
103.0		2.227969895406306	3.274661589307683	0.1362578785943719	72.83233	72.83233	103.0
106.0		2.3430800071639033	3.219447324279615	0.14755917307531424	74.95366	74.95366	106.0
109.0		2.447596051386435	3.0989765538832343	0.16230389600381345	77.07499	77.07499	109.0
112.0		2.5396884261978334	2.920628477589258	0.18131772851860173	79.19632	79.19632	112.0
115.0		2.6176989478438997	2.6949685193921598	0.2055495947673072	81.31765	81.31765	115.0
118.0		2.6801904132261387	2.434713400697928	0.23606667881030102	83.43898	83.43898	118.0
121.0		2.725990601434706	2.153550129522515	0.2740407822813971	85.56031	85.56031	121.0
124.0		2.7542288338203393	1.864960651320276	0.32072427253831975	87.68164	87.68164	124.0
127.0		2.764363500065246	1.5811900983169977	0.37741419486369826	89.80297	89.80297	127.0
130.0		2.7561993346091023	1.312462557434559	0.445403677667077	91.9243	91.9243	130.0
133.0		2.729893673557473	1.0665020819197943	0.5259205559144576	94.04563	94.04563	133.0
136.0		2.685951411986035	0.8483677531855492	0.6200541590672224	96.16696	96.16696	136.0
139.0		2.625208887425757	0.6605686840283528	0.7286724090621228	98.28829	98.28829	139.0
142.0		2.5488074082158807	0.5033942365298545	0.8523326720522109	100.40962	100.40962	142.0
145.0		2.458157597195919	0.3753793631662268	0.9911910945732133	102.53095	102.53095	145.0
148.0		2.354896106596853	0.27382447016441935	1.144916295813356	104.65228	104.65228	148.0
151.0		2.240836558300283	0.19530052113895363	1.3126141348189477	106.77361	106.77361	151.0
154.0		2.117916760120436	0.1360887415684608	1.4927706791462154	108.89494	108.89494	154.0
157.0		1.9881443354995056	0.09252548752362119	1.683220344846309	111.01627	111.01627	157.0
160.0		1.8535428802121343	0.061242574997540454	1.8811453720182814	113.1376	113.1376	160.0
163.0		1.716100631504371	0.03930892237391768	2.083111318351709	115.25893	115.25893	163.0
166.0		1.5777234149117874	0.024289512742912904	2.2851411384072473	117.38026	117.38026	166.0
169.0		1.4401933392338577	0.014242498749473146	2.4828277881579397	119.50159000000001	119.50159000000001	169.0
172.0		1.3051343618004476	0.0076757030976333926	2.6714823442510274	121.62292000000001	121.62292000000001	172.0
175.0		1.1739854672064842	0.003481196874993658	2.8463116061083262	123.74425000000001	123.74425000000001	175.0
178.0		1.0479818163253327	8.624843266194487E-4	3.002616342864886	125.86558000000001	125.86558000000001	178.0
181.0		0.9281438505258691	-7.357302819006079E-4	3.13599904856555	127.98691000000001	127.98691000000001	181.0
184.0		0.8152739978059738	-0.0016893524914306656	3.2425685422035486	130.10824	130.10824	184.0
187.0		0.7099603384609872	-0.0022457170017769305	3.3191281968291464	132.22957	132.22957	187.0
190.0		0.6125863589365255	-0.002563131688292373	3.3633351171950365	134.3509	134.3509	190.0
193.0		0.523345759938221	-0.002740231258424578	3.3738192130513687	136.47223	136.47223	193.0
196.0		0.4422611902860272	-0.002836873154688339	3.3502537256872125	138.59356	138.59356	196.0
199.0		0.3692057487405133	-0.002888455616363694	3.2933721426781037	140.71489	140.71489	199.0
202.0		0.3039261258234096	-0.002915386816390615	3.2049302792412653	142.83622	142.83622	202.0
205.0		0.24606633747666584	-0.002929141548804195	3.0876162610830034	144.95755	144.95755	205.0
208.0		0.19519112140589173	-0.0029360140513074195	2.944914847367424	147.07888	147.07888	208.0
211.0		0.1508082134155384	-0.0029393734806184577	2.7809356461114287	149.20021	149.20021	211.0
214.0		0.11238888325555974	-0.0029409801395229563	2.600217026453222	151.32154	151.32154	214.0
217.0		0.0793862765230369	-0.002941731948642032	2.407518746010468	153.44287	153.44287	217.0
220.0		0.051251271421943245	-0.002942076166931598	2.2076164212452123	155.5642	155.5642	220.0
223.0		0.027445708877498018	-0.002942230378938397	2.005110022360449	157.68553	157.68553	223.0
226.0		0.007452985819799043	-0.0029422979832851586	1.8042567222036583	159.80686	159.80686	226.0
229.0		-0.009213889374517295	-0.002942326984519936	1.608835901068733	161.92819	161.92819	229.0
232.0		-0.023006595098138502	-0.0029423391591592235	1.4220511852819264	164.04952	164.04952	232.0
235.0		-0.034337903104776094	-0.0029423441607126792	1.2464713710041182	166.17085	166.17085	235.0
238.0		-0.04357990990308822	-0.0029423461715345515	1.084009231678431	168.29218	168.29218	238.0
241.0		-0.051063791529752545	-0.0029423469627087675	0.9359347581324292	170.41351	170.41351	241.0
244.0		-0.057080779791918286	-0.0029423472673648175	0.802917499401871	172.53484	172.53484	244.0
247.0		-0.06188407148284617	-0.0029423473821789553	0.6850914498142887	174.65617	174.65617	247.0
250.0		-0.06569140583723677	-0.0029423474245273535	0.5821353788279244	176.7775	176.7775	250.0
253.0		-0.06868807620516246	-0.0029423474398150603	0.4933615734191452	178.89883	178.89883	253.0
256.0		-0.0710301765180869	-0.0029423474452166137	0.41780655605012607	181.02016	181.02016	256.0
259.0		-0.07284791898053164	-0.002942347447084596	0.3543183193025927	183.14149	183.14149	259.0
262.0		-0.07424889444343527	-0.002942347447716878	0.30163583255898974	185.26282	185.26282	262.0
265.0		-0.07532117952456413	-0.0029423474479263567	0.2584578821912465	187.38415	187.38415	265.0
268.0		-0.07613622366472858	-0.002942347447994287	0.22349957825458366	189.50548	189.50548	268.0
271.0		-0.07675147432348225	-0.002942347448015849	0.19553599891134024	191.62681	191.62681	271.0
274.0		-0.07721271918186697	-0.002942347448022548	0.17343338208099462	193.74814	193.74814	274.0
277.0		-0.07755614059156901	-0.0029423474480245854	0.1561689777197322	195.86947	195.86947	277.0
280.0		-0.07781008987099236	-0.002942347448025192	0.14284113807523258	197.9908	197.9908	280.0
283.0		-0.07799659782928522	-0.0029423474480253686	0.13267146462436133	200.11213	200.11213	283.0
286.0		-0.07813264361333731	-0.002942347448025419	0.12500088255479086	202.23346	202.23346	286.0
289.0		-0.07823120716501933	-0.0029423474480254333	0.11928141886656392	204.35479	204.35479	289.0
292.0		-0.07830213178101728	-0.002942347448025437	0.11506526328223776	206.47612	206.47612	292.0

PVLoggerID = 46923148