start time: Mon Feb 08 18:23:50 EST 2021

RTBT_Diag:WS24

Name	X Fit	X RMS	Y Fit	Y RMS	Z Fit	Z RMS
-------	-----	-----	-----	-----	-----	-----
Area	0.0	133.23867259404298	159.61774025956436	142.30845052083333	158.51945640188615	137.83919884739583
Ampl	0.0	1.84462890625	2.688307959634171	2.6136718749999996	3.0360840803168485	2.7391601562499996
Mean	0.0	107.38000272418438	104.3746375712004	104.22905554515027	118.00056262318155	112.673403000752
Sigma	73.21386076674759	23.41158193839044	23.687117044558995	19.757389963634257	20.82950002437487	16.50923485206002
Offset	0.023241996017156864	0.023193359375	-0.01400976911266029	0.019921875	0.037763032140036304	0.01494140625
Slope	0.0	0.0	0.0	0.0	0.0	0.0

Position	X Raw	Y Raw	Z Raw
--------	-----	-----	-----
25.0		0.022265625	0.01904296875	0.01455078125	17.67775	17.67775	25.0
28.0		0.02412109375	0.02080078125	0.01533203125	19.79908	19.79908	28.0
31.0		0.023046875	0.02060546875	0.015625	21.92041	21.92041	31.0
34.0		0.023828125	0.0220703125	0.0158203125	24.04174	24.04174	34.0
37.0		0.03232421875	0.03173828125	0.021484375	26.16307	26.16307	37.0
40.0		0.03271484375	0.0326171875	0.0216796875	28.2844	28.2844	40.0
43.0		0.0337890625	0.0337890625	0.023046875	30.405730000000002	30.405730000000002	43.0
46.0		0.03408203125	0.0361328125	0.02412109375	32.52706	32.52706	46.0
49.0		0.035546875	0.0376953125	0.025	34.64839	34.64839	49.0
52.0		0.03603515625	0.04052734375	0.025	36.76972	36.76972	52.0
55.0		0.03779296875	0.061328125	0.02666015625	38.89105	38.89105	55.0
58.0		0.03681640625	0.11337890625	0.02646484375	41.01238	41.01238	58.0
61.0		0.0376953125	0.2326171875	0.026953125	43.13371	43.13371	61.0
64.0		0.0353515625	0.11298828125	0.0263671875	45.25504	45.25504	64.0
67.0		0.05	0.66357421875	0.03486328125	47.37637	47.37637	67.0
70.0		0.0515625	0.8970703125	0.03603515625	49.4977	49.4977	70.0
73.0		0.05654296875	1.126171875	0.03837890625	51.61903	51.61903	73.0
76.0		0.07314453125	1.35537109375	0.04033203125	53.74036	53.74036	76.0
79.0		0.11015625	1.56494140625	0.04287109375	55.86169	55.86169	79.0
82.0		0.17109375	1.78876953125	0.04482421875	57.98302	57.98302	82.0
85.0		0.26015625	1.9642578125	0.04716796875	60.104350000000004	60.104350000000004	85.0
88.0		0.35830078125	2.15556640625	0.04873046875	62.225680000000004	62.225680000000004	88.0
91.0		0.48662109375	2.2982421875	0.05107421875	64.34701	64.34701	91.0
94.0		0.634375	2.40927734375	0.0509765625	66.46834	66.46834	94.0
97.0		0.7998046875	2.5419921875	0.0513671875	68.58967	68.58967	97.0
100.0		0.979296875	2.60205078125	0.05439453125	70.711	70.711	100.0
103.0		1.109375	2.653515625	0.0580078125	72.83233	72.83233	103.0
106.0		1.259375	2.646875	0.05830078125	74.95366	74.95366	106.0
109.0		1.376953125	2.58427734375	0.07080078125	77.07499	77.07499	109.0
112.0		1.45908203125	2.5453125	0.12177734375	79.19632	79.19632	112.0
115.0		1.53701171875	2.3966796875	0.27509765625	81.31765	81.31765	115.0
118.0		1.64775390625	2.287890625	0.55517578125	83.43898	83.43898	118.0
121.0		1.70927734375	2.1115234375	0.97353515625	85.56031	85.56031	121.0
124.0		1.759765625	1.8998046875	1.43544921875	87.68164	87.68164	124.0
127.0		1.79013671875	1.71474609375	1.84384765625	89.80297	89.80297	127.0
130.0		1.8197265625	1.47080078125	2.19013671875	91.9243	91.9243	130.0
133.0		1.84072265625	1.24013671875	2.38994140625	94.04563	94.04563	133.0
136.0		1.86259765625	0.991796875	2.5849609375	96.16696	96.16696	136.0
139.0		1.86591796875	0.73369140625	2.69638671875	98.28829	98.28829	139.0
142.0		1.9052734375	0.54169921875	2.7353515625	100.40962	100.40962	142.0
145.0		1.87705078125	0.341796875	2.80380859375	102.53095	102.53095	145.0
148.0		1.9197265625	0.1953125	2.77373046875	104.65228	104.65228	148.0
151.0		1.891015625	0.08603515625	2.76943359375	106.77361	106.77361	151.0
154.0		1.9150390625	0.05791015625	2.773828125	108.89494	108.89494	154.0
157.0		1.92314453125	0.04267578125	2.7876953125	111.01627	111.01627	157.0
160.0		1.9087890625	0.04150390625	2.76904296875	113.1376	113.1376	160.0
163.0		1.88837890625	0.03720703125	2.78291015625	115.25893	115.25893	163.0
166.0		1.87998046875	0.04052734375	2.78984375	117.38026	117.38026	166.0
169.0		1.85654296875	0.033203125	2.8109375	119.50159000000001	119.50159000000001	169.0
172.0		1.84287109375	0.03505859375	2.82353515625	121.62292000000001	121.62292000000001	172.0
175.0		1.81259765625	0.03271484375	2.76962890625	123.74425000000001	123.74425000000001	175.0
178.0		1.76923828125	0.02841796875	2.762109375	125.86558000000001	125.86558000000001	178.0
181.0		1.73271484375	0.0326171875	2.7060546875	127.98691000000001	127.98691000000001	181.0
184.0		1.677734375	0.0251953125	2.587109375	130.10824	130.10824	184.0
187.0		1.596484375	0.0248046875	2.397265625	132.22957	132.22957	187.0
190.0		1.5576171875	0.02841796875	2.15712890625	134.3509	134.3509	190.0
193.0		1.445703125	0.02294921875	1.6740234375	136.47223	136.47223	193.0
196.0		1.346875	0.02373046875	1.12802734375	138.59356	138.59356	196.0
199.0		1.191796875	0.01591796875	0.65458984375	140.71489	140.71489	199.0
202.0		1.0796875	0.01845703125	0.2923828125	142.83622	142.83622	202.0
205.0		0.8884765625	0.0162109375	0.13037109375	144.95755	144.95755	205.0
208.0		0.7154296875	0.01357421875	0.0732421875	147.07888	147.07888	208.0
211.0		0.55205078125	0.00859375	0.05849609375	149.20021	149.20021	211.0
214.0		0.44150390625	0.01240234375	0.06845703125	151.32154	151.32154	214.0
217.0		0.32578125	0.01123046875	0.0603515625	153.44287	153.44287	217.0
220.0		0.2033203125	0.00712890625	0.051171875	155.5642	155.5642	220.0
223.0		0.13505859375	0.008203125	0.0587890625	157.68553	157.68553	223.0
226.0		0.08076171875	0.0064453125	0.051953125	159.80686	159.80686	226.0
229.0		0.04990234375	0.0048828125	0.04462890625	161.92819	161.92819	229.0
232.0		0.04853515625	0.00625	0.05244140625	164.04952	164.04952	232.0
235.0		0.03984375	0.00419921875	0.04541015625	166.17085	166.17085	235.0
238.0		0.04501953125	0.00576171875	0.051171875	168.29218	168.29218	238.0
241.0		0.03955078125	0.00419921875	0.04482421875	170.41351	170.41351	241.0
244.0		0.04384765625	0.00615234375	0.05	172.53484	172.53484	244.0
247.0		0.03779296875	0.00380859375	0.0443359375	174.65617	174.65617	247.0
250.0		0.04072265625	0.0048828125	0.047265625	176.7775	176.7775	250.0
253.0		0.03310546875	0.0029296875	0.03876953125	178.89883	178.89883	253.0
256.0		0.03466796875	0.00322265625	0.04033203125	181.02016	181.02016	256.0
259.0		0.03515625	0.003515625	0.04130859375	183.14149	183.14149	259.0
262.0		0.03505859375	0.00302734375	0.041015625	185.26282	185.26282	262.0
265.0		0.03427734375	0.00361328125	0.04033203125	187.38415	187.38415	265.0
268.0		0.024609375	9.765625E-5	0.029296875	189.50548	189.50548	268.0
271.0		0.02431640625	2.9296875E-4	0.02919921875	191.62681	191.62681	271.0
274.0		0.0232421875	-2.9296875E-4	0.02890625	193.74814	193.74814	274.0
277.0		0.0234375	-1.953125E-4	0.028125	195.86947	195.86947	277.0
280.0		0.02119140625	-5.859375E-4	0.02626953125	197.9908	197.9908	280.0
283.0		0.02060546875	-6.8359375E-4	0.02607421875	200.11213	200.11213	283.0
286.0		0.0279296875	0.0025390625	0.03427734375	202.23346	202.23346	286.0
289.0		0.02607421875	0.00185546875	0.03193359375	204.35479	204.35479	289.0
292.0		0.01845703125	-9.765625E-4	0.02353515625	206.47612	206.47612	292.0

Position	X Fit	Y Fit	Z Fit
--------	-----	-----	-----
25.0		0.023241996017156864	-0.002987506338643125	0.03711462884709411	17.67775	17.67775	25.0
28.0		0.023241996017156864	0.00209385268967964	0.037132118102578764	19.79908	19.79908	28.0
31.0		0.023241996017156864	0.009435996937029586	0.037159746732160534	21.92041	21.92041	31.0
34.0		0.023241996017156864	0.019859642804044536	0.03720292373446226	24.04174	24.04174	34.0
37.0		0.023241996017156864	0.03439784100025579	0.0372696722212533	26.16307	26.16307	37.0
40.0		0.023241996017156864	0.05431504016925086	0.03737174646827784	28.2844	28.2844	40.0
43.0		0.023241996017156864	0.0811126337476061	0.03752615314960916	30.405730000000002	30.405730000000002	43.0
46.0		0.023241996017156864	0.11651440526585326	0.037757189162738736	32.52706	32.52706	46.0
49.0		0.023241996017156864	0.1624251222682879	0.03809912502855658	34.64839	34.64839	49.0
52.0		0.023241996017156864	0.22085630702387815	0.03859967537697587	36.76972	36.76972	52.0
55.0		0.023241996017156864	0.2938151844291898	0.03932440286403301	38.89105	38.89105	55.0
58.0		0.023241996017156864	0.38315610323138277	0.04036219439373091	41.01238	41.01238	58.0
61.0		0.023241996017156864	0.4903982806716452	0.04183192327368842	43.13371	43.13371	61.0
64.0		0.023241996017156864	0.6165192161979126	0.0438903619268406	45.25504	45.25504	64.0
67.0		0.023241996017156864	0.7617389667217065	0.04674133105559753	47.37637	47.37637	67.0
70.0		0.023241996017156864	0.9253158394181107	0.050645957618698	49.4977	49.4977	70.0
73.0		0.023241996017156864	1.105377949868048	0.05593376250329469	51.61903	51.61903	73.0
76.0		0.023241996017156864	1.2988165200035466	0.06301410949183482	53.74036	53.74036	76.0
79.0		0.023241996017156864	1.5012649429232148	0.07238732484592153	55.86169	55.86169	79.0
82.0		0.023241996017156864	1.707182093532576	0.0846545523707342	57.98302	57.98302	82.0
85.0		0.023241996017156864	1.9100492344192537	0.10052516000507916	60.104350000000004	60.104350000000004	85.0
88.0		0.023241996017156864	2.102677906548431	0.1208202860289023	62.225680000000004	62.225680000000004	88.0
91.0		0.023241996017156864	2.2776127611034336	0.14647093800586133	64.34701	64.34701	91.0
94.0		0.023241996017156864	2.4276001920261137	0.17850897289510625	66.46834	66.46834	94.0
97.0		0.023241996017156864	2.5460828652626204	0.21804933185053535	68.58967	68.58967	97.0
100.0		0.023241996017156864	2.627673655027361	0.26626211533881494	70.711	70.711	100.0
103.0		0.023241996017156864	2.668561433800792	0.32433349288196117	72.83233	72.83233	103.0
106.0		0.023241996017156864	2.6668061800924434	0.3934150625943931	74.95366	74.95366	106.0
109.0		0.023241996017156864	2.622491583369325	0.4745621043498638	77.07499	77.07499	109.0
112.0		0.023241996017156864	2.5377184288469077	0.5686621773639619	79.19632	79.19632	112.0
115.0		0.023241996017156864	2.4164394903329502	0.6763566405003537	81.31765	81.31765	115.0
118.0		0.023241996017156864	2.264154002289896	0.797958835778992	83.43898	83.43898	118.0
121.0		0.023241996017156864	2.087494595573375	0.933373762065757	85.56031	85.56031	121.0
124.0		0.023241996017156864	1.8937498682918574	1.0820249500792385	87.68164	87.68164	124.0
127.0		0.023241996017156864	1.6903702846891668	1.242794800669383	89.80297	89.80297	127.0
130.0		0.023241996017156864	1.4845035469119712	1.4139847456798305	91.9243	91.9243	130.0
133.0		0.023241996017156864	1.282598597972538	1.5933011421201992	94.04563	94.04563	133.0
136.0		0.023241996017156864	1.0901063863185065	1.7778717672764586	96.16696	96.16696	136.0
139.0		0.023241996017156864	0.9112923236561997	1.9642961534559626	98.28829	98.28829	139.0
142.0		0.023241996017156864	0.7491619916028721	2.1487308602417845	100.40962	100.40962	142.0
145.0		0.023241996017156864	0.6054898809045296	2.3270082693423597	102.53095	102.53095	145.0
148.0		0.023241996017156864	0.48093209070162407	2.4947848005224578	104.65228	104.65228	148.0
151.0		0.023241996017156864	0.3751986734614482	2.647711826809021	106.77361	106.77361	151.0
154.0		0.023241996017156864	0.2872597538413683	2.7816202716950484	108.89494	108.89494	154.0
157.0		0.023241996017156864	0.21556121209149245	2.892708148910663	111.01627	111.01627	157.0
160.0		0.023241996017156864	0.1582297730835428	2.977719365134869	113.1376	113.1376	160.0
163.0		0.023241996017156864	0.11325278092190934	3.0341020892914408	115.25893	115.25893	163.0
166.0		0.023241996017156864	0.07862378563786011	3.060135952368393	117.38026	117.38026	166.0
169.0		0.023241996017156864	0.05245050553154583	3.055019233552753	119.50159000000001	119.50159000000001	169.0
172.0		0.023241996017156864	0.033026188063091	3.0189098680690614	121.62292000000001	121.62292000000001	172.0
175.0		0.023241996017156864	0.018868579111737366	2.95291735019726	123.74425000000001	123.74425000000001	175.0
178.0		0.023241996017156864	0.008732578038246933	2.859046110640499	125.86558000000001	125.86558000000001	178.0
181.0		0.023241996017156864	0.0016033463410607476	2.7400944000261185	127.98691000000001	127.98691000000001	181.0
184.0		0.023241996017156864	-0.003323591308653829	2.599515795089868	130.10824	130.10824	184.0
187.0		0.023241996017156864	-0.006669560249738509	2.441252887130018	132.22957	132.22957	187.0
190.0		0.023241996017156864	-0.008902740601363002	2.269554310222191	134.3509	134.3509	190.0
193.0		0.023241996017156864	-0.010367695992480047	2.08878690702321	136.47223	136.47223	193.0
196.0		0.023241996017156864	-0.011312324689015604	1.903254500255164	138.59356	138.59356	196.0
199.0		0.023241996017156864	-0.011911105322955242	1.7170335222675683	140.71489	140.71489	199.0
202.0		0.023241996017156864	-0.012284247865323164	1.5338338196067856	142.83622	142.83622	202.0
205.0		0.023241996017156864	-0.012512865597507888	1.3568905191857255	144.95755	144.95755	205.0
208.0		0.023241996017156864	-0.012650586043249475	1.1888901725142624	147.07888	147.07888	208.0
211.0		0.023241996017156864	-0.012732162216803	1.0319317399660535	149.20021	149.20021	211.0
214.0		0.023241996017156864	-0.012779676670463187	0.8875205668724662	151.32154	151.32154	214.0
217.0		0.023241996017156864	-0.012806891461948652	0.7565915178189377	153.44287	153.44287	217.0
220.0		0.023241996017156864	-0.012822220643149515	0.6395559936123492	155.5642	155.5642	220.0
223.0		0.023241996017156864	-0.012830712135176	0.5363667090873793	157.68553	157.68553	223.0
226.0		0.023241996017156864	-0.01283533823856472	0.44659384796374607	159.80686	159.80686	226.0
229.0		0.023241996017156864	-0.01283781695586279	0.36950646873892	161.92819	161.92819	229.0
232.0		0.023241996017156864	-0.012839123223097049	0.3041537097025944	164.04952	164.04952	232.0
235.0		0.023241996017156864	-0.01283980030711034	0.24944130609704204	166.17085	166.17085	235.0
238.0		0.023241996017156864	-0.0128401455063723	0.20420005709850073	168.29218	168.29218	238.0
241.0		0.023241996017156864	-0.012840318617286794	0.16724404219948735	170.41351	170.41351	241.0
244.0		0.023241996017156864	-0.01284040400908575	0.13741748272656887	172.53484	172.53484	244.0
247.0		0.023241996017156864	-0.012840445442830665	0.11363009772767968	174.65617	174.65617	247.0
250.0		0.023241996017156864	-0.012840465219226094	0.09488156600038142	176.7775	176.7775	250.0
253.0		0.023241996017156864	-0.01284047450467894	0.08027625678105582	178.89883	178.89883	253.0
256.0		0.023241996017156864	-0.012840478793418077	0.06902973337583992	181.02016	181.02016	256.0
259.0		0.023241996017156864	-0.012840480742068342	0.06046868766346137	183.14149	183.14149	259.0
262.0		0.023241996017156864	-0.012840481613077295	0.054025961662569975	185.26282	185.26282	262.0
265.0		0.023241996017156864	-0.012840481996080245	0.04923219377779155	187.38415	187.38415	265.0
268.0		0.023241996017156864	-0.012840482161763412	0.045705431105995384	189.50548	189.50548	268.0
271.0		0.023241996017156864	-0.012840482232274443	0.04313981117296279	191.62681	191.62681	271.0
274.0		0.023241996017156864	-0.012840482261796288	0.04129416666238141	193.74814	193.74814	274.0
277.0		0.023241996017156864	-0.012840482273956545	0.0399811679001903	195.86947	195.86947	277.0
280.0		0.023241996017156864	-0.01284048227888442	0.03905740551398926	197.9908	197.9908	280.0
283.0		0.023241996017156864	-0.01284048228084913	0.03841463851453835	200.11213	200.11213	283.0
286.0		0.023241996017156864	-0.012840482281619792	0.03797229416947218	202.23346	202.23346	286.0
289.0		0.023241996017156864	-0.012840482281917205	0.037671204371080534	204.35479	204.35479	289.0
292.0		0.023241996017156864	-0.01284048228203013	0.03746849483179703	206.47612	206.47612	292.0
RTBT_Diag:WS23

Name	X Fit	X RMS	Y Fit	Y RMS	Z Fit	Z RMS
-------	-----	-----	-----	-----	-----	-----
Area	163.97509486138188	143.16759034446613	150.9707816265965	140.66983072916668	0.0	141.8056854358724
Ampl	3.3809623993352136	3.15849609375	2.793983629501218	2.5810546875	0.0	1.9845703125000003
Mean	103.27130792111517	101.29084745720162	102.24368520583164	102.49373903301012	0.0	116.73208689985698
Sigma	19.348513986994817	15.60874746677003	21.556542873106647	19.012178423743705	67.8396666188213	22.601641813438395
Offset	-0.007906395968449624	0.008544921875	-0.016236145042175153	0.016943359375	0.007138001685049019	0.00859375
Slope	0.0	0.0	0.0	0.0	0.0	0.0

Position	X Raw	Y Raw	Z Raw
--------	-----	-----	-----
25.0		0.0080078125	0.01669921875	0.00830078125	17.67775	17.67775	25.0
28.0		0.00908203125	0.0171875	0.00888671875	19.79908	19.79908	28.0
31.0		0.01015625	0.01865234375	0.00869140625	21.92041	21.92041	31.0
34.0		0.00927734375	0.01884765625	0.00888671875	24.04174	24.04174	34.0
37.0		0.01181640625	0.02138671875	0.0103515625	26.16307	26.16307	37.0
40.0		0.0119140625	0.021875	0.010546875	28.2844	28.2844	40.0
43.0		0.01337890625	0.023828125	0.01103515625	30.405730000000002	30.405730000000002	43.0
46.0		0.0140625	0.025	0.01455078125	32.52706	32.52706	46.0
49.0		0.0142578125	0.02646484375	0.01328125	34.64839	34.64839	49.0
52.0		0.01435546875	0.0267578125	0.01044921875	36.76972	36.76972	52.0
55.0		0.01572265625	0.0392578125	0.00830078125	38.89105	38.89105	55.0
58.0		0.0189453125	0.0962890625	0.01337890625	41.01238	41.01238	58.0
61.0		0.02265625	0.2478515625	0.01005859375	43.13371	43.13371	61.0
64.0		0.0126953125	0.12294921875	0.0134765625	45.25504	45.25504	64.0
67.0		0.0271484375	0.73818359375	0.0171875	47.37637	47.37637	67.0
70.0		0.0267578125	0.9998046875	0.02333984375	49.4977	49.4977	70.0
73.0		0.031640625	1.247265625	0.02275390625	51.61903	51.61903	73.0
76.0		0.03505859375	1.4947265625	0.02919921875	53.74036	53.74036	76.0
79.0		0.0333984375	1.71435546875	0.0298828125	55.86169	55.86169	79.0
82.0		0.03583984375	1.94033203125	0.04873046875	57.98302	57.98302	82.0
85.0		0.0390625	2.11708984375	0.03623046875	60.104350000000004	60.104350000000004	85.0
88.0		0.040234375	2.26796875	0.03779296875	62.225680000000004	62.225680000000004	88.0
91.0		0.07080078125	2.426953125	0.04873046875	64.34701	64.34701	91.0
94.0		0.14384765625	2.50009765625	0.05078125	66.46834	66.46834	94.0
97.0		0.31103515625	2.6078125	0.0857421875	68.58967	68.58967	97.0
100.0		0.52509765625	2.61904296875	0.1494140625	70.711	70.711	100.0
103.0		0.80849609375	2.61494140625	0.2673828125	72.83233	72.83233	103.0
106.0		1.13779296875	2.569921875	0.39375	74.95366	74.95366	106.0
109.0		1.4845703125	2.54052734375	0.64912109375	77.07499	77.07499	109.0
112.0		1.7708984375	2.48984375	0.86669921875	79.19632	79.19632	112.0
115.0		2.0384765625	2.372265625	1.11787109375	81.31765	81.31765	115.0
118.0		2.305859375	2.2427734375	1.33505859375	83.43898	83.43898	118.0
121.0		2.49208984375	2.05595703125	1.49658203125	85.56031	85.56031	121.0
124.0		2.6876953125	1.830859375	1.65986328125	87.68164	87.68164	124.0
127.0		2.819140625	1.6001953125	1.75	89.80297	89.80297	127.0
130.0		2.9478515625	1.3240234375	1.85458984375	91.9243	91.9243	130.0
133.0		3.0158203125	1.0701171875	1.89287109375	94.04563	94.04563	133.0
136.0		3.09375	0.8115234375	1.95908203125	96.16696	96.16696	136.0
139.0		3.14736328125	0.54013671875	1.9927734375	98.28829	98.28829	139.0
142.0		3.1755859375	0.31982421875	1.9755859375	100.40962	100.40962	142.0
145.0		3.1810546875	0.13037109375	2.002734375	102.53095	102.53095	145.0
148.0		3.20703125	0.05380859375	1.97646484375	104.65228	104.65228	148.0
151.0		3.19169921875	0.04716796875	1.993359375	106.77361	106.77361	151.0
154.0		3.134765625	0.0447265625	1.994140625	108.89494	108.89494	154.0
157.0		3.02822265625	0.01884765625	1.9787109375	111.01627	111.01627	157.0
160.0		2.95244140625	0.03828125	1.975	113.1376	113.1376	160.0
163.0		2.7763671875	0.028125	1.98525390625	115.25893	115.25893	163.0
166.0		2.6068359375	0.036328125	2.0017578125	117.38026	117.38026	166.0
169.0		2.35927734375	0.0251953125	1.980859375	119.50159000000001	119.50159000000001	169.0
172.0		2.0845703125	0.0201171875	1.98603515625	121.62292000000001	121.62292000000001	172.0
175.0		1.7556640625	0.02978515625	1.98095703125	123.74425000000001	123.74425000000001	175.0
178.0		1.39208984375	0.02568359375	1.98017578125	125.86558000000001	125.86558000000001	178.0
181.0		1.0166015625	0.02216796875	1.9728515625	127.98691000000001	127.98691000000001	181.0
184.0		0.64228515625	0.01962890625	1.98583984375	130.10824	130.10824	184.0
187.0		0.42158203125	0.024609375	1.996875	132.22957	132.22957	187.0
190.0		0.216796875	0.02119140625	1.99208984375	134.3509	134.3509	190.0
193.0		0.08134765625	0.0099609375	1.97119140625	136.47223	136.47223	193.0
196.0		0.04921875	0.0240234375	1.9458984375	138.59356	138.59356	196.0
199.0		0.02919921875	0.01162109375	1.87724609375	140.71489	140.71489	199.0
202.0		0.02978515625	0.0236328125	1.8013671875	142.83622	142.83622	202.0
205.0		0.02041015625	0.01005859375	1.68974609375	144.95755	144.95755	205.0
208.0		0.02158203125	0.01455078125	1.59697265625	147.07888	147.07888	208.0
211.0		0.0287109375	0.01611328125	1.43515625	149.20021	149.20021	211.0
214.0		0.0291015625	0.01533203125	1.2224609375	151.32154	151.32154	214.0
217.0		0.02802734375	0.0212890625	0.9673828125	153.44287	153.44287	217.0
220.0		0.02822265625	0.012890625	0.68603515625	155.5642	155.5642	220.0
223.0		0.02041015625	0.00654296875	0.43935546875	157.68553	157.68553	223.0
226.0		0.02353515625	0.00888671875	0.25595703125	159.80686	159.80686	226.0
229.0		0.0197265625	0.00283203125	0.12294921875	161.92819	161.92819	229.0
232.0		0.023828125	0.00947265625	0.0669921875	164.04952	164.04952	232.0
235.0		0.02080078125	0.00615234375	0.04453125	166.17085	166.17085	235.0
238.0		0.01923828125	0.006640625	0.0375	168.29218	168.29218	238.0
241.0		0.01884765625	0.00712890625	0.03515625	170.41351	170.41351	241.0
244.0		0.01630859375	0.0048828125	0.03271484375	172.53484	172.53484	244.0
247.0		0.0158203125	0.00537109375	0.0330078125	174.65617	174.65617	247.0
250.0		0.01826171875	0.0076171875	0.03291015625	176.7775	176.7775	250.0
253.0		0.01474609375	0.005078125	0.03056640625	178.89883	178.89883	253.0
256.0		0.01357421875	0.00439453125	0.0296875	181.02016	181.02016	256.0
259.0		0.0142578125	0.00546875	0.02890625	183.14149	183.14149	259.0
262.0		0.0125	0.0046875	0.02744140625	185.26282	185.26282	262.0
265.0		0.01240234375	0.00478515625	0.02685546875	187.38415	187.38415	265.0
268.0		0.0119140625	0.00517578125	0.02626953125	189.50548	189.50548	268.0
271.0		0.011328125	0.00517578125	0.0255859375	191.62681	191.62681	271.0
274.0		0.01064453125	0.00478515625	0.02451171875	193.74814	193.74814	274.0
277.0		0.0103515625	0.00546875	0.023828125	195.86947	195.86947	277.0
280.0		0.0103515625	0.00537109375	0.0234375	197.9908	197.9908	280.0
283.0		0.00986328125	0.00537109375	0.02216796875	200.11213	200.11213	283.0
286.0		0.0091796875	0.005078125	0.0216796875	202.23346	202.23346	286.0
289.0		0.009375	0.00498046875	0.02119140625	204.35479	204.35479	289.0
292.0		0.0083984375	0.00556640625	0.02109375	206.47612	206.47612	292.0

Position	X Fit	Y Fit	Z Fit
--------	-----	-----	-----
25.0		-0.007256425004494916	-0.011577626081155146	0.007138001685049019	17.67775	17.67775	25.0
28.0		-0.007137193278604913	-0.008705878014564947	0.007138001685049019	19.79908	19.79908	28.0
31.0		-0.006951005750073717	-0.00425546448770584	0.007138001685049019	21.92041	21.92041	31.0
34.0		-0.006663911376135791	0.002497866681298984	0.007138001685049019	24.04174	24.04174	34.0
37.0		-0.006226793344134535	0.012530948654503219	0.007138001685049019	26.16307	26.16307	37.0
40.0		-0.005569656155039247	0.027121621277739955	0.007138001685049019	28.2844	28.2844	40.0
43.0		-0.004594265534507239	0.047887781550214205	0.007138001685049019	30.405730000000002	30.405730000000002	43.0
46.0		-0.003164888978584508	0.07680652659332321	0.007138001685049019	32.52706	32.52706	46.0
49.0		-0.001096944563720787	0.11620068446219489	0.007138001685049019	34.64839	34.64839	49.0
52.0		0.001856520130592526	0.1686791302361931	0.007138001685049019	36.76972	36.76972	52.0
55.0		0.006020415158629339	0.23701846694570583	0.007138001685049019	38.89105	38.89105	55.0
58.0		0.0118148974722238	0.3239776225159262	0.007138001685049019	41.01238	41.01238	58.0
61.0		0.019773655942667372	0.432044067781436	0.007138001685049019	43.13371	43.13371	61.0
64.0		0.03056206660333726	0.5631205401095937	0.007138001685049019	45.25504	45.25504	64.0
67.0		0.04499361578641304	0.718173473833301	0.007138001685049019	47.37637	47.37637	67.0
70.0		0.06404249013998846	0.896877112559044	0.007138001685049019	49.4977	49.4977	70.0
73.0		0.08884976591746609	1.0972981636924637	0.007138001685049019	51.61903	51.61903	73.0
76.0		0.12072026697203342	1.3156721810233556	0.007138001685049019	53.74036	53.74036	76.0
79.0		0.16110698671971246	1.546322160020758	0.007138001685049019	55.86169	55.86169	79.0
82.0		0.21158007497966005	1.7817604693222633	0.007138001685049019	57.98302	57.98302	82.0
85.0		0.2737778613461774	2.012997005715397	0.007138001685049019	60.104350000000004	60.104350000000004	85.0
88.0		0.34933828731498084	2.230050922674779	0.007138001685049019	62.225680000000004	62.225680000000004	88.0
91.0		0.439810477387607	2.422633816642769	0.007138001685049019	64.34701	64.34701	91.0
94.0		0.5465479693780915	2.5809436037568045	0.007138001685049019	66.46834	66.46834	94.0
97.0		0.6705872553211213	2.6964857645845046	0.007138001685049019	68.58967	68.58967	97.0
100.0		0.8125175949908493	2.7628269130110032	0.007138001685049019	70.711	70.711	100.0
103.0		0.9723503256348411	2.776187859656115	0.007138001685049019	72.83233	72.83233	103.0
106.0		1.1493978248159535	2.7358001353385553	0.007138001685049019	74.95366	74.95366	106.0
109.0		1.3421735859264925	2.64397918584802	0.007138001685049019	77.07499	77.07499	109.0
112.0		1.5483252506389085	2.505904539893018	0.007138001685049019	79.19632	79.19632	112.0
115.0		1.7646116809272971	2.3291359843385986	0.007138001685049019	81.31765	81.31765	115.0
118.0		1.9869331200120557	2.122928614015638	0.007138001685049019	83.43898	83.43898	118.0
121.0		2.2104202010758884	1.8974330207338748	0.007138001685049019	85.56031	85.56031	121.0
124.0		2.429583191021491	1.6628764147484187	0.007138001685049019	87.68164	87.68164	124.0
127.0		2.6385177428433058	1.4288154045016423	0.007138001685049019	89.80297	89.80297	127.0
130.0		2.8311580528656872	1.2035334577628487	0.007138001685049019	91.9243	91.9243	130.0
133.0		3.0015632488651347	0.9936297824980168	0.007138001685049019	94.04563	94.04563	133.0
136.0		3.144218667947399	0.8038166534749498	0.007138001685049019	96.16696	96.16696	136.0
139.0		3.25433096223113	0.6369142052325247	0.007138001685049019	98.28829	98.28829	139.0
142.0		3.328095108453391	0.4940095457967573	0.007138001685049019	100.40962	100.40962	142.0
145.0		3.362912611001143	0.3747332086576673	0.007138001685049019	102.53095	102.53095	145.0
148.0		3.357543455259241	0.27760109748074047	0.007138001685049019	104.65228	104.65228	148.0
151.0		3.3121794206464314	0.20037319433689227	0.007138001685049019	106.77361	106.77361	151.0
154.0		3.2284327090642178	0.14038926416992442	0.007138001685049019	108.89494	108.89494	154.0
157.0		3.109240829006881	0.09485395052683249	0.007138001685049019	111.01627	111.01627	157.0
160.0		2.9586955605429437	0.061056457600428	0.007138001685049019	113.1376	113.1376	160.0
163.0		2.781809886881875	0.03652141263148808	0.007138001685049019	115.25893	115.25893	163.0
166.0		2.5842413951380157	0.019096217281682405	0.007138001685049019	117.38026	117.38026	166.0
169.0		2.371993385748109	0.006985724445840828	0.007138001685049019	119.50159000000001	119.50159000000001	169.0
172.0		2.1511155827714825	-0.0012524336592354274	0.007138001685049019	121.62292000000001	121.62292000000001	172.0
175.0		1.92742495034096	-0.006738507260886902	0.007138001685049019	123.74425000000001	123.74425000000001	175.0
178.0		1.7062639677107296	-0.010315562191661444	0.007138001685049019	125.86558000000001	125.86558000000001	178.0
181.0		1.4923092511313323	-0.012599493805603242	0.007138001685049019	127.98691000000001	127.98691000000001	181.0
184.0		1.2894382002923281	-0.014027690896517031	0.007138001685049019	130.10824	130.10824	184.0
187.0		1.1006559869276629	-0.01490245076998072	0.007138001685049019	132.22957	132.22957	187.0
190.0		0.9280802453886734	-0.015427292321456003	0.007138001685049019	134.3509	134.3509	190.0
193.0		0.772976714583256	-0.01573578495083393	0.007138001685049019	136.47223	136.47223	193.0
196.0		0.6358361145124538	-0.0159134382775281	0.007138001685049019	138.59356	138.59356	196.0
199.0		0.5164808507520092	-0.016013679250990405	0.007138001685049019	140.71489	140.71489	199.0
202.0		0.4141897009758429	-0.016069102128401326	0.007138001685049019	142.83622	142.83622	202.0
205.0		0.3278292922265457	-0.016099130420901622	0.007138001685049019	144.95755	144.95755	205.0
208.0		0.25598267761617066	-0.016115074286302506	0.007138001685049019	147.07888	147.07888	208.0
211.0		0.19706737100756203	-0.016123370876519025	0.007138001685049019	149.20021	149.20021	211.0
214.0		0.14943749845441057	-0.016127602125028083	0.007138001685049019	151.32154	151.32154	214.0
217.0		0.11146700777028154	-0.016129717164769644	0.007138001685049019	153.44287	153.44287	217.0
220.0		0.08161293081301682	-0.01613075341929293	0.007138001685049019	155.5642	155.5642	220.0
223.0		0.058459374084081944	-0.01613125107360301	0.007138001685049019	157.68553	157.68553	223.0
226.0		0.040744149512789346	-0.016131485343712552	0.007138001685049019	159.80686	159.80686	226.0
229.0		0.027370738920154444	-0.016131593449036558	0.007138001685049019	161.92819	161.92819	229.0
232.0		0.01740865175668849	-0.016131642351500323	0.007138001685049019	164.04952	164.04952	232.0
235.0		0.010085258058981982	-0.016131664037495476	0.007138001685049019	166.17085	166.17085	235.0
238.0		0.004771945320202865	-0.016131673465149893	0.007138001685049019	168.29218	168.29218	238.0
241.0		9.67049561249757E-4	-0.016131677483184233	0.007138001685049019	170.41351	170.41351	241.0
244.0		-0.0017224705534274985	-0.016131679162060472	0.007138001685049019	172.53484	172.53484	244.0
247.0		-0.0035991450795315127	-0.01613167984980562	0.007138001685049019	174.65617	174.65617	247.0
250.0		-0.004891882370744971	-0.016131680126021352	0.007138001685049019	176.7775	176.7775	250.0
253.0		-0.00577102959445264	-0.01613168023478632	0.007138001685049019	178.89883	178.89883	253.0
256.0		-0.006361317503982131	-0.016131680276777364	0.007138001685049019	181.02016	181.02016	256.0
259.0		-0.006752641366830729	-0.016131680292672274	0.007138001685049019	183.14149	183.14149	259.0
262.0		-0.007008792703288509	-0.016131680298571562	0.007138001685049019	185.26282	185.26282	262.0
265.0		-0.007174354862631981	-0.016131680300718345	0.007138001685049019	187.38415	187.38415	265.0
268.0		-0.007280023176088037	-0.016131680301484343	0.007138001685049019	189.50548	189.50548	268.0
271.0		-0.007346621250139839	-0.016131680301752337	0.007138001685049019	191.62681	191.62681	271.0
274.0		-0.007388071267860109	-0.01613168030184427	0.007138001685049019	193.74814	193.74814	274.0
277.0		-0.007413548132010033	-0.016131680301875197	0.007138001685049019	195.86947	195.86947	277.0
280.0		-0.007429012658882348	-0.016131680301885398	0.007138001685049019	197.9908	197.9908	280.0
283.0		-0.007438283244740962	-0.016131680301888697	0.007138001685049019	200.11213	200.11213	283.0
286.0		-0.007443771917935206	-0.016131680301889745	0.007138001685049019	202.23346	202.23346	286.0
289.0		-0.007446981336486978	-0.016131680301890067	0.007138001685049019	204.35479	204.35479	289.0
292.0		-0.0074488348369785295	-0.016131680301890168	0.007138001685049019	206.47612	206.47612	292.0
RTBT_Diag:WS21

Name	X Fit	X RMS	Y Fit	Y RMS	Z Fit	Z RMS
-------	-----	-----	-----	-----	-----	-----
Area	171.10956591866506	149.8669005611979	168.03299320862467	146.91895182291668	186.97392854151863	149.9599067026693
Ampl	3.658532064274332	3.4094726562499997	2.9612727563359442	2.783203125	2.3568203998151485	2.0450195312500004
Mean	96.19524403531385	95.97783059627373	100.07698591470648	100.11206859153094	123.73744438955207	118.41499426528726
Sigma	18.658532774027062	14.738704001638764	22.637382979969672	18.24521715392126	31.649337995300108	22.99541447309157
Offset	-0.02937622805443028	0.017871093749999997	-0.026088624142618373	0.0077148437499999995	-0.10944171407506965	0.01181640625
Slope	0.0	0.0	0.0	0.0	0.0	0.0

Position	X Raw	Y Raw	Z Raw
--------	-----	-----	-----
25.0		0.0177734375	0.007421875	0.01171875	17.67775	17.67775	25.0
28.0		0.01796875	0.0080078125	0.0119140625	19.79908	19.79908	28.0
31.0		0.01943359375	0.009765625	0.01279296875	21.92041	21.92041	31.0
34.0		0.01943359375	0.009765625	0.01259765625	24.04174	24.04174	34.0
37.0		0.0208984375	0.0111328125	0.01328125	26.16307	26.16307	37.0
40.0		0.0212890625	0.01162109375	0.0138671875	28.2844	28.2844	40.0
43.0		0.0193359375	0.01005859375	0.01259765625	30.405730000000002	30.405730000000002	43.0
46.0		0.02041015625	0.01201171875	0.01357421875	32.52706	32.52706	46.0
49.0		0.0205078125	0.01337890625	0.0140625	34.64839	34.64839	49.0
52.0		0.02109375	0.02060546875	0.0140625	36.76972	36.76972	52.0
55.0		0.02119140625	0.06572265625	0.01376953125	38.89105	38.89105	55.0
58.0		0.02275390625	0.17412109375	0.0154296875	41.01238	41.01238	58.0
61.0		0.02265625	0.347265625	0.01435546875	43.13371	43.13371	61.0
64.0		0.0201171875	0.1953125	0.01357421875	45.25504	45.25504	64.0
67.0		0.0259765625	0.8490234375	0.01708984375	47.37637	47.37637	67.0
70.0		0.02685546875	1.151171875	0.01787109375	49.4977	49.4977	70.0
73.0		0.02568359375	1.42841796875	0.01796875	51.61903	51.61903	73.0
76.0		0.0287109375	1.73154296875	0.0205078125	53.74036	53.74036	76.0
79.0		0.02939453125	1.98818359375	0.01875	55.86169	55.86169	79.0
82.0		0.03642578125	2.231640625	0.02080078125	57.98302	57.98302	82.0
85.0		0.0556640625	2.427734375	0.025390625	60.104350000000004	60.104350000000004	85.0
88.0		0.1162109375	2.582421875	0.0294921875	62.225680000000004	62.225680000000004	88.0
91.0		0.2669921875	2.67978515625	0.03681640625	64.34701	64.34701	91.0
94.0		0.5322265625	2.7341796875	0.05810546875	66.46834	66.46834	94.0
97.0		0.86416015625	2.7943359375	0.098046875	68.58967	68.58967	97.0
100.0		1.2583984375	2.7986328125	0.178515625	70.711	70.711	100.0
103.0		1.65703125	2.77236328125	0.2943359375	72.83233	72.83233	103.0
106.0		2.0591796875	2.74814453125	0.42216796875	74.95366	74.95366	106.0
109.0		2.38740234375	2.69228515625	0.65068359375	77.07499	77.07499	109.0
112.0		2.64072265625	2.59814453125	0.85048828125	79.19632	79.19632	112.0
115.0		2.890625	2.43173828125	1.0611328125	81.31765	81.31765	115.0
118.0		3.05439453125	2.2173828125	1.2494140625	83.43898	83.43898	118.0
121.0		3.21357421875	1.99765625	1.4255859375	85.56031	85.56031	121.0
124.0		3.302734375	1.72451171875	1.62548828125	87.68164	87.68164	124.0
127.0		3.3703125	1.41396484375	1.73642578125	89.80297	89.80297	127.0
130.0		3.406640625	1.10732421875	1.86318359375	91.9243	91.9243	130.0
133.0		3.4462890625	0.80771484375	1.93125	94.04563	94.04563	133.0
136.0		3.44521484375	0.5244140625	1.99873046875	96.16696	96.16696	136.0
139.0		3.4361328125	0.2662109375	2.0142578125	98.28829	98.28829	139.0
142.0		3.4158203125	0.1134765625	2.021484375	100.40962	100.40962	142.0
145.0		3.3638671875	0.0369140625	2.02900390625	102.53095	102.53095	145.0
148.0		3.30244140625	0.0259765625	2.05263671875	104.65228	104.65228	148.0
151.0		3.1994140625	0.01962890625	2.05302734375	106.77361	106.77361	151.0
154.0		3.0634765625	0.0185546875	2.07841796875	108.89494	108.89494	154.0
157.0		2.84697265625	0.0134765625	2.0662109375	111.01627	111.01627	157.0
160.0		2.64130859375	0.01923828125	2.0513671875	113.1376	113.1376	160.0
163.0		2.343359375	0.01328125	2.0607421875	115.25893	115.25893	163.0
166.0		1.9658203125	0.0173828125	2.06376953125	117.38026	117.38026	166.0
169.0		1.54599609375	0.01435546875	2.06865234375	119.50159000000001	119.50159000000001	169.0
172.0		1.13486328125	0.0099609375	2.0802734375	121.62292000000001	121.62292000000001	172.0
175.0		0.73857421875	0.0083984375	2.07080078125	123.74425000000001	123.74425000000001	175.0
178.0		0.4662109375	0.012890625	2.07431640625	125.86558000000001	125.86558000000001	178.0
181.0		0.23828125	0.0126953125	2.0697265625	127.98691000000001	127.98691000000001	181.0
184.0		0.10263671875	0.00849609375	2.07109375	130.10824	130.10824	184.0
187.0		0.05810546875	0.01416015625	2.0859375	132.22957	132.22957	187.0
190.0		0.03740234375	0.01083984375	2.062890625	134.3509	134.3509	190.0
193.0		0.0265625	-0.0013671875	2.04384765625	136.47223	136.47223	193.0
196.0		0.0349609375	0.008984375	2.0091796875	138.59356	138.59356	196.0
199.0		0.0279296875	0.00458984375	1.973828125	140.71489	140.71489	199.0
202.0		0.03388671875	0.009375	1.90380859375	142.83622	142.83622	202.0
205.0		0.0298828125	0.00517578125	1.7974609375	144.95755	144.95755	205.0
208.0		0.02685546875	6.8359375E-4	1.73125	147.07888	147.07888	208.0
211.0		0.02958984375	0.0044921875	1.59794921875	149.20021	149.20021	211.0
214.0		0.0263671875	0.007421875	1.4365234375	151.32154	151.32154	214.0
217.0		0.023828125	7.8125E-4	1.24775390625	153.44287	153.44287	217.0
220.0		0.025	0.00419921875	1.0849609375	155.5642	155.5642	220.0
223.0		0.02197265625	0.001953125	0.8376953125	157.68553	157.68553	223.0
226.0		0.02568359375	0.003515625	0.59814453125	159.80686	159.80686	226.0
229.0		0.02177734375	0.001953125	0.4076171875	161.92819	161.92819	229.0
232.0		0.02275390625	0.00224609375	0.293359375	164.04952	164.04952	232.0
235.0		0.0236328125	0.00224609375	0.1548828125	166.17085	166.17085	235.0
238.0		0.019921875	0.00126953125	0.08701171875	168.29218	168.29218	238.0
241.0		0.02001953125	0.00107421875	0.0494140625	170.41351	170.41351	241.0
244.0		0.0205078125	0.0017578125	0.03203125	172.53484	172.53484	244.0
247.0		0.0201171875	0.00166015625	0.02763671875	174.65617	174.65617	247.0
250.0		0.0197265625	0.00166015625	0.026171875	176.7775	176.7775	250.0
253.0		0.0203125	0.00224609375	0.02587890625	178.89883	178.89883	253.0
256.0		0.019140625	0.00185546875	0.02509765625	181.02016	181.02016	256.0
259.0		0.01689453125	0.00126953125	0.02138671875	183.14149	183.14149	259.0
262.0		0.019140625	0.00263671875	0.0244140625	185.26282	185.26282	262.0
265.0		0.01728515625	0.00185546875	0.021484375	187.38415	187.38415	265.0
268.0		0.01572265625	0.001171875	0.02080078125	189.50548	189.50548	268.0
271.0		0.01611328125	0.0013671875	0.02080078125	191.62681	191.62681	271.0
274.0		0.0162109375	0.0013671875	0.0205078125	193.74814	193.74814	274.0
277.0		0.01611328125	0.001953125	0.0201171875	195.86947	195.86947	277.0
280.0		0.01533203125	0.00146484375	0.01943359375	197.9908	197.9908	280.0
283.0		0.0162109375	0.00244140625	0.019921875	200.11213	200.11213	283.0
286.0		0.01533203125	0.00244140625	0.01962890625	202.23346	202.23346	286.0
289.0		0.01533203125	0.00185546875	0.01904296875	204.35479	204.35479	289.0
292.0		0.01591796875	0.00244140625	0.0197265625	206.47612	206.47612	292.0

Position	X Fit	Y Fit	Z Fit
--------	-----	-----	-----
25.0		-0.02763913348251699	-0.012854470127976109	-0.09701462430153752	17.67775	17.67775	25.0
28.0		-0.02731494432279528	-0.0062870286308059666	-0.0948879521506379	19.79908	19.79908	28.0
31.0		-0.026813931006572315	0.0033064761933131737	-0.09229158097449418	21.92041	21.92041	31.0
34.0		-0.026050145124115322	0.01705228261992674	-0.0891373058917357	24.04174	24.04174	34.0
37.0		-0.024901607280260512	0.036367679877915185	-0.08532409301384677	26.16307	26.16307	37.0
40.0		-0.023198083409255416	0.06298081435063069	-0.08073704935969356	28.2844	28.2844	40.0
43.0		-0.020706036554111067	0.09892706655807314	-0.0752464960675831	30.405730000000002	30.405730000000002	43.0
46.0		-0.017110673544466996	0.1465118234540778	-0.06870719645284293	32.52706	32.52706	46.0
49.0		-0.011995284176033634	0.20822985988569634	-0.06095779687950897	34.64839	34.64839	49.0
52.0		-0.004818466959332905	0.286633706889542	-0.051820543991593526	36.76972	36.76972	52.0
55.0		0.005109645693090366	0.38414766072097334	-0.041101346146469805	38.89105	38.89105	55.0
58.0		0.01865042174379629	0.5028305212907132	-0.028590249441058965	41.01238	41.01238	58.0
61.0		0.036856580394445664	0.6440983729381103	-0.014062399036851136	43.13371	43.13371	61.0
64.0		0.060985704806437925	0.8084278791596441	0.0027204459033554618	45.25504	45.25504	64.0
67.0		0.09250363282374852	0.9950693345129406	0.022007780895933263	47.37637	47.37637	67.0
70.0		0.1330735147199641	1.201805448825508	0.04405755472742458	49.4977	49.4977	70.0
73.0		0.18452623880264502	1.4247948013084242	0.06913265711079518	51.61903	51.61903	73.0
76.0		0.24880831555244637	1.658536632253893	0.09749667136173758	53.74036	53.74036	76.0
79.0		0.32790429829794865	1.8959853147316157	0.1294088887649299	55.86169	55.86169	79.0
82.0		0.42373247670050584	2.128828603300059	0.16511860571311437	57.98302	57.98302	82.0
85.0		0.5380149086107424	2.347924857546627	0.20485875237956946	60.104350000000004	60.104350000000004	85.0
88.0		0.6721257590821785	2.5438732384306935	0.24883893196436851	62.225680000000004	62.225680000000004	88.0
91.0		0.8269251838736522	2.707670523079598	0.2972379815419422	64.34701	64.34701	91.0
94.0		1.0025893089726414	2.8313921102490136	0.3501961981150978	66.46834	66.46834	94.0
97.0		1.1984498063788596	2.908826064714747	0.40780740533479676	68.58967	68.58967	97.0
100.0		1.412858687254368	2.935989741142955	0.47011106600396646	70.711	70.711	100.0
103.0		1.6430947719703213	2.9114692056984928	0.5370846713726012	72.83233	72.83233	103.0
106.0		1.8853274771169397	2.836541190833609	0.6086366587404624	74.95366	74.95366	106.0
109.0		2.1346508597217064	2.7150629417440713	0.6846001224470664	77.07499	77.07499	109.0
112.0		2.3851962727468727	2.5531431830893934	0.7647275885118704	79.19632	79.19632	112.0
115.0		2.6303257637722535	2.3586332738654106	0.8486871187782188	81.31765	81.31765	115.0
118.0		2.862901002292663	2.140497527773385	0.9360599955112903	83.43898	83.43898	118.0
121.0		3.0756147866907653	1.9081328507931534	1.0263402114945128	85.56031	85.56031	121.0
124.0		3.261364942874254	1.6707090532725064	1.1189359537139847	87.68164	87.68164	124.0
127.0		3.413644601292527	1.436592914320489	1.2131732211814106	89.80297	89.80297	127.0
130.0		3.526919251584182	1.2129033115743169	1.3083016603265962	91.9243	91.9243	130.0
133.0		3.5969602260766877	1.0052245135489986	1.4035026362315248	94.04563	94.04563	133.0
136.0		3.621106629932266	0.8174834939055626	1.4978994868269588	96.16696	96.16696	136.0
139.0		3.5984331048600136	0.6519780438475219	1.590569832521109	98.28829	98.28829	139.0
142.0		3.5298086813148744	0.509527933684805	1.6805597384229443	100.40962	100.40962	142.0
145.0		3.4178415012945425	0.38971273270227	1.7668994534394777	102.53095	102.53095	145.0
148.0		3.2667143133164394	0.29115732853735	1.848620383241202	104.65228	104.65228	148.0
151.0		3.081925204177087	0.2118289126964353	1.9247728955178662	106.77361	106.77361	151.0
154.0		2.8699559668165686	0.14931577854000846	1.994444508983271	108.89494	108.89494	154.0
157.0		2.637895961268951	0.10106698706779625	2.056777984750407	111.01627	111.01627	157.0
160.0		2.3930517908342672	0.06458113043890065	2.1109888219817865	113.1376	113.1376	160.0
163.0		2.1425724636004704	0.037540720491193	2.1563816604721406	115.25893	115.25893	163.0
166.0		1.8931162038804243	0.017895269190032804	2.1923651116488383	117.38026	117.38026	166.0
169.0		1.6505793117390688	0.0039005169941764874	2.2184645761886044	119.50159000000001	119.50159000000001	169.0
172.0		1.4199002604482263	-0.0058764688646062505	2.2343326600423565	121.62292000000001	121.62292000000001	172.0
175.0		1.2049444889701915	-0.012576134946843728	2.2397568693421217	123.74425000000001	123.74425000000001	175.0
178.0		1.008467975585124	-0.017079870847145365	2.234664345928262	125.86558000000001	125.86558000000001	178.0
181.0		0.8321514119889732	-0.02005030649509218	2.2191234959704764	127.98691000000001	127.98691000000001	181.0
184.0		0.6766921541554826	-0.02197270988283025	2.1933424607914835	130.10824	130.10824	184.0
187.0		0.5419383657175835	-0.023193638793941877	2.1576644776792775	132.22957	132.22957	187.0
190.0		0.42704889322477313	-0.02395466122137789	2.11256027523379	134.3509	134.3509	190.0
193.0		0.33066320385520104	-0.024420248944208044	2.0586177387718587	136.47223	136.47223	193.0
196.0		0.25106780327895295	-0.024699847463280813	1.996529162928126	138.59356	138.59356	196.0
199.0		0.18634848114438915	-0.02486467385853747	1.927076477710729	140.71489	140.71489	199.0
202.0		0.1345210410028518	-0.024960064067727307	1.8511148883716728	142.83622	142.83622	202.0
205.0		0.09363644691215373	-0.025014262938346972	1.7695554067175852	144.95755	144.95755	205.0
208.0		0.06185923750371198	-0.02504449781734622	1.6833467708866605	147.07888	147.07888	208.0
211.0		0.03752040774408286	-0.02506105849529677	1.5934572519354504	149.20021	149.20021	211.0
214.0		0.019147638526898866	-0.02506996523035391	1.5008568293973217	151.32154	151.32154	214.0
217.0		0.00547676192285744	-0.02507466900700026	1.4065001856186812	153.44287	153.44287	217.0
220.0		-0.004551243039136892	-0.025077108381335988	1.31131092212546	155.5642	155.5642	220.0
223.0		-0.011803504373713209	-0.025078350687052182	1.2161673430242244	157.68553	157.68553	223.0
226.0		-0.016974959815748945	-0.025078971999977717	1.1218900833853447	159.80686	159.80686	226.0
229.0		-0.020611331758420105	-0.025079277166430658	1.0292317878005313	161.92819	161.92819	229.0
232.0		-0.023132908851088207	-0.025079424370368714	0.938868969028656	164.04952	164.04952	232.0
235.0		-0.024857371877376133	-0.02507949410832953	0.8513961019266184	166.17085	166.17085	235.0
238.0		-0.02602053276658934	-0.02507952655696545	0.76732193656019	168.29218	168.29218	238.0
241.0		-0.026794378149681	-0.025079541385921247	0.6870679490077424	170.41351	170.41351	241.0
244.0		-0.02730220920758147	-0.02507954804203219	0.6109687909700905	172.53484	172.53484	244.0
247.0		-0.027630951276842335	-0.02507955097653655	0.5392745514399974	174.65617	174.65617	247.0
250.0		-0.027840884384674684	-0.02507955224728927	0.47215460638583095	176.7775	176.7775	250.0
253.0		-0.027973139779000934	-0.02507955278780309	0.4097028061473845	178.89883	178.89883	253.0
256.0		-0.028055339155873216	-0.025079553013631704	0.3519437349966471	181.02016	181.02016	256.0
259.0		-0.028105742691066884	-0.025079553106311294	0.29883977258753724	183.14149	183.14149	259.0
262.0		-0.02813623598986815	-0.02507955314367314	0.25029869191610205	185.26282	185.26282	262.0
265.0		-0.028154437666064413	-0.02507955315846823	0.20618154173244063	187.38415	187.38415	265.0
268.0		-0.02816515763840913	-0.02507955316422339	0.16631058165886015	189.50548	189.50548	268.0
271.0		-0.028171387267553194	-0.025079553166422526	0.13047706401247017	191.62681	191.62681	271.0
274.0		-0.028174959396937035	-0.02507955316724801	0.09844868589481891	193.74814	193.74814	274.0
277.0		-0.028176980545195025	-0.0250795531675524	0.06997656691920333	195.86947	195.86947	277.0
280.0		-0.028178108999819505	-0.025079553167662662	0.0448016405221215	197.9908	197.9908	280.0
283.0		-0.028178730717679533	-0.0250795531677019	0.02266037882928905	200.11213	200.11213	283.0
286.0		-0.028179068730958785	-0.025079553167715613	0.0032898013952609023	202.23346	202.23346	286.0
289.0		-0.028179250078949173	-0.025079553167720325	-0.013568254093078477	204.35479	204.35479	289.0
292.0		-0.028179346093543847	-0.025079553167721914	-0.028163596535044355	206.47612	206.47612	292.0
RTBT_Diag:WS20

Name	X Fit	X RMS	Y Fit	Y RMS	Z Fit	Z RMS
-------	-----	-----	-----	-----	-----	-----
Area	188.7986236761301	156.39289977421876	173.25605565535736	155.50736490885419	173.49894516624602	149.77420170874024
Ampl	2.567304607431897	2.323046875	3.0883658318467213	3.0009765625000004	3.279669082866601	3.00322265625
Mean	84.80353192963763	87.95126889681379	101.02952531188855	101.43043431685336	134.43457147545493	127.17529270943056
Sigma	29.338066565209978	22.14855432663086	22.38049819867851	18.64630567575309	21.104588018790874	15.82614503450097
Offset	-0.18182752493623686	0.012890625	-0.0167183673751333	0.015576171875000001	0.06465203242262162	0.005224609375
Slope	0.0	0.0	0.0	0.0	0.0	0.0

Position	X Raw	Y Raw	Z Raw
--------	-----	-----	-----
25.0		0.01181640625	0.01494140625	0.005078125	17.67775	17.67775	25.0
28.0		0.01396484375	0.0162109375	0.00537109375	19.79908	19.79908	28.0
31.0		0.01484375	0.0169921875	0.0056640625	21.92041	21.92041	31.0
34.0		0.0138671875	0.01611328125	0.005078125	24.04174	24.04174	34.0
37.0		0.0154296875	0.01806640625	0.00615234375	26.16307	26.16307	37.0
40.0		0.0134765625	0.01640625	0.0046875	28.2844	28.2844	40.0
43.0		0.01787109375	0.018359375	0.00615234375	30.405730000000002	30.405730000000002	43.0
46.0		0.02646484375	0.01982421875	0.00751953125	32.52706	32.52706	46.0
49.0		0.05478515625	0.021875	0.00869140625	34.64839	34.64839	49.0
52.0		0.103515625	0.02822265625	0.0083984375	36.76972	36.76972	52.0
55.0		0.1705078125	0.07294921875	0.00869140625	38.89105	38.89105	55.0
58.0		0.28369140625	0.19091796875	0.0125	41.01238	41.01238	58.0
61.0		0.4025390625	0.35	0.0111328125	43.13371	43.13371	61.0
64.0		0.1830078125	0.1826171875	0.0087890625	45.25504	45.25504	64.0
67.0		0.72294921875	0.826171875	0.01015625	47.37637	47.37637	67.0
70.0		0.91962890625	1.1140625	0.01484375	49.4977	49.4977	70.0
73.0		1.08388671875	1.3787109375	0.01044921875	51.61903	51.61903	73.0
76.0		1.2669921875	1.67529296875	0.01572265625	53.74036	53.74036	76.0
79.0		1.425390625	1.91357421875	0.014453125	55.86169	55.86169	79.0
82.0		1.58662109375	2.1796875	0.019140625	57.98302	57.98302	82.0
85.0		1.70966796875	2.38974609375	0.02373046875	60.104350000000004	60.104350000000004	85.0
88.0		1.848828125	2.62421875	0.02353515625	62.225680000000004	62.225680000000004	88.0
91.0		1.94423828125	2.7779296875	0.023046875	64.34701	64.34701	91.0
94.0		2.0478515625	2.91552734375	0.027734375	66.46834	66.46834	94.0
97.0		2.104296875	3.00400390625	0.0248046875	68.58967	68.58967	97.0
100.0		2.17333984375	3.03212890625	0.0236328125	70.711	70.711	100.0
103.0		2.2283203125	3.03681640625	0.028125	72.83233	72.83233	103.0
106.0		2.265625	2.98271484375	0.025390625	74.95366	74.95366	106.0
109.0		2.2982421875	2.859375	0.026171875	77.07499	77.07499	109.0
112.0		2.33212890625	2.75322265625	0.0349609375	79.19632	79.19632	112.0
115.0		2.36083984375	2.55810546875	0.02939453125	81.31765	81.31765	115.0
118.0		2.3587890625	2.3478515625	0.032421875	83.43898	83.43898	118.0
121.0		2.3626953125	2.12158203125	0.0271484375	85.56031	85.56031	121.0
124.0		2.348828125	1.863671875	0.02958984375	87.68164	87.68164	124.0
127.0		2.344921875	1.60625	0.0314453125	89.80297	89.80297	127.0
130.0		2.32744140625	1.32021484375	0.03798828125	91.9243	91.9243	130.0
133.0		2.3255859375	1.033984375	0.083203125	94.04563	94.04563	133.0
136.0		2.3130859375	0.75810546875	0.24912109375	96.16696	96.16696	136.0
139.0		2.2798828125	0.4634765625	0.5931640625	98.28829	98.28829	139.0
142.0		2.256640625	0.25693359375	1.145703125	100.40962	100.40962	142.0
145.0		2.21513671875	0.10498046875	1.6705078125	102.53095	102.53095	145.0
148.0		2.153125	0.0490234375	2.09345703125	104.65228	104.65228	148.0
151.0		2.1046875	0.02939453125	2.43037109375	106.77361	106.77361	151.0
154.0		2.0283203125	0.028515625	2.70927734375	108.89494	108.89494	154.0
157.0		1.93017578125	0.03134765625	2.83671875	111.01627	111.01627	157.0
160.0		1.8447265625	0.031640625	2.9572265625	113.1376	113.1376	160.0
163.0		1.72958984375	0.0244140625	2.98076171875	115.25893	115.25893	163.0
166.0		1.5875	0.02861328125	3.0109375	117.38026	117.38026	166.0
169.0		1.4501953125	0.02822265625	3.040234375	119.50159000000001	119.50159000000001	169.0
172.0		1.28701171875	0.03076171875	2.99208984375	121.62292000000001	121.62292000000001	172.0
175.0		1.1001953125	0.0244140625	3.01962890625	123.74425000000001	123.74425000000001	175.0
178.0		0.9078125	0.0248046875	3.0189453125	125.86558000000001	125.86558000000001	178.0
181.0		0.72138671875	0.03076171875	3.013671875	127.98691000000001	127.98691000000001	181.0
184.0		0.548828125	0.0197265625	3.03662109375	130.10824	130.10824	184.0
187.0		0.4068359375	0.0263671875	3.047265625	132.22957	132.22957	187.0
190.0		0.26767578125	0.018359375	3.03369140625	134.3509	134.3509	190.0
193.0		0.1912109375	0.0255859375	3.069140625	136.47223	136.47223	193.0
196.0		0.126171875	0.03759765625	3.05048828125	138.59356	138.59356	196.0
199.0		0.07216796875	0.02392578125	3.03779296875	140.71489	140.71489	199.0
202.0		0.05849609375	0.0259765625	2.94453125	142.83622	142.83622	202.0
205.0		0.028125	0.015625	2.76884765625	144.95755	144.95755	205.0
208.0		0.01376953125	0.01376953125	2.59453125	147.07888	147.07888	208.0
211.0		0.02216796875	0.01806640625	2.27890625	149.20021	149.20021	211.0
214.0		0.02197265625	0.01875	1.81689453125	151.32154	151.32154	214.0
217.0		0.019921875	0.01083984375	1.2326171875	153.44287	153.44287	217.0
220.0		0.01796875	0.015234375	0.7138671875	155.5642	155.5642	220.0
223.0		0.01455078125	0.00888671875	0.32392578125	157.68553	157.68553	223.0
226.0		0.0138671875	0.00908203125	0.10419921875	159.80686	159.80686	226.0
229.0		0.01494140625	0.01015625	0.03681640625	161.92819	161.92819	229.0
232.0		0.0140625	0.0103515625	0.0224609375	164.04952	164.04952	232.0
235.0		0.014453125	0.0103515625	0.02314453125	166.17085	166.17085	235.0
238.0		0.0125	0.00947265625	0.01982421875	168.29218	168.29218	238.0
241.0		0.01396484375	0.009765625	0.021484375	170.41351	170.41351	241.0
244.0		0.0126953125	0.009375	0.0185546875	172.53484	172.53484	244.0
247.0		0.0134765625	0.01015625	0.020703125	174.65617	174.65617	247.0
250.0		0.01064453125	0.0087890625	0.01669921875	176.7775	176.7775	250.0
253.0		0.01240234375	0.00888671875	0.0185546875	178.89883	178.89883	253.0
256.0		0.01279296875	0.01015625	0.01904296875	181.02016	181.02016	256.0
259.0		0.01142578125	0.00888671875	0.0169921875	183.14149	183.14149	259.0
262.0		0.01240234375	0.00966796875	0.0181640625	185.26282	185.26282	262.0
265.0		0.01181640625	0.009765625	0.0171875	187.38415	187.38415	265.0
268.0		0.010546875	0.00859375	0.01474609375	189.50548	189.50548	268.0
271.0		0.0111328125	0.009375	0.0154296875	191.62681	191.62681	271.0
274.0		0.0119140625	0.00947265625	0.01669921875	193.74814	193.74814	274.0
277.0		0.0107421875	0.009765625	0.01494140625	195.86947	195.86947	277.0
280.0		0.010546875	0.00859375	0.01376953125	197.9908	197.9908	280.0
283.0		0.01201171875	0.0099609375	0.01572265625	200.11213	200.11213	283.0
286.0		0.01064453125	0.0099609375	0.01416015625	202.23346	202.23346	286.0
289.0		0.01015625	0.008984375	0.012109375	204.35479	204.35479	289.0
292.0		0.0111328125	0.00966796875	0.01396484375	206.47612	206.47612	292.0

Position	X Fit	Y Fit	Z Fit
--------	-----	-----	-----
25.0		0.004604914758622014	-0.005969462138691586	0.06356497755324358	17.67775	17.67775	25.0
28.0		0.037820414770349864	-5.103721867965594E-4	0.06356552098845618	19.79908	19.79908	28.0
31.0		0.07554255512616237	0.007592281813833944	0.06356644080138249	21.92041	21.92041	31.0
34.0		0.11811280876255226	0.01938437500584566	0.06356798153494389	24.04174	24.04174	34.0
37.0		0.16584782548816662	0.03620889186260032	0.06357053556543636	26.16307	26.16307	37.0
40.0		0.21902824618318523	0.059737935895762304	0.06357472532376374	28.2844	28.2844	40.0
43.0		0.2778867265108378	0.091984712410947	0.06358152690231625	30.405730000000002	30.405730000000002	43.0
46.0		0.3425954472663344	0.1352844359822722	0.06359245341079277	32.52706	32.52706	46.0
49.0		0.4132534514131645	0.19223266499709657	0.06360982328612337	34.64839	34.64839	49.0
52.0		0.4898742051771334	0.2655708618480082	0.06363714750753474	36.76972	36.76972	52.0
55.0		0.5723738285862449	0.35801253068186906	0.06367968054285088	38.89105	38.89105	55.0
58.0		0.6605604758385782	0.4720093513608126	0.06374519295302468	41.01238	41.01238	58.0
61.0		0.7541253643302649	0.6094651473990891	0.06384503878205043	43.13371	43.13371	61.0
64.0		0.8526359500026908	0.7714155954733748	0.06399560768891494	45.25504	45.25504	64.0
67.0		0.9555317234788077	0.9577020254480761	0.06422026928300684	47.37637	47.37637	67.0
70.0		1.062123054775289	1.1666767056530272	0.06455193371481205	49.4977	49.4977	70.0
73.0		1.1715934438358657	1.394982638858471	0.06503636588148724	51.61903	51.61903	73.0
76.0		1.2830054406286595	1.6374512035620554	0.06573639737778798	53.74036	53.74036	76.0
79.0		1.3953103843267947	1.8871546094541203	0.06673717638237271	55.86169	55.86169	79.0
82.0		1.5073619797330862	2.1356367178951676	0.06815257600639804	57.98302	57.98302	82.0
85.0		1.6179335854635224	2.3733262025079593	0.07013284064650153	60.104350000000004	60.104350000000004	85.0
88.0		1.7257389384054433	2.5901125255760045	0.07287348185024542	62.225680000000004	62.225680000000004	88.0
91.0		1.829455889377166	2.776041133164857	0.07662533496348087	64.34701	64.34701	91.0
94.0		1.9277525829923943	2.9220635810146525	0.0817055517495944	66.46834	66.46834	94.0
97.0		2.019315387833171	3.020764832840037	0.08850913129278147	68.58967	68.58967	97.0
100.0		2.102877778194015	3.0669866561310726	0.09752038483083073	70.711	70.711	100.0
103.0		2.1772492921558557	3.0582742300305132	0.10932349795704846	72.83233	72.83233	103.0
106.0		2.241343647693823	2.99509215233956	0.1246111104328741	74.95366	74.95366	106.0
109.0		2.2942050925063024	2.880783392364148	0.14418960109885198	77.07499	77.07499	109.0
112.0		2.3350320960593813	2.7212762367414522	0.16897957124336654	79.19632	79.19632	112.0
115.0		2.36319756377728	2.5245749826013495	0.2000098980753725	81.31765	81.31765	115.0
118.0		2.378264861144366	2.3000952639110857	0.23840371772704877	83.43898	83.43898	118.0
121.0		2.3799990755175595	2.057920726637971	0.28535483128136574	85.56031	85.56031	121.0
124.0		2.368373109703691	1.808062296815122	0.3420933394831732	87.68164	87.68164	124.0
127.0		2.343568386392911	1.5597945328891056	0.4098398233417519	89.80297	89.80297	127.0
130.0		2.3059701378546236	1.321127429881396	0.48974810376946826	91.9243	91.9243	130.0
133.0		2.256157451811343	1.098449848954906	0.5828375171789405	94.04563	94.04563	133.0
136.0		2.1948884329548535	0.8963564427140627	0.6899166936564539	96.16696	96.16696	136.0
139.0		2.1230810114572147	0.7176473686711179	0.811501951184326	98.28829	98.28829	139.0
142.0		2.0417900772975526	0.56347227126142	0.9477345295457237	100.40962	100.40962	142.0
145.0		1.9521817358846216	0.43357878763654284	1.0983018675357503	102.53095	102.53095	145.0
148.0		1.8555055616208604	0.3266216675788804	1.2623688531258503	104.65228	104.65228	148.0
151.0		1.7530657689728248	0.24049076770309058	1.4385253268292129	106.77361	106.77361	151.0
154.0		1.646192224564328	0.1726231081309738	1.6247559895176846	108.89494	108.89494	154.0
157.0		1.536212190077305	0.120273878379019	1.818438186020986	111.01627	111.01627	157.0
160.0		1.4244236174754425	0.08073177436747901	2.0163717806670456	113.1376	113.1376	160.0
163.0		1.3120707200060684	0.05147370866493847	2.214843543668762	115.25893	115.25893	163.0
166.0		1.2003224206007803	0.030261661316876964	2.4097262234212793	117.38026	117.38026	166.0
169.0		1.0902541405646844	0.015189706830139479	2.5966099447811914	119.50159000000001	119.50159000000001	169.0
172.0		0.9828332431337756	0.004692050837256476	2.770960952369705	121.62292000000001	121.62292000000001	172.0
175.0		0.8789082959118835	-0.0024764074052617043	2.9283002479080698	123.74425000000001	123.74425000000001	175.0
178.0		0.779202170297768	-0.007276345192242524	3.064392596775819	125.86558000000001	125.86558000000001	178.0
181.0		0.6843088609569296	-0.010428299794207688	3.1754349276549285	127.98691000000001	127.98691000000001	181.0
184.0		0.594693789330969	-0.012458366583215813	3.2582325003908994	130.10824	130.10824	184.0
187.0		0.5106972560345625	-0.01374091173744714	3.310351481311575	132.22957	132.22957	187.0
190.0		0.432540630358456	-0.014535803675052842	3.330237765832718	134.3509	134.3509	190.0
193.0		0.36033481221655395	-0.015019144603852685	3.3172939551064538	136.47223	136.47223	193.0
196.0		0.294090472697113	-0.015307509537541971	3.271909166679292	138.59356	138.59356	196.0
199.0		0.2337295726957555	-0.015476322152612978	3.1954396034940706	140.71489	140.71489	199.0
202.0		0.1790976727444113	-0.01557329905963725	3.0901412351378608	142.83622	142.83622	202.0
205.0		0.12997657818105451	-0.015627970145691998	2.959059253919437	144.95755	144.95755	205.0
208.0		0.08609690880067916	-0.01565821808645638	2.805881863217397	147.07888	147.07888	208.0
211.0		0.047150237396996864	-0.015674643017100143	2.634768188377195	149.20021	149.20021	211.0
214.0		0.012800503422623288	-0.015683396886451758	2.4501614936929217	151.32154	151.32154	214.0
217.0		-0.017305527191877113	-0.01568797622763352	2.256599352783813	153.44287	153.44287	217.0
220.0		-0.04352892043235468	-0.015690327639122793	2.058531957963316	155.5642	155.5642	220.0
223.0		-0.06623045357903966	-0.01569151284009621	1.860158459996086	157.68553	157.68553	223.0
226.0		-0.08576376194135635	-0.015692099257725113	1.6652892700346067	159.80686	159.80686	226.0
229.0		-0.10246974977292855	-0.01569238408830295	1.4772398492190888	161.92819	161.92819	229.0
232.0		-0.11667222055182228	-0.01569251990175559	1.2987589019390564	164.04952	164.04952	232.0
235.0		-0.1286746486054621	-0.015692583476809692	1.1319913170021338	166.17085	166.17085	235.0
238.0		-0.1387579893234924	-0.015692612693356714	0.9784738805309865	168.29218	168.29218	238.0
241.0		-0.14717940856501976	-0.015692625875286092	0.83915988240367	170.41351	170.41351	241.0
244.0		-0.15417180263962393	-0.015692631714389067	0.714467363127194	172.53484	172.53484	244.0
247.0		-0.15994397750611786	-0.015692634253834523	0.6043449463927525	174.65617	174.65617	247.0
250.0		-0.16468135853028332	-0.015692635338173975	0.5083489613486525	176.7775	176.7775	250.0
253.0		-0.1685471091529837	-0.015692635792777472	0.4257258153887363	178.89883	178.89883	253.0
256.0		-0.1716835470314942	-0.015692635979909664	0.3554942344929951	181.02016	181.02016	256.0
259.0		-0.1742137585815209	-0.01569263605554402	0.2965229247834045	183.14149	183.14149	259.0
262.0		-0.17624332642203328	-0.01569263608555989	0.24760030151668588	185.26282	185.26282	262.0
265.0		-0.17786209819887164	-0.015692636097256227	0.20749406366132533	187.38415	187.38415	265.0
268.0		-0.17914593897217726	-0.01569263610173152	0.17499946489706517	189.50548	189.50548	268.0
271.0		-0.18015842228346493	-0.01569263610341292	0.1489760709879578	191.62681	191.62681	271.0
274.0		-0.1809524268018678	-0.015692636104033222	0.12837355142808599	193.74814	193.74814	274.0
277.0		-0.18157161584940443	-0.01569263610425793	0.11224760837027678	195.86947	195.86947	277.0
280.0		-0.18205178600117783	-0.015692636104337868	0.09976749896188246	197.9908	197.9908	280.0
283.0		-0.18242207832319735	-0.01569263610436579	0.09021677664390755	200.11213	200.11213	283.0
286.0		-0.18270605169842727	-0.015692636104375365	0.08298889277667387	202.23346	202.23346	286.0
289.0		-0.18292262220664704	-0.015692636104378592	0.07757919830257015	204.35479	204.35479	289.0
292.0		-0.18308687580892313	-0.01569263610437966	0.0735747034020371	206.47612	206.47612	292.0

PVLoggerID = 46923035