start time: Sun May 02 04:14:56 EDT 2021

RTBT_Diag:WS24

Name	X Fit	X RMS	Y Fit	Y RMS	Z Fit	Z RMS
-------	-----	-----	-----	-----	-----	-----
Area	168.37836989994557	134.98571306643882	165.2054165380065	144.81736979166666	148.9397376427618	139.5061393168945
Ampl	2.1246154732957	1.7890625	2.6309110748069524	2.5389648437500005	3.3712012971925613	2.9471679687499996
Mean	104.43561498754555	104.92901720968737	102.9895120211661	102.11966254821311	112.64818461354636	112.80839722108418
Sigma	31.616662733779876	24.41114271480924	25.05117950943171	20.07472374112311	17.625277561169778	16.07472346755751
Offset	-0.13313788440001184	0.03095703125	-0.012932987257789045	0.029003906250000003	-0.027597335164499887	0.01884765625
Slope	0.0	0.0	0.0	0.0	0.0	0.0

Position	X Raw	Y Raw	Z Raw
--------	-----	-----	-----
25.0		0.03154296875	0.0291015625	0.0185546875	17.67775	17.67775	25.0
28.0		0.03037109375	0.02890625	0.019140625	19.79908	19.79908	28.0
31.0		0.0326171875	0.03125	0.01982421875	21.92041	21.92041	31.0
34.0		0.033984375	0.03427734375	0.021484375	24.04174	24.04174	34.0
37.0		0.0361328125	0.0365234375	0.02236328125	26.16307	26.16307	37.0
40.0		0.03837890625	0.03935546875	0.0236328125	28.2844	28.2844	40.0
43.0		0.03974609375	0.041796875	0.02470703125	30.405730000000002	30.405730000000002	43.0
46.0		0.042578125	0.04521484375	0.02626953125	32.52706	32.52706	46.0
49.0		0.0447265625	0.05	0.02802734375	34.64839	34.64839	49.0
52.0		0.04296875	0.05986328125	0.02783203125	36.76972	36.76972	52.0
55.0		0.0455078125	0.11162109375	0.02978515625	38.89105	38.89105	55.0
58.0		0.04873046875	0.220703125	0.03212890625	41.01238	41.01238	58.0
61.0		0.05234375	0.4029296875	0.03359375	43.13371	43.13371	61.0
64.0		0.056640625	0.6392578125	0.03544921875	45.25504	45.25504	64.0
67.0		0.0560546875	0.866015625	0.03505859375	47.37637	47.37637	67.0
70.0		0.0720703125	1.1107421875	0.03740234375	49.4977	49.4977	70.0
73.0		0.11337890625	1.3462890625	0.04013671875	51.61903	51.61903	73.0
76.0		0.1783203125	1.5455078125	0.0431640625	53.74036	53.74036	76.0
79.0		0.25986328125	1.72958984375	0.0453125	55.86169	55.86169	79.0
82.0		0.37373046875	1.92734375	0.046875	57.98302	57.98302	82.0
85.0		0.51357421875	2.09658203125	0.0498046875	60.104350000000004	60.104350000000004	85.0
88.0		0.66416015625	2.2244140625	0.05234375	62.225680000000004	62.225680000000004	88.0
91.0		0.81396484375	2.35576171875	0.05576171875	64.34701	64.34701	91.0
94.0		0.96533203125	2.44169921875	0.05498046875	66.46834	66.46834	94.0
97.0		1.10029296875	2.539453125	0.05986328125	68.58967	68.58967	97.0
100.0		1.225390625	2.55791015625	0.0619140625	70.711	70.711	100.0
103.0		1.32158203125	2.59697265625	0.06611328125	72.83233	72.83233	103.0
106.0		1.4130859375	2.5666015625	0.07158203125	74.95366	74.95366	106.0
109.0		1.51240234375	2.508203125	0.08330078125	77.07499	77.07499	109.0
112.0		1.57373046875	2.4458984375	0.127734375	79.19632	79.19632	112.0
115.0		1.62333984375	2.33349609375	0.24541015625	81.31765	81.31765	115.0
118.0		1.6828125	2.19140625	0.4677734375	83.43898	83.43898	118.0
121.0		1.72958984375	2.0455078125	0.8375	85.56031	85.56031	121.0
124.0		1.7623046875	1.86591796875	1.25888671875	87.68164	87.68164	124.0
127.0		1.7876953125	1.63291015625	1.69140625	89.80297	89.80297	127.0
130.0		1.80830078125	1.43291015625	2.0619140625	91.9243	91.9243	130.0
133.0		1.82841796875	1.20576171875	2.33916015625	94.04563	94.04563	133.0
136.0		1.83994140625	0.9615234375	2.56826171875	96.16696	96.16696	136.0
139.0		1.846484375	0.7181640625	2.68896484375	98.28829	98.28829	139.0
142.0		1.85478515625	0.47568359375	2.840234375	100.40962	100.40962	142.0
145.0		1.86650390625	0.2841796875	2.92255859375	102.53095	102.53095	145.0
148.0		1.8509765625	0.14072265625	2.96025390625	104.65228	104.65228	148.0
151.0		1.84228515625	0.0787109375	2.9849609375	106.77361	106.77361	151.0
154.0		1.8525390625	0.055859375	3.0025390625	108.89494	108.89494	154.0
157.0		1.83310546875	0.045703125	3.00966796875	111.01627	111.01627	157.0
160.0		1.8279296875	0.044921875	2.98486328125	113.1376	113.1376	160.0
163.0		1.80869140625	0.04169921875	2.98134765625	115.25893	115.25893	163.0
166.0		1.80302734375	0.03994140625	2.984375	117.38026	117.38026	166.0
169.0		1.77802734375	0.0361328125	2.9626953125	119.50159000000001	119.50159000000001	169.0
172.0		1.75166015625	0.03681640625	2.952734375	121.62292000000001	121.62292000000001	172.0
175.0		1.7134765625	0.0318359375	2.90400390625	123.74425000000001	123.74425000000001	175.0
178.0		1.67900390625	0.02890625	2.83623046875	125.86558000000001	125.86558000000001	178.0
181.0		1.63623046875	0.030078125	2.730078125	127.98691000000001	127.98691000000001	181.0
184.0		1.59716796875	0.02958984375	2.5453125	130.10824	130.10824	184.0
187.0		1.52060546875	0.027734375	2.32578125	132.22957	132.22957	187.0
190.0		1.444140625	0.02470703125	2.01337890625	134.3509	134.3509	190.0
193.0		1.33818359375	0.015234375	1.5361328125	136.47223	136.47223	193.0
196.0		1.25546875	0.0212890625	1.0275390625	138.59356	138.59356	196.0
199.0		1.14716796875	0.0189453125	0.57158203125	140.71489	140.71489	199.0
202.0		1.0052734375	0.01611328125	0.2671875	142.83622	142.83622	202.0
205.0		0.8626953125	0.01708984375	0.12978515625	144.95755	144.95755	205.0
208.0		0.69189453125	0.01533203125	0.09072265625	147.07888	147.07888	208.0
211.0		0.5474609375	0.01513671875	0.08154296875	149.20021	149.20021	211.0
214.0		0.408984375	0.01142578125	0.07568359375	151.32154	151.32154	214.0
217.0		0.2908203125	0.0095703125	0.07392578125	153.44287	153.44287	217.0
220.0		0.19013671875	0.01123046875	0.07099609375	155.5642	155.5642	220.0
223.0		0.119921875	0.00927734375	0.067578125	157.68553	157.68553	223.0
226.0		0.07978515625	0.0091796875	0.06640625	159.80686	159.80686	226.0
229.0		0.06181640625	0.00859375	0.0646484375	161.92819	161.92819	229.0
232.0		0.0560546875	0.00849609375	0.0630859375	164.04952	164.04952	232.0
235.0		0.05380859375	0.00849609375	0.06201171875	166.17085	166.17085	235.0
238.0		0.0513671875	0.0078125	0.0603515625	168.29218	168.29218	238.0
241.0		0.05	0.00751953125	0.05869140625	170.41351	170.41351	241.0
244.0		0.04765625	0.00712890625	0.05595703125	172.53484	172.53484	244.0
247.0		0.045703125	0.00625	0.05419921875	174.65617	174.65617	247.0
250.0		0.04375	0.00556640625	0.0525390625	176.7775	176.7775	250.0
253.0		0.04248046875	0.0052734375	0.05107421875	178.89883	178.89883	253.0
256.0		0.04248046875	0.005859375	0.05078125	181.02016	181.02016	256.0
259.0		0.0408203125	0.00556640625	0.0490234375	183.14149	183.14149	259.0
262.0		0.0404296875	0.00517578125	0.04794921875	185.26282	185.26282	262.0
265.0		0.03857421875	0.0046875	0.04609375	187.38415	187.38415	265.0
268.0		0.0361328125	0.00439453125	0.04501953125	189.50548	189.50548	268.0
271.0		0.03515625	0.00439453125	0.04306640625	191.62681	191.62681	271.0
274.0		0.03349609375	0.0033203125	0.041796875	193.74814	193.74814	274.0
277.0		0.03232421875	0.00380859375	0.04091796875	195.86947	195.86947	277.0
280.0		0.03125	0.00380859375	0.0392578125	197.9908	197.9908	280.0
283.0		0.0296875	0.002734375	0.03759765625	200.11213	200.11213	283.0
286.0		0.0283203125	0.0025390625	0.036328125	202.23346	202.23346	286.0
289.0		0.0267578125	0.0015625	0.03447265625	204.35479	204.35479	289.0
292.0		0.0255859375	0.001953125	0.03359375	206.47612	206.47612	292.0

Position	X Fit	Y Fit	Z Fit
--------	-----	-----	-----
25.0		-0.08417735977619684	0.009317038774459276	-0.02759566345804051	17.67775	17.67775	25.0
28.0		-0.07434982244626509	0.01846872215569536	-0.02759416074739526	19.79908	19.79908	28.0
31.0		-0.06288132076094509	0.03104206275122716	-0.02759139392817251	21.92041	21.92041	31.0
34.0		-0.049566509765587255	0.0480426040599758	-0.02758637546788071	24.04174	24.04174	34.0
37.0		-0.0341879771700585	0.07066164521957435	-0.027577408752564047	26.16307	26.16307	37.0
40.0		-0.016518228131832374	0.10026994030336787	-0.027561626916428952	28.2844	28.2844	40.0
43.0		0.0036777153177980915	0.13839394706444713	-0.02753426603314704	30.405730000000002	30.405730000000002	43.0
46.0		0.026639063878232894	0.18667041360227973	-0.02748754232348864	32.52706	32.52706	46.0
49.0		0.05260533892396649	0.24677605125522584	-0.02740895287799179	34.64839	34.64839	49.0
52.0		0.08181177731110392	0.32033077117173386	-0.027278757758336915	36.76972	36.76972	52.0
55.0		0.11448408414569294	0.4087754732666363	-0.027066329997238292	38.89105	38.89105	55.0
58.0		0.15083258014257306	0.5132285599306287	-0.026724983910232984	41.01238	41.01238	58.0
61.0		0.1910458180597716	0.6343289501762742	-0.02618482071346034	43.13371	43.13371	61.0
64.0		0.23528377204003875	0.7720769974408263	-0.025343078944112894	45.25504	45.25504	64.0
67.0		0.2836707334882158	0.9256878556189686	-0.02405146751769868	47.37637	47.37637	67.0
70.0		0.33628807614252776	1.0934739249212997	-0.022100020042900303	49.4977	49.4977	70.0
73.0		0.39316707989994276	1.2727734990597444	-0.01919717413457222	51.61903	51.61903	73.0
76.0		0.45428202628101505	1.4599412093177482	-0.014946084589490734	53.74036	53.74036	76.0
79.0		0.519543796692054	1.650412122742115	-0.008817655890533033	55.86169	55.86169	79.0
82.0		0.5887942164332245	1.8388455045729093	-1.2144626786716323E-4	57.98302	57.98302	82.0
85.0		0.6618013914090874	2.0193467409631043	0.012023552336019906	60.104350000000004	60.104350000000004	85.0
88.0		0.7382562796332197	2.1857575007692795	0.02871525640717386	62.225680000000004	62.225680000000004	88.0
91.0		0.8177707250834989	2.3319959034276128	0.05128789498123694	64.34701	64.34701	91.0
94.0		0.8998771568292563	2.45242137564449	0.08131943307390715	66.46834	66.46834	94.0
97.0		0.9840301216144105	2.5421940895018564	0.12062125002438442	68.58967	68.58967	97.0
100.0		1.0696097737139567	2.59759721230503	0.17120406899754834	70.711	70.711	100.0
103.0		1.1559273928522031	2.616292110788632	0.23521460898677896	72.83233	72.83233	103.0
106.0		1.2422329407393624	2.5974820995445684	0.31483882425168264	74.95366	74.95366	106.0
109.0		1.327724601268706	2.5419687578065773	0.4121700360367174	77.07499	77.07499	109.0
112.0		1.4115601809407003	2.4520952675519365	0.5290437481832297	79.19632	79.19632	112.0
115.0		1.4928701772789355	2.331582353871469	0.6668453010187257	81.31765	81.31765	115.0
118.0		1.5707722567141729	2.1852728331208917	0.826301389083761	83.43898	83.43898	118.0
121.0		1.6443868225498302	2.0188092007610843	1.0072712883016763	85.56031	85.56031	121.0
124.0		1.7128533010276223	1.838274127742341	1.2085576988798572	87.68164	87.68164	124.0
127.0		1.775346731811695	1.6498256353617016	1.427759638416712	89.80297	89.80297	127.0
130.0		1.831094220667735	1.4593570456983207	1.661190095354528	91.9243	91.9243	130.0
133.0		1.879390798501233	1.2722070060926889	1.9038786459172408	94.04563	94.04563	133.0
136.0		1.9196142334024926	1.092937796357203	2.1496737398628185	96.16696	96.16696	136.0
139.0		1.9512383614038744	0.9251918136083374	2.3914510855102953	98.28829	98.28829	139.0
142.0		1.9738445370292976	0.771627713670614	2.621424189421996	100.40962	100.40962	142.0
145.0		1.9871308554029756	0.6339301780516008	2.831541734429453	102.53095	102.53095	145.0
148.0		1.990918861962673	0.5128814343596052	3.013945522091251	104.65228	104.65228	148.0
151.0		1.9851575413243778	0.40847892653932366	3.1614536880106314	106.77361	106.77361	151.0
154.0		1.969924460660672	0.3200820120056786	3.268028225072207	108.89494	108.89494	154.0
157.0		1.9454240317702087	0.24657105831381904	3.329184562516063	111.01627	111.01627	157.0
160.0		1.9119829462716704	0.1865044031444334	3.3423045278538805	113.1376	113.1376	160.0
163.0		1.8700429264228169	0.1382617850956552	3.3068222653615553	115.25893	115.25893	163.0
166.0		1.820151016421542	0.10016648097148755	3.2242647161497344	117.38026	117.38026	166.0
169.0		1.7629477124483819	0.07058198781727007	3.098142624987787	119.50159000000001	119.50159000000001	169.0
172.0		1.6991532913508975	0.04798226985533369	2.933702913840939	121.62292000000001	121.62292000000001	172.0
175.0		1.6295527455079615	0.030997099417047536	2.7375667573387963	123.74425000000001	123.74425000000001	175.0
178.0		1.5549797634690925	0.018435747672417374	2.517288130549191	125.86558000000001	125.86558000000001	178.0
181.0		1.4763002115895734	0.009293238537835603	2.280873761977128	127.98691000000001	127.98691000000001	181.0
184.0		1.3943955709729225	0.002743669920005229	2.0363067405082655	130.10824	130.10824	184.0
187.0		1.3101467672144786	-0.0018751153679711814	1.7911126164689235	132.22957	132.22957	187.0
190.0		1.2244187990125774	-0.005081789609242301	1.5519994637270107	134.3509	134.3509	190.0
193.0		1.1380465275600022	-0.007273754215761198	1.3245932693329276	136.47223	136.47223	193.0
196.0		1.0518219340985773	-0.008749119376663816	1.1132786807326536	138.59356	138.59356	196.0
199.0		0.9664830907967219	-0.00972699814519043	0.921144068317503	140.71489	140.71489	199.0
202.0		0.882705023062857	-0.010365289862941945	0.7500203419415644	142.83622	142.83622	202.0
205.0		0.8010925724453595	-0.010775615486549237	0.6005959106041882	144.95755	144.95755	205.0
208.0		0.7221753011992402	-0.011035414500664862	0.4725860574397528	147.07888	147.07888	208.0
211.0		0.6464044149998254	-0.011197434233058712	0.3649338273293663	149.20021	149.20021	211.0
214.0		0.5741516213989366	-0.011296961057920168	0.27602092010506873	151.32154	151.32154	214.0
217.0		0.505709790278245	-0.011357185508358887	0.2038704133810306	153.44287	153.44287	217.0
220.0		0.44129524011691396	-0.011393084575111906	0.14632764466337345	155.5642	155.5642	220.0
223.0		0.38105144122063755	-0.01141416536726985	0.1012105065244559	157.68553	157.68553	223.0
226.0		0.32505390452827687	-0.01142636084447196	0.06642510366025377	159.80686	159.80686	226.0
229.0		0.2733160121261103	-0.011433311605417882	0.040046712694259995	161.92819	161.92819	229.0
232.0		0.22579554264655416	-0.01143721462017833	0.020368999305625454	164.04952	164.04952	232.0
235.0		0.18240165044375833	-0.011439373925470345	0.00592639544275228	166.17085	166.17085	235.0
238.0		0.143002070682265	-0.011440550948186285	-0.004504512532755186	168.29218	168.29218	238.0
241.0		0.10743034191255357	-0.011441183102021411	-0.0119186165829681	170.41351	170.41351	241.0
244.0		0.07549286189372037	-0.011441517633798654	-0.017105463315265503	172.53484	172.53484	244.0
247.0		0.046975619882491326	-0.011441692070380975	-0.020677364442923833	174.65617	174.65617	247.0
250.0		0.021650477903501636	-0.011441781695906454	-0.023098869563826396	176.7775	176.7775	250.0
253.0		-7.190966857890668E-4	-0.011441827072058743	-0.024715073417113913	178.89883	178.89883	253.0
256.0		-0.02037291590504424	-0.011441849709785	-0.02577716790024251	181.02016	181.02016	256.0
259.0		-0.03754961426875125	-0.011441860838731938	-0.026464418283777824	183.14149	183.14149	259.0
262.0		-0.052482866482004994	-0.011441866230087982	-0.026902320986972292	185.26282	185.26282	262.0
265.0		-0.06539827397616443	-0.011441868803864308	-0.027177094429915463	187.38415	187.38415	265.0
268.0		-0.07651089606198772	-0.01144187001468063	-0.02734689066523479	189.50548	189.50548	268.0
271.0		-0.08602338659236869	-0.011441870576020535	-0.027450228037100847	191.62681	191.62681	271.0
274.0		-0.09412468573980481	-0.01144187083248014	-0.027512169448905346	193.74814	193.74814	274.0
277.0		-0.10098920865715498	-0.011441870947948332	-0.027548738691327988	195.86947	195.86947	277.0
280.0		-0.10677646813811652	-0.011441870999182629	-0.027570004287262667	197.9908	197.9908	280.0
283.0		-0.1116310665731495	-0.011441871021586274	-0.027582185212456516	200.11213	200.11213	283.0
286.0		-0.11568299309747514	-0.011441871031241006	-0.027589058071935794	202.23346	202.23346	286.0
289.0		-0.11904816441153362	-0.011441871035341437	-0.027592878055724034	204.35479	204.35479	289.0
292.0		-0.1218291518778557	-0.011441871037057726	-0.027594969585143417	206.47612	206.47612	292.0
RTBT_Diag:WS23

Name	X Fit	X RMS	Y Fit	Y RMS	Z Fit	Z RMS
-------	-----	-----	-----	-----	-----	-----
Area	167.30559976439707	145.86620246253256	164.26801241215423	144.71147949218752	176.45442364861324	143.56399317210287
Ampl	3.337225878878927	3.1501953125	2.8385600624736647	2.70634765625	2.450727955883189	2.14697265625
Mean	101.50340586614276	100.00853030880678	100.87272343651867	101.54388451616971	114.22350532332237	116.90763578968398
Sigma	20.000227708997535	16.154644408430467	23.08686588495383	18.779705127810956	28.724171521489577	21.695164318455365
Offset	-0.022626340071149498	0.009619140625000001	-0.03115753577651083	0.018017578125000003	-0.1958228593673782	0.00791015625
Slope	0.0	0.0	0.0	0.0	0.0	0.0

Position	X Raw	Y Raw	Z Raw
--------	-----	-----	-----
25.0		0.0091796875	0.0171875	0.0076171875	17.67775	17.67775	25.0
28.0		0.01005859375	0.01884765625	0.008203125	19.79908	19.79908	28.0
31.0		0.00927734375	0.01826171875	0.0080078125	21.92041	21.92041	31.0
34.0		0.01142578125	0.0201171875	0.00927734375	24.04174	24.04174	34.0
37.0		0.0103515625	0.02001953125	0.00859375	26.16307	26.16307	37.0
40.0		0.01181640625	0.0216796875	0.00947265625	28.2844	28.2844	40.0
43.0		0.0146484375	0.02412109375	0.0111328125	30.405730000000002	30.405730000000002	43.0
46.0		0.0150390625	0.02607421875	0.01171875	32.52706	32.52706	46.0
49.0		0.016015625	0.02734375	0.01259765625	34.64839	34.64839	49.0
52.0		0.01748046875	0.0291015625	0.00966796875	36.76972	36.76972	52.0
55.0		0.02197265625	0.04462890625	0.00908203125	38.89105	38.89105	55.0
58.0		0.02177734375	0.108984375	0.0087890625	41.01238	41.01238	58.0
61.0		0.0296875	0.27451171875	0.009765625	43.13371	43.13371	61.0
64.0		0.03115234375	0.50283203125	0.01533203125	45.25504	45.25504	64.0
67.0		0.02958984375	0.74638671875	0.01728515625	47.37637	47.37637	67.0
70.0		0.0306640625	1.02021484375	0.017578125	49.4977	49.4977	70.0
73.0		0.03955078125	1.2951171875	0.0244140625	51.61903	51.61903	73.0
76.0		0.034765625	1.55078125	0.0263671875	53.74036	53.74036	76.0
79.0		0.033984375	1.78935546875	0.02783203125	55.86169	55.86169	79.0
82.0		0.03154296875	2.0078125	0.02763671875	57.98302	57.98302	82.0
85.0		0.0427734375	2.23125	0.03623046875	60.104350000000004	60.104350000000004	85.0
88.0		0.07177734375	2.40107421875	0.0396484375	62.225680000000004	62.225680000000004	88.0
91.0		0.17109375	2.54248046875	0.04599609375	64.34701	64.34701	91.0
94.0		0.34560546875	2.6283203125	0.0546875	66.46834	66.46834	94.0
97.0		0.58876953125	2.71923828125	0.07587890625	68.58967	68.58967	97.0
100.0		0.86025390625	2.73154296875	0.12763671875	70.711	70.711	100.0
103.0		1.165234375	2.7423828125	0.20634765625	72.83233	72.83233	103.0
106.0		1.45390625	2.69853515625	0.3298828125	74.95366	74.95366	106.0
109.0		1.7509765625	2.6490234375	0.476953125	77.07499	77.07499	109.0
112.0		1.983203125	2.5607421875	0.6845703125	79.19632	79.19632	112.0
115.0		2.1794921875	2.4203125	0.9103515625	81.31765	81.31765	115.0
118.0		2.40703125	2.23857421875	1.1544921875	83.43898	83.43898	118.0
121.0		2.56669921875	2.02353515625	1.400390625	85.56031	85.56031	121.0
124.0		2.7056640625	1.806640625	1.55537109375	87.68164	87.68164	124.0
127.0		2.8357421875	1.5630859375	1.70771484375	89.80297	89.80297	127.0
130.0		2.9392578125	1.30986328125	1.83466796875	91.9243	91.9243	130.0
133.0		3.02548828125	1.0126953125	1.9244140625	94.04563	94.04563	133.0
136.0		3.10595703125	0.73740234375	2.01845703125	96.16696	96.16696	136.0
139.0		3.139453125	0.47548828125	2.03583984375	98.28829	98.28829	139.0
142.0		3.16943359375	0.23203125	2.09921875	100.40962	100.40962	142.0
145.0		3.19091796875	0.094921875	2.1326171875	102.53095	102.53095	145.0
148.0		3.15576171875	0.04873046875	2.15205078125	104.65228	104.65228	148.0
151.0		3.111328125	0.03837890625	2.15771484375	106.77361	106.77361	151.0
154.0		3.0404296875	0.02998046875	2.1572265625	108.89494	108.89494	154.0
157.0		2.92294921875	0.030078125	2.16826171875	111.01627	111.01627	157.0
160.0		2.85205078125	0.04052734375	2.166015625	113.1376	113.1376	160.0
163.0		2.68828125	0.03720703125	2.1662109375	115.25893	115.25893	163.0
166.0		2.4708984375	0.02255859375	2.16279296875	117.38026	117.38026	166.0
169.0		2.25302734375	0.020703125	2.15380859375	119.50159000000001	119.50159000000001	169.0
172.0		2.0087890625	0.033203125	2.153515625	121.62292000000001	121.62292000000001	172.0
175.0		1.65400390625	0.0166015625	2.1490234375	123.74425000000001	123.74425000000001	175.0
178.0		1.2896484375	0.00869140625	2.1232421875	125.86558000000001	125.86558000000001	178.0
181.0		0.95048828125	0.01630859375	2.11953125	127.98691000000001	127.98691000000001	181.0
184.0		0.65498046875	0.018359375	2.1197265625	130.10824	130.10824	184.0
187.0		0.40791015625	0.02626953125	2.11650390625	132.22957	132.22957	187.0
190.0		0.208203125	0.0154296875	2.07138671875	134.3509	134.3509	190.0
193.0		0.0828125	0.00126953125	2.0208984375	136.47223	136.47223	193.0
196.0		0.0330078125	0.0126953125	1.94599609375	138.59356	138.59356	196.0
199.0		0.0232421875	0.0140625	1.86552734375	140.71489	140.71489	199.0
202.0		0.00654296875	0.0029296875	1.774609375	142.83622	142.83622	202.0
205.0		0.0107421875	0.0048828125	1.6599609375	144.95755	144.95755	205.0
208.0		0.02890625	0.02109375	1.50419921875	147.07888	147.07888	208.0
211.0		0.028125	0.01494140625	1.31875	149.20021	149.20021	211.0
214.0		0.03212890625	0.017578125	1.08369140625	151.32154	151.32154	214.0
217.0		0.02890625	0.01826171875	0.83154296875	153.44287	153.44287	217.0
220.0		0.02412109375	0.00654296875	0.5828125	155.5642	155.5642	220.0
223.0		0.0203125	0.00908203125	0.364453125	157.68553	157.68553	223.0
226.0		0.0166015625	0.0046875	0.206640625	159.80686	159.80686	226.0
229.0		0.02060546875	0.009765625	0.10859375	161.92819	161.92819	229.0
232.0		0.0234375	0.00966796875	0.06689453125	164.04952	164.04952	232.0
235.0		0.02353515625	0.009375	0.043359375	166.17085	166.17085	235.0
238.0		0.02041015625	0.00712890625	0.0357421875	168.29218	168.29218	238.0
241.0		0.0177734375	0.0060546875	0.03525390625	170.41351	170.41351	241.0
244.0		0.0171875	0.00615234375	0.03388671875	172.53484	172.53484	244.0
247.0		0.01318359375	0.00400390625	0.0283203125	174.65617	174.65617	247.0
250.0		0.01494140625	0.0048828125	0.030859375	176.7775	176.7775	250.0
253.0		0.01474609375	0.00625	0.029296875	178.89883	178.89883	253.0
256.0		0.01298828125	0.0048828125	0.028515625	181.02016	181.02016	256.0
259.0		0.0130859375	0.00458984375	0.02861328125	183.14149	183.14149	259.0
262.0		0.01201171875	0.0037109375	0.0267578125	185.26282	185.26282	262.0
265.0		0.012109375	0.005078125	0.0267578125	187.38415	187.38415	265.0
268.0		0.01103515625	0.00478515625	0.02490234375	189.50548	189.50548	268.0
271.0		0.011328125	0.005078125	0.0255859375	191.62681	191.62681	271.0
274.0		0.010546875	0.0048828125	0.0244140625	193.74814	193.74814	274.0
277.0		0.00771484375	0.00263671875	0.0197265625	195.86947	195.86947	277.0
280.0		0.00830078125	0.00361328125	0.02001953125	197.9908	197.9908	280.0
283.0		0.0107421875	0.00576171875	0.0228515625	200.11213	200.11213	283.0
286.0		0.01025390625	0.00556640625	0.02236328125	202.23346	202.23346	286.0
289.0		0.00849609375	0.0048828125	0.02041015625	204.35479	204.35479	289.0
292.0		0.00732421875	0.002734375	0.0177734375	206.47612	206.47612	292.0

Position	X Fit	Y Fit	Z Fit
--------	-----	-----	-----
25.0		-0.021216602670483614	-0.0177120499652985	-0.18911491992886312	17.67775	17.67775	25.0
28.0		-0.02092975598029012	-0.011002588372869413	-0.18669841512468083	19.79908	19.79908	28.0
31.0		-0.02049939853902172	-0.0013107589384601902	-0.18368765289838804	21.92041	21.92041	31.0
34.0		-0.019861365929745613	0.01243103955335366	-0.17995879511418156	24.04174	24.04174	34.0
37.0		-0.018926661998171213	0.0315529887527731	-0.17536813449235605	26.16307	26.16307	37.0
40.0		-0.017573639377030225	0.05766214513580012	-0.16975037376272228	28.2844	28.2844	40.0
43.0		-0.015638481290281295	0.09263533895810651	-0.16291711590549113	30.405730000000002	30.405730000000002	43.0
46.0		-0.012903923429309237	0.13858212585392066	-0.1546556747049065	32.52706	32.52706	46.0
49.0		-0.009086292106956646	0.19776974556437077	-0.14472832884508255	34.64839	34.64839	49.0
52.0		-0.003821129595020397	0.2725040251104589	-0.1328721543031684	36.76972	36.76972	52.0
55.0		0.003352067186157732	0.3649638676752396	-0.1187995776063166	38.89105	38.89105	55.0
58.0		0.01300515594267912	0.4769923998183345	-0.10219979530459618	41.01238	41.01238	58.0
61.0		0.025835510182810918	0.609854684988094	-0.08274120145373054	43.13371	43.13371	61.0
64.0		0.042677457587890974	0.7639794483878507	-0.06007495375959246	45.25504	45.25504	64.0
67.0		0.06450905708104013	0.9387094362152542	-0.033839789248705426	47.37637	47.37637	67.0
70.0		0.0924519756257575	1.1320905390555203	-0.0036681711197812106	49.4977	49.4977	70.0
73.0		0.12776204733655658	1.3407322772132169	0.030806190577487763	51.61903	51.61903	73.0
76.0		0.1718081054534549	1.5597705143451726	0.06993945047243835	53.74036	53.74036	76.0
79.0		0.22603693516193188	1.7829566654702933	0.11406743528148958	55.86169	55.86169	79.0
82.0		0.29192275449610705	2.0028862626354673	0.1634942759605921	57.98302	57.98302	82.0
85.0		0.3709005225311415	2.211364476916992	0.21848006414397023	60.104350000000004	60.104350000000004	85.0
88.0		0.4642835971494356	2.3998888626960055	0.2792278057900017	62.225680000000004	62.225680000000004	88.0
91.0		0.573167775291449	2.5602126297512897	0.3458700176316736	64.34701	64.34701	91.0
94.0		0.6983254553089271	2.684937873444669	0.4184553800799633	66.46834	66.46834	94.0
97.0		0.8400954240007444	2.7680799052575624	0.4969359193804245	68.58967	68.58967	97.0
100.0		0.9982754085336162	2.8055429197278805	0.5811552376715655	70.711	70.711	100.0
103.0		1.1720258367400374	2.7954543945764496	0.6708383378628313	72.83233	72.83233	103.0
106.0		1.3597940036187173	2.738320214808306	0.7655835970835743	74.95366	74.95366	106.0
109.0		1.5592678543765701	2.6369826292787244	0.8648574247153633	77.07499	77.07499	109.0
112.0		1.7673677238886119	2.4963859044036902	0.9679920965822926	79.19632	79.19632	112.0
115.0		1.9802825578851944	2.323176576195919	1.0741871848811892	81.31765	81.31765	115.0
118.0		2.193554423417975	2.125183289860867	1.1825149045019427	83.43898	83.43898	118.0
121.0		2.402211649361	1.9108328314619225	1.2919295727319693	85.56031	85.56031	121.0
124.0		2.600946986189212	1.688562706061599	1.4012812348011974	87.68164	87.68164	124.0
127.0		2.784333093515163	1.466286435176743	1.5093333476997317	89.80297	89.80297	127.0
130.0		2.947063866249951	1.25095682601649	1.6147842459465063	91.9243	91.9243	130.0
133.0		3.08420701893093	1.0482569564575928	1.7162919433243395	94.04563	94.04563	133.0
136.0		3.1914513441008743	0.8624311764853769	1.812501662513365	96.16696	96.16696	136.0
139.0		3.2653314325697544	0.696251701072173	1.9020753387356841	98.28829	98.28829	139.0
142.0		3.3034135423670006	0.5511025651093973	1.9837222223313262	100.40962	100.40962	142.0
145.0		3.304428716619908	0.42715327551628923	2.056229616125907	102.53095	102.53095	145.0
148.0		3.2683429949942355	0.3235899925322757	2.1184927326668586	104.65228	104.65228	148.0
151.0		3.196359300098604	0.23887223230672425	2.169542648231367	106.77361	106.77361	151.0
154.0		3.0908508526982517	0.1709869954732518	2.208571367120809	108.89494	108.89494	154.0
157.0		2.9552312565328345	0.1176786086284132	2.2349530909500035	111.01627	111.01627	157.0
160.0		2.793771172061137	0.07664004449001677	2.248260910759174	113.1376	113.1376	160.0
163.0		2.611375306866464	0.04565883709699281	2.2482782997997646	115.25893	115.25893	163.0
166.0		2.4133359425841334	0.022717013636455514	2.235004974626254	117.38026	117.38026	166.0
169.0		2.2050802015217825	0.006049184329543288	2.2086569027825886	119.50159000000001	119.50159000000001	169.0
172.0		1.991927708725918	-0.005834108683494977	2.1696604567919606	121.62292000000001	121.62292000000001	172.0
175.0		1.7788733701399777	-0.014149363716763244	2.118640935592876	123.74425000000001	123.74425000000001	175.0
178.0		1.5704069462024965	-0.01986100166131772	2.0564058852626417	125.86558000000001	125.86558000000001	178.0
181.0		1.370377330322282	-0.023712678038790982	1.9839238407170556	127.98691000000001	127.98691000000001	181.0
184.0		1.1819053653888933	-0.026262994914095294	1.9022992701861663	130.10824	130.10824	184.0
187.0		1.0073450630850664	-0.02792120440752525	1.8127446274893557	132.22957	132.22957	187.0
190.0		0.8482895898417472	-0.02898003489275262	1.7165504984404787	134.3509	134.3509	190.0
193.0		0.705615619731649	-0.029644071498372768	1.6150548644430918	136.47223	136.47223	193.0
196.0		0.5795577888055208	-0.030053114827334616	1.5096124982771313	138.59356	138.59356	196.0
199.0		0.46980406424327303	-0.030300622314824943	1.4015654564012976	140.71489	140.71489	199.0
202.0		0.375602809160076	-0.03044774389210498	1.2922155431283044	142.83622	142.83622	202.0
205.0		0.29587304248228813	-0.030533656766038555	1.1827995009119563	144.95755	144.95755	205.0
208.0		0.22931067216678186	-0.030582946520914006	1.074467535219542	147.07888	147.07888	208.0
211.0		0.1744851049953738	-0.030610730368640152	0.9682656204107478	149.20021	149.20021	211.0
214.0		0.12992239731405592	-0.030626118451871354	0.8651218633899362	151.32154	151.32154	214.0
217.0		0.09417282487622206	-0.030634492792707232	0.7658370330318671	153.44287	153.44287	217.0
220.0		0.0658622740521661	-0.03063897102802089	0.6710792033245822	155.5642	155.5642	220.0
223.0		0.043728096937693486	-0.030641324279477532	0.5813823135874782	157.68553	157.68553	223.0
226.0		0.026640983273588534	-0.030642539482335193	0.49714832540618703	159.80686	159.80686	226.0
229.0		0.01361497890950527	-0.03064315616412047	0.41865255692608727	161.92819	161.92819	229.0
232.0		0.0038080532054239648	-0.030643463715245633	0.3460517030817333	164.04952	164.04952	232.0
235.0		-0.0034843622556273122	-0.030643614455250382	0.27939400583040674	166.17085	166.17085	235.0
238.0		-0.008840611251293231	-0.030643687066703847	0.21863102065154813	168.29218	168.29218	238.0
241.0		-0.012726869822037051	-0.030643721442823246	0.16363043234697752	170.41351	170.41351	241.0
244.0		-0.01551242721167351	-0.030643737438137215	0.11418940139487896	172.53484	172.53484	244.0
247.0		-0.017484974444569194	-0.030643744753256378	0.07004796791839155	174.65617	174.65617	247.0
250.0		-0.018865043392977225	-0.030643748041399757	0.030902099452606302	176.7775	176.7775	250.0
253.0		-0.0198190545572652	-0.03064374949414111	-0.0035839632728803528	178.89883	178.89883	253.0
256.0		-0.0204706903184002	-0.030643750125012928	-0.033766335648875934	181.02016	181.02016	256.0
259.0		-0.02091050838332464	-0.03064375039430023	-0.0600112933301899	183.14149	183.14149	259.0
262.0		-0.021203850512568657	-0.030643750507284715	-0.08268638025263958	185.26282	185.26282	262.0
265.0		-0.02139719166633191	-0.03064375055388149	-0.10215288435375658	187.38415	187.38415	265.0
268.0		-0.02152312386775803	-0.030643750572771522	-0.11875968717245633	189.50548	189.50548	268.0
271.0		-0.02160418730592675	-0.030643750580299084	-0.13283844479608503	191.62681	191.62681	271.0
274.0		-0.02165575778474455	-0.030643750583247753	-0.1447000185887949	193.74814	193.74814	274.0
277.0		-0.02168818252988383	-0.030643750584383164	-0.15463204490070237	195.86947	195.86947	277.0
280.0		-0.021708331916042347	-0.030643750584812935	-0.16289751314587492	197.9908	197.9908	280.0
283.0		-0.021720707531047184	-0.03064375058497285	-0.16973421047396314	200.11213	200.11213	283.0
286.0		-0.021728220311952456	-0.030643750585031344	-0.17535488768380297	202.23346	202.23346	286.0
289.0		-0.021732728191236804	-0.030643750585052375	-0.1799480037981224	204.35479	204.35479	289.0
292.0		-0.02173540174901117	-0.03064375058505981	-0.18367891451845264	206.47612	206.47612	292.0
RTBT_Diag:WS21

Name	X Fit	X RMS	Y Fit	Y RMS	Z Fit	Z RMS
-------	-----	-----	-----	-----	-----	-----
Area	172.21113625814704	150.1199018491211	165.7649461353386	148.59929036458334	177.55776620283154	149.40084555712892
Ampl	3.529019174678191	3.3186523437499997	3.048663180027427	2.93115234375	2.4932575519851765	2.23837890625
Mean	96.66829906202948	96.77552648574294	101.90911108248612	100.81071438319573	126.04367544820579	118.80875774917214
Sigma	19.467818112836394	15.33878641451398	21.691686393922236	17.80770459962622	28.410743244532323	21.575516259577142
Offset	-0.044271616249022316	0.0140625	-0.019187392572765475	0.0033203125	-0.03937134241611901	0.009521484375
Slope	0.0	0.0	0.0	0.0	0.0	0.0

Position	X Raw	Y Raw	Z Raw
--------	-----	-----	-----
25.0		0.01259765625	0.0021484375	0.00859375	17.67775	17.67775	25.0
28.0		0.01552734375	0.0044921875	0.01044921875	19.79908	19.79908	28.0
31.0		0.01591796875	0.0056640625	0.010546875	21.92041	21.92041	31.0
34.0		0.01357421875	0.00390625	0.00947265625	24.04174	24.04174	34.0
37.0		0.01474609375	0.0046875	0.01044921875	26.16307	26.16307	37.0
40.0		0.0162109375	0.0064453125	0.01083984375	28.2844	28.2844	40.0
43.0		0.017578125	0.00771484375	0.0109375	30.405730000000002	30.405730000000002	43.0
46.0		0.01494140625	0.00498046875	0.01015625	32.52706	32.52706	46.0
49.0		0.01640625	0.0076171875	0.0111328125	34.64839	34.64839	49.0
52.0		0.01767578125	0.01357421875	0.01142578125	36.76972	36.76972	52.0
55.0		0.02041015625	0.0361328125	0.01337890625	38.89105	38.89105	55.0
58.0		0.021875	0.1005859375	0.01494140625	41.01238	41.01238	58.0
61.0		0.01796875	0.22646484375	0.01259765625	43.13371	43.13371	61.0
64.0		0.0216796875	0.42509765625	0.01474609375	45.25504	45.25504	64.0
67.0		0.0244140625	0.6763671875	0.01669921875	47.37637	47.37637	67.0
70.0		0.02041015625	0.95302734375	0.015234375	49.4977	49.4977	70.0
73.0		0.0234375	1.2646484375	0.01572265625	51.61903	51.61903	73.0
76.0		0.029296875	1.55791015625	0.02138671875	53.74036	53.74036	76.0
79.0		0.032421875	1.8830078125	0.022265625	55.86169	55.86169	79.0
82.0		0.03037109375	2.1439453125	0.01796875	57.98302	57.98302	82.0
85.0		0.0544921875	2.39580078125	0.0232421875	60.104350000000004	60.104350000000004	85.0
88.0		0.14208984375	2.58544921875	0.02705078125	62.225680000000004	62.225680000000004	88.0
91.0		0.35634765625	2.73232421875	0.03564453125	64.34701	64.34701	91.0
94.0		0.55	2.80859375	0.0490234375	66.46834	66.46834	94.0
97.0		0.9029296875	2.89736328125	0.073046875	68.58967	68.58967	97.0
100.0		1.25791015625	2.93779296875	0.12763671875	70.711	70.711	100.0
103.0		1.63125	2.96025390625	0.1962890625	72.83233	72.83233	103.0
106.0		1.9314453125	2.921484375	0.28515625	74.95366	74.95366	106.0
109.0		2.25498046875	2.8556640625	0.3794921875	77.07499	77.07499	109.0
112.0		2.5072265625	2.73408203125	0.55732421875	79.19632	79.19632	112.0
115.0		2.7052734375	2.5513671875	0.74892578125	81.31765	81.31765	115.0
118.0		2.89150390625	2.30673828125	0.970703125	83.43898	83.43898	118.0
121.0		3.0501953125	2.034375	1.2072265625	85.56031	85.56031	121.0
124.0		3.1404296875	1.744140625	1.3900390625	87.68164	87.68164	124.0
127.0		3.242578125	1.45458984375	1.57939453125	89.80297	89.80297	127.0
130.0		3.27900390625	1.13154296875	1.75869140625	91.9243	91.9243	130.0
133.0		3.3408203125	0.81533203125	1.890234375	94.04563	94.04563	133.0
136.0		3.34677734375	0.52646484375	2.003515625	96.16696	96.16696	136.0
139.0		3.35859375	0.29189453125	2.07333984375	98.28829	98.28829	139.0
142.0		3.32724609375	0.11279296875	2.1435546875	100.40962	100.40962	142.0
145.0		3.28447265625	0.0330078125	2.169140625	102.53095	102.53095	145.0
148.0		3.21640625	0.01748046875	2.1990234375	104.65228	104.65228	148.0
151.0		3.1283203125	0.01640625	2.2103515625	106.77361	106.77361	151.0
154.0		2.99873046875	0.008984375	2.21748046875	108.89494	108.89494	154.0
157.0		2.82421875	0.0046875	2.22763671875	111.01627	111.01627	157.0
160.0		2.67041015625	0.01435546875	2.2357421875	113.1376	113.1376	160.0
163.0		2.4201171875	0.0091796875	2.2310546875	115.25893	115.25893	163.0
166.0		2.1326171875	0.0083984375	2.25439453125	117.38026	117.38026	166.0
169.0		1.8169921875	0.00654296875	2.257421875	119.50159000000001	119.50159000000001	169.0
172.0		1.48271484375	0.0087890625	2.26943359375	121.62292000000001	121.62292000000001	172.0
175.0		1.0806640625	0.0046875	2.2796875	123.74425000000001	123.74425000000001	175.0
178.0		0.71044921875	-4.8828125E-4	2.299609375	125.86558000000001	125.86558000000001	178.0
181.0		0.41796875	0.00146484375	2.29599609375	127.98691000000001	127.98691000000001	181.0
184.0		0.23466796875	0.00146484375	2.284375	130.10824	130.10824	184.0
187.0		0.10849609375	0.00517578125	2.26826171875	132.22957	132.22957	187.0
190.0		0.05166015625	0.0025390625	2.254296875	134.3509	134.3509	190.0
193.0		0.0216796875	-0.00810546875	2.1796875	136.47223	136.47223	193.0
196.0		0.023828125	-2.9296875E-4	2.11494140625	138.59356	138.59356	196.0
199.0		0.0240234375	0.00146484375	2.01474609375	140.71489	140.71489	199.0
202.0		0.025390625	9.765625E-4	1.9265625	142.83622	142.83622	202.0
205.0		0.01669921875	-0.00732421875	1.7634765625	144.95755	144.95755	205.0
208.0		0.0220703125	0.00283203125	1.61875	147.07888	147.07888	208.0
211.0		0.02255859375	0.0015625	1.45576171875	149.20021	149.20021	211.0
214.0		0.02216796875	-4.8828125E-4	1.2501953125	151.32154	151.32154	214.0
217.0		0.0193359375	-0.001953125	1.0271484375	153.44287	153.44287	217.0
220.0		0.01845703125	8.7890625E-4	0.8259765625	155.5642	155.5642	220.0
223.0		0.02255859375	0.00224609375	0.61552734375	157.68553	157.68553	223.0
226.0		0.02177734375	9.765625E-4	0.4404296875	159.80686	159.80686	226.0
229.0		0.0177734375	1.953125E-4	0.299609375	161.92819	161.92819	229.0
232.0		0.017578125	-1.953125E-4	0.2193359375	164.04952	164.04952	232.0
235.0		0.01845703125	-9.765625E-5	0.12705078125	166.17085	166.17085	235.0
238.0		0.02041015625	8.7890625E-4	0.08193359375	168.29218	168.29218	238.0
241.0		0.0201171875	8.7890625E-4	0.048828125	170.41351	170.41351	241.0
244.0		0.01689453125	-6.8359375E-4	0.02900390625	172.53484	172.53484	244.0
247.0		0.016796875	-6.8359375E-4	0.02275390625	174.65617	174.65617	247.0
250.0		0.01806640625	0.0	0.02275390625	176.7775	176.7775	250.0
253.0		0.01826171875	8.7890625E-4	0.0232421875	178.89883	178.89883	253.0
256.0		0.0166015625	7.8125E-4	0.01904296875	181.02016	181.02016	256.0
259.0		0.015234375	-6.8359375E-4	0.0189453125	183.14149	183.14149	259.0
262.0		0.016015625	-3.90625E-4	0.0197265625	185.26282	185.26282	262.0
265.0		0.01318359375	-5.859375E-4	0.0158203125	187.38415	187.38415	265.0
268.0		0.01416015625	-4.8828125E-4	0.0166015625	189.50548	189.50548	268.0
271.0		0.015234375	-4.8828125E-4	0.017578125	191.62681	191.62681	271.0
274.0		0.01494140625	7.8125E-4	0.01845703125	193.74814	193.74814	274.0
277.0		0.0134765625	1.953125E-4	0.01484375	195.86947	195.86947	277.0
280.0		0.01328125	-2.9296875E-4	0.01591796875	197.9908	197.9908	280.0
283.0		0.0138671875	6.8359375E-4	0.016796875	200.11213	200.11213	283.0
286.0		0.01494140625	0.00126953125	0.0173828125	202.23346	202.23346	286.0
289.0		0.015234375	0.001171875	0.019140625	204.35479	204.35479	289.0
292.0		0.01328125	6.8359375E-4	0.0158203125	206.47612	206.47612	292.0

Position	X Fit	Y Fit	Z Fit
--------	-----	-----	-----
25.0		-0.041804397412446945	-0.012815392542402756	-0.03597680616723597	17.67775	17.67775	25.0
28.0		-0.041277472000306924	-0.009289311989383693	-0.03541747792384113	19.79908	19.79908	28.0
31.0		-0.04049097275758923	-0.003873397189558918	-0.03469273453037556	21.92041	21.92041	31.0
34.0		-0.039331726304451184	0.0042741343259101415	-0.0337592498462375	24.04174	24.04174	34.0
37.0		-0.03764454534076695	0.016277111950552946	-0.032564083903682026	26.16307	26.16307	37.0
40.0		-0.035219977680971536	0.0335906414735382	-0.03104304788299618	28.2844	28.2844	40.0
43.0		-0.031779886067399565	0.05803788630991719	-0.029118925213617614	30.405730000000002	30.405730000000002	43.0
46.0		-0.026961042810558618	0.0918227996318089	-0.02669957289137007	32.52706	32.52706	46.0
49.0		-0.020297209311553627	0.13750522852759814	-0.023675939606983106	34.64839	34.64839	49.0
52.0		-0.011200537143615241	0.197924345792899	-0.01992005163157888	36.76972	36.76972	52.0
55.0		0.001056434924297217	0.27605822494085286	-0.015283033326153172	38.89105	38.89105	55.0
58.0		0.017356428584951088	0.3748122243748996	-0.009593246181909529	41.01238	41.01238	58.0
61.0		0.0387484673740011	0.4967369752318251	-0.0026546478073170426	43.13371	43.13371	61.0
64.0		0.06645162121936406	0.6436878573060004	0.005754510600271122	45.25504	45.25504	64.0
67.0		0.10184845082776094	0.816450815957364	0.01588251408603504	47.37637	47.37637	67.0
70.0		0.14646504882418931	1.0143723481247806	0.028004393878317033	49.4977	49.4977	70.0
73.0		0.2019347767379306	1.235041978096776	0.04242136135012252	51.61903	51.61903	73.0
76.0		0.26994338039081545	1.4740808316857918	0.05945930658951984	53.74036	53.74036	76.0
79.0		0.3521541857635062	1.7250876071919667	0.0794662059098121	55.86169	55.86169	79.0
82.0		0.45011354707406065	1.9797819024984293	0.10280829484864829	57.98302	57.98302	82.0
85.0		0.5651385972177485	2.2283645814490645	0.1298648851066879	60.104350000000004	60.104350000000004	85.0
88.0		0.6981915305762294	2.4600875789374794	0.1610217363418445	62.225680000000004	62.225680000000004	88.0
91.0		0.8497469531685811	2.6639949564431595	0.19666293718922612	64.34701	64.34701	91.0
94.0		1.0196610266903259	2.82976810335348	0.2371613041649982	66.46834	66.46834	94.0
97.0		1.207052928852287	2.9485860936599697	0.2828673713941006	68.58967	68.58967	97.0
100.0		1.4102102560594318	3.013901990761855	0.33409711677299936	70.711	70.711	100.0
103.0		1.6265301337353983	3.022040190725588	0.3911186488342297	72.83233	72.83233	103.0
106.0		1.85250677000565	2.9725389940074494	0.45413816002612545	74.95366	74.95366	106.0
109.0		2.083773894805576	2.868193985798173	0.5232855324496953	77.07499	77.07499	109.0
112.0		2.3152070158661857	2.7147965545234265	0.5986000568157628	79.19632	79.19632	112.0
115.0		2.54108590216864	2.5206015744385257	0.6800167896293876	81.31765	81.31765	115.0
118.0		2.755312536997804	2.2955923173895223	0.7673541223832274	83.43898	83.43898	118.0
121.0		2.951674457845975	2.0506335788525747	0.8603031650392431	85.56031	85.56031	121.0
124.0		3.1241384888126884	1.7966125485643014	0.9584195500139522	87.68164	87.68164	124.0
127.0		3.2671559534491452	1.5436606263219514	1.061118238842325	89.80297	89.80297	127.0
130.0		3.3759580473568858	1.3005303642454549	1.167671859470476	91.9243	91.9243	130.0
133.0		3.4468195257717746	1.0741742428245495	1.2772130170050828	94.04563	94.04563	133.0
136.0		3.4772703975828163	0.8695413315876306	1.3887409057343816	96.16696	96.16696	136.0
139.0		3.4662388540527522	0.6895792323015435	1.5011324081845543	98.28829	98.28829	139.0
142.0		3.4141138986180355	0.5354061831167076	1.6131577025987038	100.40962	100.40962	142.0
145.0		3.3227225741963706	0.40660426874226335	1.7235002199808265	102.53095	102.53095	145.0
148.0		3.1952236471004194	0.3015799246211305	1.830780603689897	104.65228	104.65228	148.0
151.0		3.035926374952778	0.2179412899688955	1.93358413758133	106.77361	106.77361	151.0
154.0		2.8500488576678906	0.15285126819132897	2.0304909326017557	108.89494	108.89494	154.0
157.0		2.6434348568088972	0.10332770168737324	2.1201080063573743	111.01627	111.01627	157.0
160.0		2.422250465897996	0.06647525902393647	2.201102264777966	113.1376	113.1376	160.0
163.0		2.1926824488846477	0.03964539410935801	2.2722333077285017	115.25893	115.25893	163.0
166.0		1.9606585038592914	0.020529759791301637	2.3323849377040773	117.38026	117.38026	166.0
169.0		1.7316064422181412	0.007198222006228602	2.380594256804365	119.50159000000001	119.50159000000001	169.0
172.0		1.510264758110396	-0.001904735259521416	2.4160772936773283	121.62292000000001	121.62292000000001	172.0
175.0		1.3005518586970526	-0.007991316245811194	2.43825020793306	123.74425000000001	123.74425000000001	175.0
178.0		1.1054959165388236	-0.011977169176255202	2.4467452707429964	125.86558000000001	125.86558000000001	178.0
181.0		0.9272224267925457	-0.014533907787096402	2.4414210104046603	127.98691000000001	127.98691000000001	181.0
184.0		0.7669925316516475	-0.016140560291562998	2.4223661317171907	130.10824	130.10824	184.0
187.0		0.6252822943841412	-0.01712974105033719	2.3898970574316447	132.22957	132.22957	187.0
190.0		0.5018914864134828	-0.017726487615323583	2.3445491869975976	134.3509	134.3509	190.0
193.0		0.3960700614140235	-0.018079266755862213	2.2870622100521087	136.47223	136.47223	193.0
196.0		0.30665117231372097	-0.018283651717298628	2.218360037603999	138.59356	138.59356	196.0
199.0		0.2321810945719311	-0.01839970545257781	2.13952611168114	140.71489	140.71489	199.0
202.0		0.17103846183521493	-0.01846429491170019	2.051775015018603	142.83622	142.83622	202.0
205.0		0.12153750476874241	-0.01849953055186262	1.9564214190539855	144.95755	144.95755	205.0
208.0		0.0820122484595717	-0.01851837329339734	1.8548474765216176	147.07888	147.07888	208.0
211.0		0.05088066124989532	-0.018528251289395885	1.748469782536711	149.20021	149.20021	211.0
214.0		0.026689418311727955	-0.018533327926094703	1.638706996265407	151.32154	151.32154	214.0
217.0		0.008141175325227894	-0.01853588582797805	1.5269491377470388	153.44287	153.44287	217.0
220.0		-0.005892969022983148	-0.01853714942587418	1.4145294571298423	155.5642	155.5642	220.0
223.0		-0.01637277067865796	-0.01853776144713416	1.302699624295684	157.68553	157.68553	223.0
226.0		-0.02409681584837761	-0.01853805209756149	1.1926088146563911	159.80686	159.80686	226.0
229.0		-0.029716316437313872	-0.018538187440459482	1.0852870815467748	161.92819	161.92819	229.0
232.0		-0.03375225737610522	-0.018538249238156983	0.9816332169153762	164.04952	164.04952	232.0
235.0		-0.036613903464245284	-0.01853827690711802	0.8824071191997024	166.17085	166.17085	235.0
238.0		-0.038617167602683626	-0.018538289055202075	0.7882265186197676	168.29218	168.29218	238.0
241.0		-0.040001806130171756	-0.018538294285507392	0.6995677624603789	170.41351	170.41351	241.0
244.0		-0.04094680893503635	-0.01853829649381671	0.6167702413670125	172.53484	172.53484	244.0
247.0		-0.041583676262032396	-0.018538297408172207	0.5400439455357359	174.65617	174.65617	247.0
250.0		-0.04200751732625949	-0.018538297779451502	0.4694795783577088	176.7775	176.7775	250.0
253.0		-0.04228607349461489	-0.018538297927302588	0.4050606242491676	178.89883	178.89883	253.0
256.0		-0.042466871799796635	-0.01853829798504483	0.3466767651696439	181.02016	181.02016	256.0
259.0		-0.04258276626055695	-0.018538298007161252	0.2941380635389549	183.14149	183.14149	259.0
262.0		-0.042656138466405646	-0.018538298015469218	0.24718937379153127	185.26282	185.26282	262.0
265.0		-0.04270201745924161	-0.018538298018530047	0.20552450593672272	187.38415	187.38415	265.0
268.0		-0.04273035234772443	-0.01853829801963604	0.16879973724759398	189.50548	189.50548	268.0
271.0		-0.04274763719650302	-0.018538298020028002	0.13664634765565287	191.62681	191.62681	271.0
274.0		-0.04275805212929653	-0.018538298020164247	0.1086819359883073	193.74814	193.74814	274.0
277.0		-0.04276425087552194	-0.018538298020210696	0.0845203537927782	195.86947	195.86947	277.0
280.0		-0.04276789519803775	-0.018538298020226225	0.06378016777835538	197.9908	197.9908	280.0
283.0		-0.04277001162755203	-0.018538298020231322	0.046091628288806114	200.11213	200.11213	283.0
286.0		-0.04277122577894969	-0.01853829802023296	0.031102177901946637	202.23346	202.23346	286.0
289.0		-0.04277191384701238	-0.018538298020233476	0.01848058023360246	204.35479	204.35479	289.0
292.0		-0.04277229904723158	-0.018538298020233636	0.00791978399478583	206.47612	206.47612	292.0
RTBT_Diag:WS20

Name	X Fit	X RMS	Y Fit	Y RMS	Z Fit	Z RMS
-------	-----	-----	-----	-----	-----	-----
Area	194.7379418655068	156.73112254860024	174.4179800983247	156.12445475260418	173.07188991359274	148.45234680159504
Ampl	2.5257354991381367	2.2652343749999995	2.9640983438456616	2.9133789062499997	3.5756341247979555	3.269140625
Mean	89.58256348122703	89.88978995819977	102.90587589932257	102.9758365536726	130.29730860989628	127.44603971627187
Sigma	30.759039747042795	23.46163713858165	23.475168044917098	19.451329486743575	19.310055790290317	14.860337432292017
Offset	-0.1558883503037956	0.00859375	-0.022148793877273913	0.011865234374999999	-3.059790124840593E-4	0.003564453125
Slope	0.0	0.0	0.0	0.0	0.0	0.0

Position	X Raw	Y Raw	Z Raw
--------	-----	-----	-----
25.0		0.008203125	0.011328125	0.00322265625	17.67775	17.67775	25.0
28.0		0.008984375	0.01240234375	0.00390625	19.79908	19.79908	28.0
31.0		0.01025390625	0.01376953125	0.00478515625	21.92041	21.92041	31.0
34.0		0.0072265625	0.01123046875	0.002734375	24.04174	24.04174	34.0
37.0		0.00859375	0.01259765625	0.0037109375	26.16307	26.16307	37.0
40.0		0.01025390625	0.01337890625	0.00390625	28.2844	28.2844	40.0
43.0		0.01240234375	0.01376953125	0.00380859375	30.405730000000002	30.405730000000002	43.0
46.0		0.02109375	0.015625	0.00537109375	32.52706	32.52706	46.0
49.0		0.04794921875	0.01787109375	0.0064453125	34.64839	34.64839	49.0
52.0		0.10078125	0.0259765625	0.00654296875	36.76972	36.76972	52.0
55.0		0.184375	0.05146484375	0.00673828125	38.89105	38.89105	55.0
58.0		0.291015625	0.1333984375	0.0078125	41.01238	41.01238	58.0
61.0		0.4080078125	0.269921875	0.00693359375	43.13371	43.13371	61.0
64.0		0.54736328125	0.48310546875	0.003515625	45.25504	45.25504	64.0
67.0		0.70361328125	0.7630859375	0.0091796875	47.37637	47.37637	67.0
70.0		0.851171875	1.01748046875	0.0076171875	49.4977	49.4977	70.0
73.0		1.015625	1.284765625	0.010546875	51.61903	51.61903	73.0
76.0		1.1533203125	1.526171875	0.01171875	53.74036	53.74036	76.0
79.0		1.30419921875	1.779296875	0.01357421875	55.86169	55.86169	79.0
82.0		1.4439453125	2.02626953125	0.00966796875	57.98302	57.98302	82.0
85.0		1.5705078125	2.245703125	0.01640625	60.104350000000004	60.104350000000004	85.0
88.0		1.69345703125	2.425390625	0.01484375	62.225680000000004	62.225680000000004	88.0
91.0		1.78798828125	2.61416015625	0.02119140625	64.34701	64.34701	91.0
94.0		1.86435546875	2.75166015625	0.01787109375	66.46834	66.46834	94.0
97.0		1.9494140625	2.85654296875	0.021484375	68.58967	68.58967	97.0
100.0		2.00732421875	2.874609375	0.0216796875	70.711	70.711	100.0
103.0		2.0578125	2.937109375	0.02060546875	72.83233	72.83233	103.0
106.0		2.10087890625	2.88837890625	0.01669921875	74.95366	74.95366	106.0
109.0		2.13740234375	2.80478515625	0.018359375	77.07499	77.07499	109.0
112.0		2.180859375	2.74208984375	0.02421875	79.19632	79.19632	112.0
115.0		2.2068359375	2.6044921875	0.0220703125	81.31765	81.31765	115.0
118.0		2.23251953125	2.4412109375	0.02265625	83.43898	83.43898	118.0
121.0		2.24765625	2.25146484375	0.02412109375	85.56031	85.56031	121.0
124.0		2.27392578125	2.02666015625	0.02041015625	87.68164	87.68164	124.0
127.0		2.282421875	1.77412109375	0.0208984375	89.80297	89.80297	127.0
130.0		2.24736328125	1.528125	0.0296875	91.9243	91.9243	130.0
133.0		2.2568359375	1.27216796875	0.07353515625	94.04563	94.04563	133.0
136.0		2.2318359375	0.97724609375	0.1748046875	96.16696	96.16696	136.0
139.0		2.21376953125	0.69560546875	0.40791015625	98.28829	98.28829	139.0
142.0		2.185546875	0.416796875	0.7845703125	100.40962	100.40962	142.0
145.0		2.15263671875	0.21103515625	1.29384765625	102.53095	102.53095	145.0
148.0		2.1119140625	0.09150390625	1.803515625	104.65228	104.65228	148.0
151.0		2.06728515625	0.04580078125	2.2384765625	106.77361	106.77361	151.0
154.0		1.99736328125	0.02392578125	2.5353515625	108.89494	108.89494	154.0
157.0		1.92158203125	0.0212890625	2.7560546875	111.01627	111.01627	157.0
160.0		1.866796875	0.0322265625	2.96435546875	113.1376	113.1376	160.0
163.0		1.77998046875	0.03330078125	3.0658203125	115.25893	115.25893	163.0
166.0		1.6751953125	0.0275390625	3.140234375	117.38026	117.38026	166.0
169.0		1.56064453125	0.02607421875	3.17392578125	119.50159000000001	119.50159000000001	169.0
172.0		1.4740234375	0.03173828125	3.20595703125	121.62292000000001	121.62292000000001	172.0
175.0		1.3166015625	0.0263671875	3.21572265625	123.74425000000001	123.74425000000001	175.0
178.0		1.19189453125	0.01982421875	3.240234375	125.86558000000001	125.86558000000001	178.0
181.0		1.03828125	0.02490234375	3.27626953125	127.98691000000001	127.98691000000001	181.0
184.0		0.86015625	0.01943359375	3.2857421875	130.10824	130.10824	184.0
187.0		0.6958984375	0.0326171875	3.28642578125	132.22957	132.22957	187.0
190.0		0.5484375	0.0236328125	3.2953125	134.3509	134.3509	190.0
193.0		0.4029296875	0.0173828125	3.2447265625	136.47223	136.47223	193.0
196.0		0.2783203125	0.02646484375	3.21025390625	138.59356	138.59356	196.0
199.0		0.18134765625	0.01826171875	3.0724609375	140.71489	140.71489	199.0
202.0		0.1119140625	0.016015625	2.9646484375	142.83622	142.83622	202.0
205.0		0.06796875	0.013671875	2.73759765625	144.95755	144.95755	205.0
208.0		0.03603515625	0.01181640625	2.45361328125	147.07888	147.07888	208.0
211.0		0.02041015625	0.011328125	2.0923828125	149.20021	149.20021	211.0
214.0		0.0181640625	0.01298828125	1.5505859375	151.32154	151.32154	214.0
217.0		0.007421875	0.0095703125	0.981640625	153.44287	153.44287	217.0
220.0		0.0130859375	0.01298828125	0.54833984375	155.5642	155.5642	220.0
223.0		0.0111328125	0.00859375	0.2384765625	157.68553	157.68553	223.0
226.0		0.01142578125	0.0095703125	0.09599609375	159.80686	159.80686	226.0
229.0		0.0115234375	0.00927734375	0.03447265625	161.92819	161.92819	229.0
232.0		0.0109375	0.0083984375	0.01865234375	164.04952	164.04952	232.0
235.0		0.01083984375	0.0083984375	0.01689453125	166.17085	166.17085	235.0
238.0		0.01064453125	0.00810546875	0.015625	168.29218	168.29218	238.0
241.0		0.0099609375	0.00849609375	0.0146484375	170.41351	170.41351	241.0
244.0		0.009765625	0.00771484375	0.01435546875	172.53484	172.53484	244.0
247.0		0.0095703125	0.00869140625	0.01357421875	174.65617	174.65617	247.0
250.0		0.0099609375	0.0080078125	0.01474609375	176.7775	176.7775	250.0
253.0		0.009765625	0.00849609375	0.01435546875	178.89883	178.89883	253.0
256.0		0.01015625	0.0083984375	0.01376953125	181.02016	181.02016	256.0
259.0		0.00810546875	0.0076171875	0.01201171875	183.14149	183.14149	259.0
262.0		0.0087890625	0.00791015625	0.01123046875	185.26282	185.26282	262.0
265.0		0.00849609375	0.00810546875	0.0119140625	187.38415	187.38415	265.0
268.0		0.0087890625	0.008203125	0.01220703125	189.50548	189.50548	268.0
271.0		0.0083984375	0.00751953125	0.01123046875	191.62681	191.62681	271.0
274.0		0.00810546875	0.00693359375	0.010546875	193.74814	193.74814	274.0
277.0		0.0078125	0.00810546875	0.01044921875	195.86947	195.86947	277.0
280.0		0.007421875	0.00703125	0.0099609375	197.9908	197.9908	280.0
283.0		0.00732421875	0.0076171875	0.00986328125	200.11213	200.11213	283.0
286.0		0.00673828125	0.0076171875	0.008203125	202.23346	202.23346	286.0
289.0		0.0095703125	0.008203125	0.0125	204.35479	204.35479	289.0
292.0		0.0083984375	0.00732421875	0.01044921875	206.47612	206.47612	292.0

Position	X Fit	Y Fit	Z Fit
--------	-----	-----	-----
25.0		0.008949195581493014	-0.009000102139928516	-2.2235355336082619E-4	17.67775	17.67775	25.0
28.0		0.03727822374617282	-0.002759426914647447	-2.2221679459622062E-4	19.79908	19.79908	28.0
31.0		0.06940680951465175	0.006244133876398751	-2.2196601474962837E-4	21.92041	21.92041	31.0
34.0		0.1056373193597882	0.019002615492683464	-2.215118070033119E-4	24.04174	24.04174	34.0
37.0		0.14625857792464803	0.03675768664893478	-2.2069928640502395E-4	26.16307	26.16307	37.0
40.0		0.19153779364812262	0.0610189100185354	-2.192637134709747E-4	28.2844	28.2844	40.0
43.0		0.24171176095356212	0.09356416344786683	-2.167586435486884E-4	30.405730000000002	30.405730000000002	43.0
46.0		0.2969774953150778	0.1364143555727772	-2.1244136216685261E-4	32.52706	32.52706	46.0
49.0		0.3574825014550215	0.1917746704563354	-2.0509303533325504E-4	34.64839	34.64839	49.0
52.0		0.42331491731581583	0.2619359016383453	-1.927408066622544E-4	36.76972	36.76972	52.0
55.0		0.4944938151343068	0.3491322531528514	-1.7223525437357813E-4	38.89105	38.89105	55.0
58.0		0.5709599736483376	0.4553563841433613	-1.38618421933296E-4	41.01238	41.01238	58.0
61.0		0.6525674598902372	0.5821382840240337	-8.419442433489434E-5	43.13371	43.13371	61.0
64.0		0.7390763729875094	0.7303012965134301	2.8138965845594455E-6	45.25504	45.25504	64.0
67.0		0.8301471039594002	0.8997154454960978	1.4017233188802077E-4	47.37637	47.37637	67.0
70.0		0.9253364531135674	1.0890740689356733	3.542940008964868E-4	49.4977	49.4977	70.0
73.0		1.0240959192672658	1.2957234245521767	6.838749666903244E-4	51.61903	51.61903	73.0
76.0		1.1257724322288984	1.5155752519119734	0.0011847670259734317	53.74036	53.74036	76.0
79.0		1.2296117420851056	1.7431284337590878	0.0019363720862678065	55.86169	55.86169	79.0
82.0		1.3347646069308698	1.971617615808494	0.0030498466904898287	57.98302	57.98302	82.0
85.0		1.4402958366366203	2.1932943564619656	0.0046783773327625814	60.104350000000004	60.104350000000004	85.0
88.0		1.5451961567170942	2.3998312951686627	0.007029713134944529	62.225680000000004	62.225680000000004	88.0
91.0		1.648396756695092	2.5828238371007624	0.0103810072382681	64.34701	64.34701	91.0
94.0		1.7487862854535638	2.734349268702142	0.015095807979792769	66.46834	66.46834	94.0
97.0		1.8452299562606194	2.8475324183020323	0.021642745472357904	68.58967	68.58967	97.0
100.0		1.9365903309557861	2.917061961692346	0.030615075849026726	70.711	70.711	100.0
103.0		2.021749270697867	2.939603473197086	0.04274978276593365	72.83233	72.83233	103.0
106.0		2.0996304739234297	2.914064505887024	0.058944417632632466	74.95366	74.95366	106.0
109.0		2.169221974470253	2.841682356554852	0.08026932865980048	77.07499	77.07499	109.0
112.0		2.22959794716887	2.725924697234268	0.10797244607802442	79.19632	79.19632	112.0
115.0		2.279939166658233	2.572214185833613	0.14347343696928122	81.31765	81.31765	115.0
118.0		2.3195514887234276	2.3875075099795633	0.18834391148508642	83.43898	83.43898	118.0
121.0		2.3478817719012013	2.179774352863321	0.2442705502579318	85.56031	85.56031	121.0
124.0		2.3645307290721496	1.9574305206350284	0.31299861874447105	87.68164	87.68164	124.0
127.0		2.3692622917174733	1.7287810155236454	0.3962544005167495	89.80297	89.80297	127.0
130.0		2.3620091798711007	1.5015234165085651	0.49564663694833017	91.9243	91.9243	130.0
133.0		2.3428744940680395	1.282350827402736	0.6125490638989931	94.04563	94.04563	133.0
136.0		2.3121292766370414	1.076678909773725	0.7479684732383937	96.16696	96.16696	136.0
139.0		2.2702061229683084	0.8885055187781588	0.902405208584272	98.28829	98.28829	139.0
142.0		2.2176890532474665	0.7203965029461674	1.0757153716786998	100.40962	100.40962	142.0
145.0		2.1552999761049967	0.5735791642353016	1.2669859605242992	102.53095	102.53095	145.0
148.0		2.0838821826649405	0.4481168642722735	1.4744353583941436	104.65228	104.65228	148.0
151.0		2.0043813982807626	0.3431346963678763	1.6953517460028509	106.77361	106.77361	151.0
154.0		1.9178249864374504	0.25706670143309024	1.926080893599089	108.89494	108.89494	154.0
157.0		1.8252999425753784	0.1878989362706472	2.162072302143635	111.01627	111.01627	157.0
160.0		1.7279303338238607	0.13338865260212066	2.397988856771902	113.1376	113.1376	160.0
163.0		1.626854833888225	0.09124670293779114	2.6278802611631393	115.25893	115.25893	163.0
166.0		1.5232049718349283	0.05927698385821605	2.845414939416348	117.38026	117.38026	166.0
169.0		1.4180846615344485	0.035472460149669906	3.0441593639547566	119.50159000000001	119.50159000000001	169.0
172.0		1.312551508210042	0.018071615206734004	3.2178885190686644	121.62292000000001	121.62292000000001	172.0
175.0		1.2076003037485417	0.005581891981489832	3.360907073314481	123.74425000000001	123.74425000000001	175.0
178.0		1.1041490274620092	-0.00322207129820027	3.468358366540473	125.86558000000001	125.86558000000001	178.0
181.0		1.0030275683674308	-0.009317570868736951	3.5364979165129435	127.98691000000001	127.98691000000001	181.0
184.0		0.9049692832729478	-0.013463306173711113	3.562909989702305	130.10824	130.10824	184.0
187.0		0.8106054062728292	-0.01623346303066249	3.5466497733309543	132.22957	132.22957	187.0
190.0		0.7204622334659976	-0.018052165841462152	3.4882994811727435	134.3509	134.3509	190.0
193.0		0.6349609250303283	-0.019225477008440617	3.389933747181998	136.47223	136.47223	193.0
196.0		0.5544196976999796	-0.019969342332829057	3.2549971752913005	138.59356	138.59356	196.0
199.0		0.47905812591985053	-0.020432828934464235	3.0881041235211755	140.71489	140.71489	199.0
202.0		0.4090032304081288	-0.02071666718352891	2.894776948102833	142.83622	142.83622	202.0
205.0		0.3442970086936916	-0.020887519935853926	2.681143397140804	144.95755	144.95755	205.0
208.0		0.28490505285540635	-0.02098861140104111	2.4536162146237843	147.07888	147.07888	208.0
211.0		0.2307259040142543	-0.021047410478570606	2.218578142946248	149.20021	149.20021	211.0
214.0		0.181600809469324	-0.021081031450534356	1.9820935090845302	151.32154	151.32154	214.0
217.0		0.13732357472419066	-0.02109993103812266	1.7496637954923173	153.44287	153.44287	217.0
220.0		0.09765023680401919	-0.02111037616730207	1.5260395572228949	155.5642	155.5642	220.0
223.0		0.06230832491586702	-0.021116051750910955	1.3150953745737983	157.68553	157.68553	223.0
226.0		0.031005517393931842	-0.021119083945515732	1.1197688602627558	159.80686	159.80686	226.0
229.0		0.003437547880341285	-0.021120676766588662	0.9420596391487165	161.92819	161.92819	229.0
232.0		-0.020704743069367343	-0.021121499488126944	0.7830801252620994	164.04952	164.04952	232.0
235.0		-0.04172927389989205	-0.021121917343884425	0.6431471074542485	166.17085	166.17085	235.0
238.0		-0.05993753121213709	-0.021122126032358007	0.5219017161009564	168.29218	168.29218	238.0
241.0		-0.0756203152438569	-0.021122228521829784	0.41844521032086496	170.41351	170.41351	241.0
244.0		-0.08905438729272844	-0.021122278018761206	0.3314789989904203	172.53484	172.53484	244.0
247.0		-0.10049996269267053	-0.021122301526151882	0.2594391046295443	174.65617	174.65617	247.0
250.0		-0.110198976405933	-0.02112231250523434	0.20061757472379177	176.7775	176.7775	250.0
253.0		-0.11837403696849016	-0.021122317548025387	0.1532658250420706	178.89883	178.89883	253.0
256.0		-0.1252279780020917	-0.02112231982588296	0.11567729120643985	181.02016	181.02016	256.0
259.0		-0.13094391422423424	-0.02112232083778798	0.08624886081718594	183.14149	183.14149	259.0
262.0		-0.13568571020180434	-0.021122321279884462	0.06352222700572464	185.26282	185.26282	262.0
265.0		-0.13959877431835366	-0.021122321469845547	0.046207487565445626	187.38415	187.38415	265.0
268.0		-0.14281109687035554	-0.021122321550122027	0.033192017624961656	189.50548	189.50548	268.0
271.0		-0.14543445921675865	-0.021122321583487213	0.023537921840976646	191.62681	191.62681	271.0
274.0		-0.14756574987715942	-0.021122321597126313	0.016471307941489485	193.74814	193.74814	274.0
277.0		-0.14928833287903714	-0.021122321602609958	0.011366313740342224	195.86947	195.86947	277.0
280.0		-0.150673423049918	-0.021122321604778407	0.0077263598502981925	197.9908	197.9908	280.0
283.0		-0.15178143198050315	-0.021122321605621802	0.005164574192510952	200.11213	200.11213	283.0
286.0		-0.15266325678131418	-0.021122321605944443	0.003384808546568543	202.23346	202.23346	286.0
289.0		-0.1533614913317091	-0.02112232160606584	0.0021641886741800035	204.35479	204.35479	289.0
292.0		-0.15391154636314464	-0.02112232160611077	0.0013377359790126804	206.47612	206.47612	292.0

PVLoggerID = -1