start time: Sun Aug 01 13:56:05 EDT 2021

RTBT_Diag:WS24

Name	X Fit	X RMS	Y Fit	Y RMS	Z Fit	Z RMS
-------	-----	-----	-----	-----	-----	-----
Area	57.027376440743325	47.63112870486654	55.56513362984168	52.074632975260414	51.85384002153367	49.054081697509766
Ampl	1.0670742910155828	0.9928222656250001	1.3436318072097113	1.3640625000000002	1.095293131544088	1.06484375
Mean	106.08697911899492	105.76607940952188	102.37589531693305	102.02503265037602	101.8637199965152	111.56803594825696
Sigma	21.320569518105696	16.3479193312435	16.498032423877827	14.811775464696076	18.886897571062725	13.765587645481496
Offset	-0.03299620978389513	0.00224609375	-0.009647370315935514	-0.0041748046875	-0.03404303328292858	-0.00263671875
Slope	0.0	0.0	0.0	0.0	0.0	0.0

Position	X Raw	Y Raw	Z Raw
--------	-----	-----	-----
25.0		0.00244140625	-0.004150390625	-0.002587890625	17.67775	17.67775	25.0
28.0		0.00205078125	-0.00419921875	-0.002685546875	19.79908	19.79908	28.0
31.0		0.002001953125	-0.004638671875	-0.0033203125	21.92041	21.92041	31.0
34.0		0.001953125	-0.00458984375	-0.003173828125	24.04174	24.04174	34.0
37.0		0.001904296875	-0.00439453125	-0.002978515625	26.16307	26.16307	37.0
40.0		0.00322265625	-0.002685546875	-0.0013671875	28.2844	28.2844	40.0
43.0		0.003369140625	-0.002490234375	-0.0015625	30.405730000000002	30.405730000000002	43.0
46.0		0.004150390625	-0.0015625	-0.001220703125	32.52706	32.52706	46.0
49.0		0.00361328125	-0.002197265625	-0.001806640625	34.64839	34.64839	49.0
52.0		0.003662109375	-0.002099609375	-0.001513671875	36.76972	36.76972	52.0
55.0		0.00380859375	-0.001904296875	-0.001513671875	38.89105	38.89105	55.0
58.0		0.0037109375	-0.002001953125	-0.00166015625	41.01238	41.01238	58.0
61.0		0.00322265625	-0.001318359375	-0.002099609375	43.13371	43.13371	61.0
64.0		0.005126953125	0.013720703125	-5.859375E-4	45.25504	45.25504	64.0
67.0		0.003125	0.05361328125	-0.002099609375	47.37637	47.37637	67.0
70.0		0.0033203125	0.145068359375	-0.00146484375	49.4977	49.4977	70.0
73.0		0.00341796875	0.253271484375	-0.0015625	51.61903	51.61903	73.0
76.0		0.00576171875	0.384912109375	2.9296875E-4	53.74036	53.74036	76.0
79.0		0.005859375	0.512060546875	5.37109375E-4	55.86169	55.86169	79.0
82.0		0.0064453125	0.6416015625	6.8359375E-4	57.98302	57.98302	82.0
85.0		0.0048828125	0.76640625	-8.30078125E-4	60.104350000000004	60.104350000000004	85.0
88.0		0.005517578125	0.894580078125	-2.44140625E-4	62.225680000000004	62.225680000000004	88.0
91.0		0.010595703125	1.023779296875	0.00244140625	64.34701	64.34701	91.0
94.0		0.01962890625	1.148193359375	0.002978515625	66.46834	66.46834	94.0
97.0		0.037353515625	1.2552734375	0.0015625	68.58967	68.58967	97.0
100.0		0.073681640625	1.33173828125	0.00224609375	70.711	70.711	100.0
103.0		0.12041015625	1.355712890625	9.27734375E-4	72.83233	72.83233	103.0
106.0		0.2005859375	1.31962890625	0.00380859375	74.95366	74.95366	106.0
109.0		0.30986328125	1.203125	0.0033203125	77.07499	77.07499	109.0
112.0		0.42919921875	1.09404296875	0.004296875	79.19632	79.19632	112.0
115.0		0.55087890625	0.962353515625	0.0189453125	81.31765	81.31765	115.0
118.0		0.634814453125	0.824072265625	0.03798828125	83.43898	83.43898	118.0
121.0		0.7314453125	0.69892578125	0.149853515625	85.56031	85.56031	121.0
124.0		0.783349609375	0.5509765625	0.346728515625	87.68164	87.68164	124.0
127.0		0.824755859375	0.416552734375	0.65068359375	89.80297	89.80297	127.0
130.0		0.8630859375	0.284130859375	0.859912109375	91.9243	91.9243	130.0
133.0		0.90048828125	0.17265625	0.998095703125	94.04563	94.04563	133.0
136.0		0.926611328125	0.0833984375	1.07236328125	96.16696	96.16696	136.0
139.0		0.95205078125	0.02451171875	1.102978515625	98.28829	98.28829	139.0
142.0		0.969677734375	0.0025390625	1.134375	100.40962	100.40962	142.0
145.0		0.995556640625	-0.0013671875	1.13759765625	102.53095	102.53095	145.0
148.0		0.997314453125	-0.00400390625	1.10712890625	104.65228	104.65228	148.0
151.0		1.005859375	-0.001611328125	1.089990234375	106.77361	106.77361	151.0
154.0		1.002392578125	-0.001513671875	1.07578125	108.89494	108.89494	154.0
157.0		0.9818359375	-0.004345703125	1.0595703125	111.01627	111.01627	157.0
160.0		0.95634765625	-0.004443359375	1.06748046875	113.1376	113.1376	160.0
163.0		0.93291015625	-0.00322265625	1.094580078125	115.25893	115.25893	163.0
166.0		0.901220703125	-0.0029296875	1.1076171875	117.38026	117.38026	166.0
169.0		0.86826171875	-0.003271484375	1.116552734375	119.50159000000001	119.50159000000001	169.0
172.0		0.831787109375	-0.003466796875	1.1275390625	121.62292000000001	121.62292000000001	172.0
175.0		0.783642578125	-0.0046875	1.126513671875	123.74425000000001	123.74425000000001	175.0
178.0		0.72548828125	-0.004541015625	1.117626953125	125.86558000000001	125.86558000000001	178.0
181.0		0.647119140625	-0.00498046875	1.049462890625	127.98691000000001	127.98691000000001	181.0
184.0		0.5515625	-0.0052734375	0.972607421875	130.10824	130.10824	184.0
187.0		0.413720703125	-0.005126953125	0.79404296875	132.22957	132.22957	187.0
190.0		0.296630859375	-0.006689453125	0.453271484375	134.3509	134.3509	190.0
193.0		0.2009765625	-0.00439453125	0.19951171875	136.47223	136.47223	193.0
196.0		0.132470703125	-0.004931640625	0.07109375	138.59356	138.59356	196.0
199.0		0.0818359375	-0.0064453125	0.018896484375	140.71489	140.71489	199.0
202.0		0.04443359375	-0.006494140625	0.006494140625	142.83622	142.83622	202.0
205.0		0.02265625	-0.006298828125	0.003564453125	144.95755	144.95755	205.0
208.0		0.010888671875	-0.00615234375	0.003857421875	147.07888	147.07888	208.0
211.0		0.0056640625	-0.007275390625	0.001318359375	149.20021	149.20021	211.0
214.0		0.004345703125	-0.006640625	0.00126953125	151.32154	151.32154	214.0
217.0		0.00673828125	-0.00546875	0.004150390625	153.44287	153.44287	217.0
220.0		0.0041015625	-0.006787109375	0.001171875	155.5642	155.5642	220.0
223.0		0.004248046875	-0.006689453125	0.001220703125	157.68553	157.68553	223.0
226.0		0.007177734375	-0.0052734375	0.0044921875	159.80686	159.80686	226.0
229.0		0.005224609375	-0.00634765625	0.0021484375	161.92819	161.92819	229.0
232.0		0.004931640625	-0.006494140625	0.00224609375	164.04952	164.04952	232.0
235.0		0.00517578125	-0.0064453125	0.002587890625	166.17085	166.17085	235.0
238.0		0.005908203125	-0.00556640625	0.00302734375	168.29218	168.29218	238.0
241.0		0.0037109375	-0.006591796875	0.00107421875	170.41351	170.41351	241.0
244.0		0.00380859375	-0.00625	0.001123046875	172.53484	172.53484	244.0
247.0		0.004248046875	-0.006298828125	0.00126953125	174.65617	174.65617	247.0
250.0		0.004248046875	-0.0064453125	0.001806640625	176.7775	176.7775	250.0
253.0		0.003271484375	-0.006787109375	-9.765625E-5	178.89883	178.89883	253.0
256.0		0.003125	-0.006494140625	-1.46484375E-4	181.02016	181.02016	256.0
259.0		0.00283203125	-0.00673828125	3.90625E-4	183.14149	183.14149	259.0
262.0		0.003515625	-0.006640625	6.8359375E-4	185.26282	185.26282	262.0
265.0		0.002783203125	-0.00703125	-4.8828125E-5	187.38415	187.38415	265.0
268.0		0.003076171875	-0.006640625	1.953125E-4	189.50548	189.50548	268.0
271.0		0.0029296875	-0.006591796875	3.41796875E-4	191.62681	191.62681	271.0
274.0		0.003173828125	-0.006201171875	4.39453125E-4	193.74814	193.74814	274.0
277.0		0.003466796875	-0.006396484375	0.001220703125	195.86947	195.86947	277.0
280.0		0.002734375	-0.007080078125	-2.44140625E-4	197.9908	197.9908	280.0
283.0		0.0015625	-0.007421875	-0.001513671875	200.11213	200.11213	283.0
286.0		0.00185546875	-0.007080078125	-0.001123046875	202.23346	202.23346	286.0
289.0		0.00263671875	-0.006884765625	4.8828125E-4	204.35479	204.35479	289.0
292.0		0.002392578125	-0.006591796875	-1.46484375E-4	206.47612	206.47612	292.0

Position	X Fit	Y Fit	Z Fit
--------	-----	-----	-----
25.0		-0.032497851251730096	-0.009405709207401535	-0.03275998773776618	17.67775	17.67775	25.0
28.0		-0.032398410609808595	-0.009376249368403627	-0.03272572852759459	19.79908	19.79908	28.0
31.0		-0.03225335062076028	-0.00931217325964714	-0.03267138243894297	21.92041	21.92041	31.0
34.0		-0.03204395464806916	-0.009177554342286036	-0.032586310040027114	24.04174	24.04174	34.0
37.0		-0.03174485765013548	-0.008904407808143966	-0.03245490190715258	26.16307	26.16307	37.0
40.0		-0.03132212693755904	-0.008369238184492714	-0.03225461555405791	28.2844	28.2844	40.0
43.0		-0.030730963846252655	-0.0073569381045465836	-0.03195341423734737	30.405730000000002	30.405730000000002	43.0
46.0		-0.02991301723088433	-0.005508724070523147	-0.03150650646986926	32.52706	32.52706	46.0
49.0		-0.028793327752321688	-0.0022525466872554403	-0.030852304738215854	34.64839	34.64839	49.0
52.0		-0.027276960597159713	0.0032815314298317525	-0.029907562600945386	36.76972	36.76972	52.0
55.0		-0.025245434040785338	0.012351568866466758	-0.028561716769372802	38.89105	38.89105	55.0
58.0		-0.022553111583285122	0.02668054272540915	-0.026670559602722955	41.01238	41.01238	58.0
61.0		-0.019023794227716193	0.048489831911059336	-0.024049499933021405	43.13371	43.13371	61.0
64.0		-0.014447823019994324	0.08045067260483889	-0.020466834521816933	45.25504	45.25504	64.0
67.0		-0.00858007440722382	0.1255127804972609	-0.015637641344799287	47.37637	47.37637	67.0
70.0		-0.0011392944404362976	0.18657923701298926	-0.009219104850788949	49.4977	49.4977	70.0
73.0		0.008190737299455679	0.2660223803294972	-8.082700530952641E-4	51.61903	51.61903	73.0
76.0		0.019757707803078582	0.3650765175233245	0.010056633096571052	53.74036	53.74036	76.0
79.0		0.03393445377185578	0.48319329339765393	0.023890086885640184	55.86169	55.86169	79.0
82.0		0.05110942284305889	0.6174914535491252	0.04124724576999499	57.98302	57.98302	82.0
85.0		0.07167364235240621	0.7624572940420046	0.062705001182182	60.104350000000004	60.104350000000004	85.0
88.0		0.09600412119484686	0.9100392100930939	0.08883557197440925	62.225680000000004	62.225680000000004	88.0
91.0		0.12444386562466186	1.050221376873816	0.12017260706240193	64.34701	64.34701	91.0
94.0		0.15727899458089206	1.172063472935516	0.15717052571808893	66.46834	66.46834	94.0
97.0		0.19471377674478446	1.265076757019981	0.2001586900897779	68.58967	68.58967	97.0
100.0		0.2368447547037718	1.3207041642611146	0.24929293054688678	70.711	70.711	100.0
103.0		0.28363543942406655	1.3336170968756371	0.30450782622676426	72.83233	72.83233	103.0
106.0		0.33489331457681215	1.3025569760208897	0.365473859959807	74.95366	74.95366	106.0
109.0		0.3902510480717209	1.230537476496119	0.43156399166602494	77.07499	77.07499	109.0
112.0		0.4491538336344713	1.124362439258118	0.5018342119802975	79.19632	79.19632	112.0
115.0		0.5108546524409939	0.9935662692656263	0.575022164180015	81.31765	81.31765	115.0
118.0		0.5744189399311479	0.8490053383717537	0.6495669234174378	83.43898	83.43898	118.0
121.0		0.6387396680400423	0.701387943451981	0.7236515281446715	85.56031	85.56031	121.0
124.0		0.702563228330083	0.5600149260241978	0.7952679707583292	87.68164	87.68164	124.0
127.0		0.7645257653424654	0.4319246064678187	0.8623022414765633	89.80297	89.80297	127.0
130.0		0.8231988167669864	0.32152294979323826	0.9226349023326256	91.9243	91.9243	130.0
133.0		0.8771423347802486	0.2306674863645868	0.974250795312175	94.04563	94.04563	133.0
136.0		0.9249624641199267	0.1590901809006133	1.0153501033979206	96.16696	96.16696	136.0
139.0		0.9653709085263319	0.10500515950983544	1.0444522887763883	98.28829	98.28829	139.0
142.0		0.997242389754348	0.06575147693607233	1.060484559528378	100.40962	100.40962	142.0
145.0		1.0196666367836071	0.03835669935491647	1.0628474995838875	102.53095	102.53095	145.0
148.0		1.031991558092935	0.019956635662200337	1.0514522647730262	104.65228	104.65228	148.0
151.0		1.0338547408516376	0.00805408293217045	1.0267261269862396	106.77361	106.77361	151.0
154.0		1.0252011539196753	6.34514479362443E-4	0.9895858840996167	108.89494	108.89494	154.0
157.0		1.006285847965414	-0.003824511806650099	0.9413814426931342	111.01627	111.01627	157.0
160.0		0.977661467833644	-0.006409124880945938	0.8838144136756076	113.1376	113.1376	160.0
163.0		0.9401514303408571	-0.00785453014289942	0.8188385623675769	115.25893	115.25893	163.0
166.0		0.8948105840187233	-0.008634621212539868	0.7485502200970015	117.38026	117.38026	166.0
169.0		0.8428759730173369	-0.009041034711133085	0.6750771859643631	119.50159000000001	119.50159000000001	169.0
172.0		0.7857109091325258	-0.00924546693936745	0.6004742238924532	121.62292000000001	121.62292000000001	172.0
175.0		0.7247458707445129	-0.009344771335667188	0.5266320914335347	123.74425000000001	123.74425000000001	175.0
178.0		0.6614197794207732	-0.009391361586750429	0.4552053047651304	125.86558000000001	125.86558000000001	178.0
181.0		0.5971249657227279	-0.009412476552154683	0.38756178236500943	127.98691000000001	127.98691000000001	181.0
184.0		0.5331586620295596	-0.009421721590076869	0.3247553685616819	130.10824	130.10824	184.0
187.0		0.4706832083057818	-0.009425632684230002	0.2675202511832264	132.22957	132.22957	187.0
190.0		0.4106963955599689	-0.009427231513901003	0.21628464364843594	134.3509	134.3509	190.0
193.0		0.35401257460824187	-0.009427863138653032	0.17119992636597234	136.47223	136.47223	193.0
196.0		0.3012543945993531	-0.009428104297888745	0.1321807895988999	138.59356	138.59356	196.0
199.0		0.2528543663277866	-0.009428193293361692	0.09895177672758682	140.71489	140.71489	199.0
202.0		0.20906491425372212	-0.00942822503868014	0.07109592417966429	142.83622	142.83622	202.0
205.0		0.16997521504562496	-0.009428235984924137	0.048101825282765485	144.95755	144.95755	205.0
208.0		0.1355329276517622	-0.00942823963370554	0.02940628483115406	147.07888	147.07888	208.0
211.0		0.10556889187182467	-0.009428240809548826	0.014430654628220484	149.20021	149.20021	211.0
214.0		0.07982298700124998	-0.009428241175893356	0.0026098386363608353	151.32154	151.32154	214.0
217.0		0.05796956780186523	-0.009428241286247035	-0.006586253805074865	153.44287	153.44287	217.0
220.0		0.03964119540855686	-0.009428241318387896	-0.013638400223721793	155.5642	155.5642	220.0
223.0		0.024449718917031724	-0.009428241327439328	-0.018970053557916252	157.68553	157.68553	223.0
226.0		0.012004105600275691	-0.00942824132990412	-0.022944518338581986	159.80686	159.80686	226.0
229.0		0.0019247361321873546	-0.009428241330553143	-0.025866108271745607	161.92819	161.92819	229.0
232.0		-0.00614584453442937	-0.009428241330718403	-0.027984110250454	164.04952	164.04952	232.0
235.0		-0.012535512332161745	-0.009428241330759096	-0.02949850199609108	166.17085	166.17085	235.0
238.0		-0.017538120883348256	-0.009428241330768784	-0.030566546533646436	168.29218	168.29218	238.0
241.0		-0.02141156956261515	-0.009428241330771017	-0.03130958437610485	170.41351	170.41351	241.0
244.0		-0.024377880293883714	-0.009428241330771513	-0.03181953864331197	172.53484	172.53484	244.0
247.0		-0.026624782822690048	-0.00942824133077162	-0.032164822279396495	174.65617	174.65617	247.0
250.0		-0.028308343918149403	-0.009428241330771643	-0.03239548038532305	176.7775	176.7775	250.0
253.0		-0.02955623402994623	-0.009428241330771647	-0.03254751094689886	178.89883	178.89883	253.0
256.0		-0.030471295192086537	-0.009428241330771648	-0.03264638498010059	181.02016	181.02016	256.0
259.0		-0.031135147893684992	-0.009428241330771648	-0.032709836335764735	183.14149	183.14149	259.0
262.0		-0.031611645677709646	-0.009428241330771648	-0.0327500175983683	185.26282	185.26282	262.0
265.0		-0.031950049875307196	-0.009428241330771648	-0.03277512754036307	187.38415	187.38415	265.0
268.0		-0.03218785051483673	-0.009428241330771648	-0.03279061291029055	189.50548	189.50548	268.0
271.0		-0.032353202023716165	-0.009428241330771648	-0.03280003754346835	191.62681	191.62681	271.0
274.0		-0.03246697404415678	-0.009428241330771648	-0.03280569845847299	193.74814	193.74814	274.0
277.0		-0.032544439521605906	-0.009428241330771648	-0.0328090542855859	195.86947	195.86947	277.0
280.0		-0.0325966356961568	-0.009428241330771648	-0.03281101770902445	197.9908	197.9908	280.0
283.0		-0.032631440433004893	-0.009428241330771648	-0.03281215151772939	200.11213	200.11213	283.0
286.0		-0.03265440815538436	-0.009428241330771648	-0.03281279774659768	202.23346	202.23346	286.0
289.0		-0.032669408021497065	-0.009428241330771648	-0.032813161295143355	204.35479	204.35479	289.0
292.0		-0.03267910320529792	-0.009428241330771648	-0.03281336316717392	206.47612	206.47612	292.0
RTBT_Diag:WS23

Name	X Fit	X RMS	Y Fit	Y RMS	Z Fit	Z RMS
-------	-----	-----	-----	-----	-----	-----
Area	58.27912275483177	51.204695074528	58.45754569264117	51.02652180989583	51.61977871468151	50.351660772574874
Ampl	1.6912467720946835	1.647998046875	1.1598782251577935	1.095947265625	0.7456240420726026	0.76435546875
Mean	101.83464148594129	100.95085935642258	101.03230090926829	100.0493704844502	96.63382835003361	114.04173711551489
Sigma	13.747258244763097	10.82165960151295	20.10658194925638	15.716866693047155	27.618895143200298	19.447227469868785
Offset	-0.02222745651540835	-0.0109130859375	-0.020586784878672167	-0.002880859375	-0.016528589860379653	-0.0035400390625
Slope	0.0	0.0	0.0	0.0	0.0	0.0

Position	X Raw	Y Raw	Z Raw
--------	-----	-----	-----
25.0		-0.01044921875	-0.0025390625	-0.003173828125	17.67775	17.67775	25.0
28.0		-0.011376953125	-0.00322265625	-0.00390625	19.79908	19.79908	28.0
31.0		-0.0115234375	-0.00380859375	-0.003759765625	21.92041	21.92041	31.0
34.0		-0.011865234375	-0.00341796875	-0.00390625	24.04174	24.04174	34.0
37.0		-0.010107421875	-0.002783203125	-0.003125	26.16307	26.16307	37.0
40.0		-0.01015625	-0.00166015625	-0.002978515625	28.2844	28.2844	40.0
43.0		-0.0095703125	-0.00146484375	-0.00283203125	30.405730000000002	30.405730000000002	43.0
46.0		-0.0095703125	-0.001708984375	-0.00283203125	32.52706	32.52706	46.0
49.0		-0.010205078125	-0.002490234375	-0.002880859375	34.64839	34.64839	49.0
52.0		-0.009814453125	-0.00146484375	-0.002880859375	36.76972	36.76972	52.0
55.0		-0.010546875	-0.002685546875	-0.00322265625	38.89105	38.89105	55.0
58.0		-0.010205078125	-0.001416015625	-0.003173828125	41.01238	41.01238	58.0
61.0		-0.010498046875	0.006298828125	-0.003173828125	43.13371	43.13371	61.0
64.0		-0.00966796875	0.0521484375	-0.0029296875	45.25504	45.25504	64.0
67.0		-0.010498046875	0.14560546875	-0.003369140625	47.37637	47.37637	67.0
70.0		-0.00966796875	0.26298828125	-0.002587890625	49.4977	49.4977	70.0
73.0		-0.0099609375	0.392431640625	-0.002978515625	51.61903	51.61903	73.0
76.0		-0.008447265625	0.529345703125	-0.00126953125	53.74036	53.74036	76.0
79.0		-0.008154296875	0.661572265625	-0.001416015625	55.86169	55.86169	79.0
82.0		-0.009326171875	0.791845703125	-0.002099609375	57.98302	57.98302	82.0
85.0		-0.01064453125	0.910205078125	-0.002685546875	60.104350000000004	60.104350000000004	85.0
88.0		-0.009912109375	1.004052734375	-0.002734375	62.225680000000004	62.225680000000004	88.0
91.0		-0.00771484375	1.055859375	-0.001123046875	64.34701	64.34701	91.0
94.0		-0.007373046875	1.073388671875	-4.8828125E-4	66.46834	66.46834	94.0
97.0		-0.0072265625	1.08095703125	0.001171875	68.58967	68.58967	97.0
100.0		-0.008154296875	1.090185546875	0.007861328125	70.711	70.711	100.0
103.0		-0.001025390625	1.08603515625	0.021875	72.83233	72.83233	103.0
106.0		0.027734375	1.0787109375	0.0486328125	74.95366	74.95366	106.0
109.0		0.10048828125	1.052685546875	0.1044921875	77.07499	77.07499	109.0
112.0		0.242138671875	1.02138671875	0.21083984375	79.19632	79.19632	112.0
115.0		0.4435546875	0.9392578125	0.3740234375	81.31765	81.31765	115.0
118.0		0.6875	0.820703125	0.519482421875	83.43898	83.43898	118.0
121.0		0.93623046875	0.686669921875	0.6326171875	85.56031	85.56031	121.0
124.0		1.11572265625	0.533056640625	0.688525390625	87.68164	87.68164	124.0
127.0		1.2458984375	0.397314453125	0.73818359375	89.80297	89.80297	127.0
130.0		1.34638671875	0.26083984375	0.78486328125	91.9243	91.9243	130.0
133.0		1.44423828125	0.137646484375	0.801708984375	94.04563	94.04563	133.0
136.0		1.51884765625	0.04091796875	0.825244140625	96.16696	96.16696	136.0
139.0		1.584521484375	0.002978515625	0.7947265625	98.28829	98.28829	139.0
142.0		1.626171875	-0.001513671875	0.80302734375	100.40962	100.40962	142.0
145.0		1.646337890625	-0.001171875	0.799755859375	102.53095	102.53095	145.0
148.0		1.607177734375	-0.0037109375	0.781591796875	104.65228	104.65228	148.0
151.0		1.550830078125	-0.00185546875	0.774267578125	106.77361	106.77361	151.0
154.0		1.4779296875	-0.002685546875	0.76298828125	108.89494	108.89494	154.0
157.0		1.374658203125	-0.003125	0.751123046875	111.01627	111.01627	157.0
160.0		1.22734375	-0.003759765625	0.757275390625	113.1376	113.1376	160.0
163.0		1.050244140625	-0.003515625	0.75634765625	115.25893	115.25893	163.0
166.0		0.791845703125	-0.003076171875	0.756103515625	117.38026	117.38026	166.0
169.0		0.50302734375	-0.002978515625	0.757958984375	119.50159000000001	119.50159000000001	169.0
172.0		0.2943359375	-0.00283203125	0.761328125	121.62292000000001	121.62292000000001	172.0
175.0		0.1552734375	-0.003515625	0.760302734375	123.74425000000001	123.74425000000001	175.0
178.0		0.06142578125	-0.00390625	0.790673828125	125.86558000000001	125.86558000000001	178.0
181.0		0.01083984375	-0.004736328125	0.797314453125	127.98691000000001	127.98691000000001	181.0
184.0		-0.004443359375	-0.0033203125	0.7974609375	130.10824	130.10824	184.0
187.0		-0.007421875	-0.004052734375	0.797119140625	132.22957	132.22957	187.0
190.0		-0.0078125	-0.003857421875	0.800048828125	134.3509	134.3509	190.0
193.0		-0.007861328125	-0.003515625	0.769189453125	136.47223	136.47223	193.0
196.0		-0.00810546875	-0.00400390625	0.7341796875	138.59356	138.59356	196.0
199.0		-0.01015625	-0.004248046875	0.68583984375	140.71489	140.71489	199.0
202.0		-0.0103515625	-0.004248046875	0.6322265625	142.83622	142.83622	202.0
205.0		-0.00908203125	-0.00380859375	0.5287109375	144.95755	144.95755	205.0
208.0		-0.010302734375	-0.00390625	0.359228515625	147.07888	147.07888	208.0
211.0		-0.009228515625	-0.0041015625	0.20751953125	149.20021	149.20021	211.0
214.0		-0.010791015625	-0.00419921875	0.082275390625	151.32154	151.32154	214.0
217.0		-0.008740234375	-0.003466796875	0.03681640625	153.44287	153.44287	217.0
220.0		-0.010595703125	-0.0041015625	0.011279296875	155.5642	155.5642	220.0
223.0		-0.011474609375	-0.00478515625	0.001025390625	157.68553	157.68553	223.0
226.0		-0.00947265625	-0.003466796875	-3.90625E-4	159.80686	159.80686	226.0
229.0		-0.01044921875	-0.00400390625	-0.0021484375	161.92819	161.92819	229.0
232.0		-0.0103515625	-0.004248046875	-0.002001953125	164.04952	164.04952	232.0
235.0		-0.010302734375	-0.004248046875	-0.001806640625	166.17085	166.17085	235.0
238.0		-0.009521484375	-0.003955078125	-0.001513671875	168.29218	168.29218	238.0
241.0		-0.010888671875	-0.004248046875	-0.0029296875	170.41351	170.41351	241.0
244.0		-0.011669921875	-0.004443359375	-0.003515625	172.53484	172.53484	244.0
247.0		-0.01083984375	-0.00400390625	-0.002490234375	174.65617	174.65617	247.0
250.0		-0.0107421875	-0.004345703125	-0.0025390625	176.7775	176.7775	250.0
253.0		-0.010986328125	-0.004345703125	-0.0029296875	178.89883	178.89883	253.0
256.0		-0.010791015625	-0.00400390625	-0.00244140625	181.02016	181.02016	256.0
259.0		-0.011328125	-0.0044921875	-0.002734375	183.14149	183.14149	259.0
262.0		-0.01025390625	-0.003955078125	-0.00224609375	185.26282	185.26282	262.0
265.0		-0.010888671875	-0.00419921875	-0.00244140625	187.38415	187.38415	265.0
268.0		-0.010107421875	-0.003955078125	-0.002197265625	189.50548	189.50548	268.0
271.0		-0.01025390625	-0.00400390625	-0.00234375	191.62681	191.62681	271.0
274.0		-0.0103515625	-0.003955078125	-0.002392578125	193.74814	193.74814	274.0
277.0		-0.010498046875	-0.003759765625	-0.002783203125	195.86947	195.86947	277.0
280.0		-0.011181640625	-0.00439453125	-0.003369140625	197.9908	197.9908	280.0
283.0		-0.011328125	-0.00458984375	-0.00322265625	200.11213	200.11213	283.0
286.0		-0.011572265625	-0.0044921875	-0.003125	202.23346	202.23346	286.0
289.0		-0.011376953125	-0.004833984375	-0.003271484375	204.35479	204.35479	289.0
292.0		-0.0111328125	-0.0041015625	-0.002880859375	206.47612	206.47612	292.0

Position	X Fit	Y Fit	Z Fit
--------	-----	-----	-----
25.0		-0.021927977429165673	-0.01955198455882514	-0.003349940704440748	17.67775	17.67775	25.0
28.0		-0.021927957937044926	-0.018878158638163778	-3.071343817808332E-4	19.79908	19.79908	28.0
31.0		-0.02192791039415383	-0.01776758212803119	0.0033573832445499656	21.92041	21.92041	31.0
34.0		-0.021927797229514944	-0.01598052665203789	0.007741253531701891	24.04174	24.04174	34.0
37.0		-0.021927534373247584	-0.013173491017637165	0.012950525502386876	26.16307	26.16307	37.0
40.0		-0.021926938586575073	-0.008870206246337728	0.019098797971617273	28.2844	28.2844	40.0
43.0		-0.021925620909559858	-0.0024328888685443972	0.026305924944808608	30.405730000000002	30.405730000000002	43.0
46.0		-0.02192277741714563	0.006961292180886279	0.034696238862515084	32.52706	32.52706	46.0
49.0		-0.021916790581218495	0.020331607467885444	0.0443962582997499	34.64839	34.64839	49.0
52.0		-0.021904492993763274	0.03888450645206269	0.05553186303415469	36.76972	36.76972	52.0
55.0		-0.02187985005901567	0.06397458611396425	0.06822493992304723	38.89105	38.89105	55.0
58.0		-0.021831679157823462	0.0970277014270844	0.08258952743849127	41.01238	41.01238	58.0
61.0		-0.021739832429701633	0.13942136273592157	0.09872751435102645	43.13371	43.13371	61.0
64.0		-0.021569030682541707	0.1923232551468851	0.11672397794531444	45.25504	45.25504	64.0
67.0		-0.021259267640801605	0.2564965964120168	0.13664227799010745	47.37637	47.37637	67.0
70.0		-0.020711457918721317	0.33209018540187857	0.15851905287554655	49.4977	49.4977	70.0
73.0		-0.019766872349181418	0.418439769860421	0.18235929204793197	51.61903	51.61903	73.0
76.0		-0.018179033648764702	0.513913686491099	0.2081316821494293	53.74036	53.74036	76.0
79.0		-0.015577320812512573	0.6158374334746456	0.23576444111333678	55.86169	55.86169	79.0
82.0		-0.011422755970488762	0.7205272492456319	0.2651418629854267	57.98302	57.98302	82.0
85.0		-0.004958487549903492	0.8234512883015016	0.29610179479984255	60.104350000000004	60.104350000000004	85.0
88.0		0.004839621614889909	0.9195195043437809	0.3284342541930777	62.225680000000004	62.225680000000004	88.0
91.0		0.019303333178886748	1.00348238085376	0.36188137188581704	64.34701	64.34701	91.0
94.0		0.040090624372197514	1.07039798080528	0.39613880664467566	66.46834	66.46834	94.0
97.0		0.0691668930275682	1.1161107539133603	0.43085873253087464	68.58967	68.58967	97.0
100.0		0.10873212707079141	1.1376780064081278	0.46565444059622957	70.711	70.711	100.0
103.0		0.1610796583542449	1.1336832812367221	0.5001065318967979	72.83233	72.83233	103.0
106.0		0.22837876771313137	1.104390271021174	0.533770608639532	74.95366	74.95366	106.0
109.0		0.3123848416268123	1.0517140201637882	0.5661862988858669	77.07499	77.07499	109.0
112.0		0.41409627063542065	0.9790137869777967	0.5968873813056365	79.19632	79.19632	112.0
115.0		0.5333946755312827	0.890738704462946	0.6254127139473441	81.31765	81.31765	115.0
118.0		0.6687208422345596	0.7919781712121641	0.6513176187024586	83.43898	83.43898	118.0
121.0		0.8168486002308372	0.6879799849251228	0.6741853345597898	85.56031	85.56031	121.0
124.0		0.9728185958842396	0.5836990662990427	0.6936381307186664	87.68164	87.68164	124.0
127.0		1.1300806875670173	0.48342910583620696	0.7093476671617688	89.80297	89.80297	127.0
130.0		1.2808673024819912	0.3905515365077742	0.7210442063694584	91.9243	91.9243	130.0
133.0		1.416783618403582	0.30741501614094857	0.7285243153521513	94.04563	94.04563	133.0
136.0		1.5295601208645158	0.23533835984426277	0.7316567507931148	96.16696	96.16696	136.0
139.0		1.6118772816925067	0.1747140492271523	0.730386289429259	98.28829	98.28829	139.0
142.0		1.65814933770549	0.1251800834938906	0.7247353474694094	100.40962	100.40962	142.0
145.0		1.6651508805764907	0.08582543095755592	0.7148033226951078	102.53095	102.53095	145.0
148.0		1.6323886506989562	0.055397694698296265	0.7007636862234087	104.65228	104.65228	148.0
151.0		1.5621590008289703	0.03248893046545123	0.6828589428258343	106.77361	106.77361	151.0
154.0		1.4592817303810348	0.015684650869765043	0.6613936643752005	108.89494	108.89494	154.0
157.0		1.3305531461483984	0.0036699389950729557	0.63672587601412	111.01627	111.01627	157.0
160.0		1.1840045568702706	-0.004706137327910979	0.6092571352643121	113.1376	113.1376	160.0
163.0		1.028078427617403	-0.010401692252202221	0.5794216876872604	115.25893	115.25893	163.0
166.0		0.8708388017921326	-0.014180148792013115	0.547675107091369	117.38026	117.38026	166.0
169.0		0.7193160909656862	-0.016626251461741536	0.5144828330327572	119.50159000000001	119.50159000000001	169.0
172.0		0.5790541784421507	-0.018171870939256738	0.480309003998517	121.62292000000001	121.62292000000001	172.0
175.0		0.4538880424050677	-0.01912526628883321	0.445605952785465	123.74425000000001	123.74425000000001	175.0
178.0		0.34594143475526173	-0.01969945123008927	0.4108046837097457	125.86558000000001	125.86558000000001	178.0
181.0		0.2558037097426006	-0.02003712471948487	0.37630659263769833	127.98691000000001	127.98691000000001	181.0
184.0		0.18282693086245042	-0.020231061447673785	0.3424766241280247	130.10824	130.10824	184.0
187.0		0.12547978154143316	-0.020339850960594378	0.30963798914843343	132.22957	132.22957	187.0
190.0		0.08170154525151632	-0.02039946094272562	0.2780684957645412	134.3509	134.3509	190.0
193.0		0.049213647468422037	-0.020431368451720926	0.24799847750445564	136.47223	136.47223	193.0
196.0		0.025763544976928853	-0.020448054061967594	0.2196102429094944	138.59356	138.59356	196.0
199.0		0.009292224384352798	-0.020456579108298078	0.1930389175883999	140.71489	140.71489	199.0
202.0		-0.0019704229072501113	-0.020460834938147543	0.16837450866868134	142.83622	142.83622	202.0
205.0		-0.009469756932960599	-0.0204629109487667	0.14566499188504803	144.95755	144.95755	205.0
208.0		-0.01433378282631816	-0.020463900539176863	0.12492020390843553	147.07888	147.07888	208.0
211.0		-0.017407499453811467	-0.020464361519984337	0.10611631645711206	149.20021	149.20021	211.0
214.0		-0.01930035024660893	-0.020464571380542758	0.08920067321357072	151.32154	151.32154	214.0
217.0		-0.02043649015390001	-0.020464664752624727	0.07409678410939677	153.44287	153.44287	217.0
220.0		-0.021101271364352026	-0.020464705355590165	0.06070929233390127	155.5642	155.5642	220.0
223.0		-0.02148051440272929	-0.020464722612696582	0.04892875550407271	157.68553	157.68553	223.0
226.0		-0.02169147533337916	-0.020464729781746807	0.03863611180997733	159.80686	159.80686	226.0
229.0		-0.021805915812326344	-0.02046473269280974	0.029706732723999763	161.92819	161.92819	229.0
232.0		-0.021866462884538862	-0.020464733848256356	0.022013994332834956	164.04952	164.04952	232.0
235.0		-0.02189770789942686	-0.020464734296555244	0.015432328084714703	166.17085	166.17085	235.0
238.0		-0.021913436022636148	-0.02046473446658124	0.009839737620560961	168.29218	168.29218	238.0
241.0		-0.021921159498813847	-0.02046473452961927	0.005119790586449211	170.41351	170.41351	241.0
244.0		-0.02192485962664808	-0.02046473455246677	0.001163112439653679	172.53484	172.53484	244.0
247.0		-0.021926589101977687	-0.020464734560562046	-0.0021315769069756695	174.65617	174.65617	247.0
250.0		-0.02192737783351083	-0.020464734563366126	-0.004856833119183217	176.7775	176.7775	250.0
253.0		-0.02192772881377295	-0.020464734564315686	-0.007096207931546304	178.89883	178.89883	253.0
256.0		-0.021927881217129012	-0.02046473456463005	-0.008924261583456366	181.02016	181.02016	256.0
259.0		-0.021927945794865247	-0.020464734564731798	-0.010406809308363692	183.14149	183.14149	259.0
262.0		-0.021927972498122127	-0.020464734564763994	-0.0116013469134555	185.26282	185.26282	262.0
265.0		-0.02192798327403783	-0.02046473456477396	-0.012557605130009638	187.38415	187.38415	265.0
268.0		-0.021927987517955265	-0.02046473456477697	-0.013318188203646386	189.50548	189.50548	268.0
271.0		-0.021927989149187033	-0.02046473456477786	-0.013919258618212409	191.62681	191.62681	271.0
274.0		-0.02192798976113246	-0.02046473456477812	-0.014391236471151522	193.74814	193.74814	274.0
277.0		-0.021927989985195084	-0.02046473456477819	-0.014759488489509281	195.86947	195.86947	277.0
280.0		-0.021927990065269996	-0.020464734564778212	-0.015044987727128525	197.9908	197.9908	280.0
283.0		-0.02192799009320211	-0.020464734564778216	-0.015264930429650122	200.11213	200.11213	283.0
286.0		-0.02192799010271255	-0.02046473456477822	-0.015433301282756601	202.23346	202.23346	286.0
289.0		-0.021927990105873346	-0.02046473456477822	-0.015561382221703517	204.35479	204.35479	289.0
292.0		-0.021927990106898755	-0.02046473456477822	-0.015658203178424347	206.47612	206.47612	292.0
RTBT_Diag:WS21

Name	X Fit	X RMS	Y Fit	Y RMS	Z Fit	Z RMS
-------	-----	-----	-----	-----	-----	-----
Area	58.66898381910063	51.492420020996086	57.22771518775909	50.774978027343764	53.36251054055844	51.04531450610352
Ampl	1.7188478698091296	1.6581542968749998	1.1022306428972874	1.0500488281249998	0.726541056453365	0.7210937500000001
Mean	97.54360972320978	96.94985529596588	102.4875609946528	98.9882830720775	98.28325837579114	115.98578067739214
Sigma	13.616992291601608	10.630410009064889	20.713047079835	15.97672840817693	29.301250705523397	20.552657684792848
Offset	-0.006744834237091482	0.0061279296875	-0.01647772210887787	-0.0048583984375	-0.011716087499840998	0.0041748046875
Slope	0.0	0.0	0.0	0.0	0.0	0.0

Position	X Raw	Y Raw	Z Raw
--------	-----	-----	-----
25.0		0.00625	-0.004931640625	0.0041015625	17.67775	17.67775	25.0
28.0		0.006005859375	-0.00478515625	0.004248046875	19.79908	19.79908	28.0
31.0		0.00595703125	-0.005029296875	0.004150390625	21.92041	21.92041	31.0
34.0		0.006689453125	-0.00419921875	0.004248046875	24.04174	24.04174	34.0
37.0		0.005859375	-0.004638671875	0.00458984375	26.16307	26.16307	37.0
40.0		0.006005859375	-0.0044921875	0.004248046875	28.2844	28.2844	40.0
43.0		0.006396484375	-0.0046875	0.004638671875	30.405730000000002	30.405730000000002	43.0
46.0		0.005712890625	-0.0046875	0.004150390625	32.52706	32.52706	46.0
49.0		0.00546875	-0.004833984375	0.0041015625	34.64839	34.64839	49.0
52.0		0.00595703125	-0.00478515625	0.004150390625	36.76972	36.76972	52.0
55.0		0.00556640625	-0.0046875	0.004248046875	38.89105	38.89105	55.0
58.0		0.005859375	4.8828125E-5	0.003857421875	41.01238	41.01238	58.0
61.0		0.006298828125	0.025341796875	0.004443359375	43.13371	43.13371	61.0
64.0		0.006689453125	0.09248046875	0.004638671875	45.25504	45.25504	64.0
67.0		0.006298828125	0.195703125	0.004541015625	47.37637	47.37637	67.0
70.0		0.00595703125	0.314599609375	0.004541015625	49.4977	49.4977	70.0
73.0		0.005712890625	0.44345703125	0.00419921875	51.61903	51.61903	73.0
76.0		0.00595703125	0.576171875	0.005126953125	53.74036	53.74036	76.0
79.0		0.006591796875	0.7150390625	0.004296875	55.86169	55.86169	79.0
82.0		0.006298828125	0.842236328125	0.0048828125	57.98302	57.98302	82.0
85.0		0.00703125	0.952294921875	0.004833984375	60.104350000000004	60.104350000000004	85.0
88.0		0.006298828125	1.004296875	0.0046875	62.225680000000004	62.225680000000004	88.0
91.0		0.00576171875	1.040234375	0.00615234375	64.34701	64.34701	91.0
94.0		0.006787109375	1.048046875	0.006005859375	66.46834	66.46834	94.0
97.0		0.009521484375	1.03955078125	0.00986328125	68.58967	68.58967	97.0
100.0		0.0255859375	1.04033203125	0.01767578125	70.711	70.711	100.0
103.0		0.081884765625	1.04560546875	0.033154296875	72.83233	72.83233	103.0
106.0		0.2052734375	1.0451171875	0.065234375	74.95366	74.95366	106.0
109.0		0.417578125	1.035546875	0.11953125	77.07499	77.07499	109.0
112.0		0.68359375	0.99033203125	0.2326171875	79.19632	79.19632	112.0
115.0		0.936083984375	0.9115234375	0.354248046875	81.31765	81.31765	115.0
118.0		1.14091796875	0.778662109375	0.49501953125	83.43898	83.43898	118.0
121.0		1.296240234375	0.643408203125	0.619140625	85.56031	85.56031	121.0
124.0		1.39814453125	0.499365234375	0.670263671875	87.68164	87.68164	124.0
127.0		1.488623046875	0.3462890625	0.7056640625	89.80297	89.80297	127.0
130.0		1.559765625	0.22158203125	0.740673828125	91.9243	91.9243	130.0
133.0		1.62333984375	0.09853515625	0.766357421875	94.04563	94.04563	133.0
136.0		1.67041015625	0.023681640625	0.77744140625	96.16696	96.16696	136.0
139.0		1.683544921875	0.002001953125	0.7986328125	98.28829	98.28829	139.0
142.0		1.64345703125	-0.00263671875	0.767919921875	100.40962	100.40962	142.0
145.0		1.582275390625	-0.004248046875	0.77626953125	102.53095	102.53095	145.0
148.0		1.498779296875	-0.004541015625	0.758642578125	104.65228	104.65228	148.0
151.0		1.395166015625	-0.0046875	0.75517578125	106.77361	106.77361	151.0
154.0		1.27373046875	-0.004541015625	0.746630859375	108.89494	108.89494	154.0
157.0		1.0986328125	-0.004443359375	0.729150390625	111.01627	111.01627	157.0
160.0		0.817822265625	-0.004638671875	0.726904296875	113.1376	113.1376	160.0
163.0		0.524169921875	-0.004150390625	0.729443359375	115.25893	115.25893	163.0
166.0		0.328857421875	-0.004443359375	0.72763671875	117.38026	117.38026	166.0
169.0		0.1892578125	-0.004296875	0.72705078125	119.50159000000001	119.50159000000001	169.0
172.0		0.089599609375	-0.0044921875	0.73046875	121.62292000000001	121.62292000000001	172.0
175.0		0.033251953125	-0.00419921875	0.735986328125	123.74425000000001	123.74425000000001	175.0
178.0		0.014453125	-0.004296875	0.745166015625	125.86558000000001	125.86558000000001	178.0
181.0		0.010986328125	-0.003857421875	0.766455078125	127.98691000000001	127.98691000000001	181.0
184.0		0.00771484375	-0.0044921875	0.748681640625	130.10824	130.10824	184.0
187.0		0.006787109375	-0.004443359375	0.762158203125	132.22957	132.22957	187.0
190.0		0.00654296875	-0.00390625	0.772607421875	134.3509	134.3509	190.0
193.0		0.00625	-0.004833984375	0.774169921875	136.47223	136.47223	193.0
196.0		0.00615234375	-0.004345703125	0.746240234375	138.59356	138.59356	196.0
199.0		0.00517578125	-0.00517578125	0.735009765625	140.71489	140.71489	199.0
202.0		0.006005859375	-0.0046875	0.68232421875	142.83622	142.83622	202.0
205.0		0.005810546875	-0.003955078125	0.644140625	144.95755	144.95755	205.0
208.0		0.00615234375	-0.004248046875	0.582666015625	147.07888	147.07888	208.0
211.0		0.005859375	-0.00400390625	0.48857421875	149.20021	149.20021	211.0
214.0		0.00595703125	-0.004638671875	0.356494140625	151.32154	151.32154	214.0
217.0		0.006201171875	-0.00380859375	0.1953125	153.44287	153.44287	217.0
220.0		0.00595703125	-0.004248046875	0.10751953125	155.5642	155.5642	220.0
223.0		0.0056640625	-0.004541015625	0.048583984375	157.68553	157.68553	223.0
226.0		0.005712890625	-0.004443359375	0.0236328125	159.80686	159.80686	226.0
229.0		0.006005859375	-0.00390625	0.0123046875	161.92819	161.92819	229.0
232.0		0.0060546875	-0.004052734375	0.0064453125	164.04952	164.04952	232.0
235.0		0.005419921875	-0.004443359375	0.00478515625	166.17085	166.17085	235.0
238.0		0.005126953125	-0.005029296875	0.00380859375	168.29218	168.29218	238.0
241.0		0.00576171875	-0.004638671875	0.004150390625	170.41351	170.41351	241.0
244.0		0.0052734375	-0.005126953125	0.004443359375	172.53484	172.53484	244.0
247.0		0.006103515625	-0.0044921875	0.00400390625	174.65617	174.65617	247.0
250.0		0.006103515625	-0.00439453125	0.00439453125	176.7775	176.7775	250.0
253.0		0.005810546875	-0.0048828125	0.00380859375	178.89883	178.89883	253.0
256.0		0.005859375	-0.00458984375	0.00419921875	181.02016	181.02016	256.0
259.0		0.005419921875	-0.004638671875	0.004248046875	183.14149	183.14149	259.0
262.0		0.00576171875	-0.004736328125	0.004052734375	185.26282	185.26282	262.0
265.0		0.006103515625	-0.0044921875	0.004638671875	187.38415	187.38415	265.0
268.0		0.006298828125	-0.004345703125	0.004638671875	189.50548	189.50548	268.0
271.0		0.0060546875	-0.004248046875	0.004296875	191.62681	191.62681	271.0
274.0		0.00615234375	-0.004443359375	0.004443359375	193.74814	193.74814	274.0
277.0		0.0060546875	-0.004052734375	0.00390625	195.86947	195.86947	277.0
280.0		0.006494140625	-0.004296875	0.0046875	197.9908	197.9908	280.0
283.0		0.005712890625	-0.0046875	0.004296875	200.11213	200.11213	283.0
286.0		0.00595703125	-0.0046875	0.003759765625	202.23346	202.23346	286.0
289.0		0.00595703125	-0.0046875	0.004296875	204.35479	204.35479	289.0
292.0		0.0056640625	-0.004833984375	0.003759765625	206.47612	206.47612	292.0

Position	X Fit	Y Fit	Z Fit
--------	-----	-----	-----
25.0		-0.006378598144984821	-0.015158182326474739	0.005555580738031252	17.67775	17.67775	25.0
28.0		-0.0063785107201159465	-0.01445225940772607	0.009155927869344872	19.79908	19.79908	28.0
31.0		-0.0063783043636876525	-0.013311971858073826	0.013409655916934621	21.92041	21.92041	31.0
34.0		-0.00637782928200869	-0.011511253261231329	0.0184053218513817	24.04174	24.04174	34.0
37.0		-0.006376762522109636	-0.008731620926373211	0.024237042689311927	26.16307	26.16307	37.0
40.0		-0.006374426417222369	-0.004538226428531626	0.03100347018091728	28.2844	28.2844	40.0
43.0		-0.006369437314241631	0.0016433212173711208	0.03880642980533721	30.405730000000002	30.405730000000002	43.0
46.0		-0.006359046917653067	0.010545277351529284	0.04774920438469734	32.52706	32.52706	46.0
49.0		-0.006337946361120177	0.023065689573106046	0.05793445297667755	34.64839	34.64839	49.0
52.0		-0.006296165474481436	0.04025926299567115	0.06946176845773347	36.76972	36.76972	52.0
55.0		-0.00621550699867517	0.06330412407752686	0.08242489216516774	38.89105	38.89105	55.0
58.0		-0.006063706211243295	0.09343830204158367	0.0969086207651767	41.01238	41.01238	58.0
61.0		-0.005785216880068575	0.13186222439458414	0.11298545862636139	43.13371	43.13371	61.0
64.0		-0.005287241723710157	0.17960779401542581	0.13071208770926174	45.25504	45.25504	64.0
67.0		-0.004419441374580169	0.23738049213513968	0.1501257454872341	47.37637	47.37637	67.0
70.0		-0.0029458166504944465	0.30538778556070484	0.17124061872462107	49.4977	49.4977	70.0
73.0		-5.077638043259865E-4	0.38317379031721455	0.19404437600423294	51.61903	51.61903	73.0
76.0		0.0034215212903547215	0.4694851939050133	0.21849497363653816	53.74036	53.74036	76.0
79.0		0.009589066659649313	0.5621953161750591	0.24451787694742516	55.86169	55.86169	79.0
82.0		0.019015352600625146	0.6583106283953649	0.272003840979007	57.98302	57.98302	82.0
85.0		0.03303972501707423	0.7540764633695427	0.3008073905680431	60.104350000000004	60.104350000000004	85.0
88.0		0.053344884633407884	0.8451864416504161	0.330746129047902	62.225680000000004	62.225680000000004	88.0
91.0		0.08194388485448839	0.9270848314369198	0.36160098721248307	64.34701	64.34701	91.0
94.0		0.12111154560343015	0.9953351429331787	0.39311749979463595	66.46834	66.46834	94.0
97.0		0.173244080226233	1.0460147612155426	0.425008166040214	68.58967	68.58967	97.0
100.0		0.24063732673303223	1.0760872738689928	0.45695591488751086	70.711	70.711	100.0
103.0		0.3251858613846824	1.0837034764870355	0.4886186550542738	72.83233	72.83233	103.0
106.0		0.42802181628107505	1.0683895836791026	0.5196348475925103	74.95366	74.95366	106.0
109.0		0.5491312101881979	1.0310960112552916	0.5496299950686018	77.07499	77.07499	109.0
112.0		0.6870032618887697	0.9740997461531109	0.5782238995193555	79.19632	79.19632	112.0
115.0		0.8383796962187952	0.9007742481051692	0.605038502854969	81.31765	81.31765	115.0
118.0		0.9981717285236479	0.8152592114376856	0.6297060905131543	83.43898	83.43898	118.0
121.0		1.1595989287262003	0.722075100144988	0.6518776138289885	85.56031	85.56031	121.0
124.0		1.3145760487245879	0.6257321608472663	0.6712308703924231	87.68164	87.68164	124.0
127.0		1.4543343558948485	0.5303802628268472	0.6874782758350165	89.80297	89.80297	127.0
130.0		1.5702198738520545	0.43953567093725426	0.7003739657392949	91.9243	91.9243	130.0
133.0		1.6545714395570552	0.3559061971884619	0.7097199828598891	94.04563	94.04563	133.0
136.0		1.7015561851361718	0.2813201420959317	0.715371332158478	96.16696	96.16696	136.0
139.0		1.7078362196540364	0.21674993848582266	0.7172397232754875	98.28829	98.28829	139.0
142.0		1.6729607092877503	0.16241064653073356	0.7152958654420101	100.40962	100.40962	142.0
145.0		1.599419388153274	0.11790756632794452	0.7095702314656598	102.53095	102.53095	145.0
148.0		1.4923486784631645	0.0824062780822751	0.7001522629412416	104.65228	104.65228	148.0
151.0		1.3589386000443604	0.054801531546166016	0.6871880456572196	106.77361	106.77361	151.0
154.0		1.2076355748350482	0.03386717969755201	0.6708765396336881	108.89494	108.89494	154.0
157.0		1.0472637063259158	0.018376229929465544	0.6514644997559158	111.01627	111.01627	157.0
160.0		0.8861905850549923	0.007186699924668506	0.6292402682024809	113.1376	113.1376	160.0
163.0		0.7316442767029029	-7.05651098109222E-4	0.6045266568068938	115.25893	115.25893	163.0
166.0		0.5892520037302154	-0.006142978735765043	0.5776731645979957	117.38026	117.38026	166.0
169.0		0.46282726049810285	-0.009802762507255897	0.5490477920394744	119.50159000000001	119.50159000000001	169.0
172.0		0.3543903019953922	-0.012209939500330485	0.5190287185175295	121.62292000000001	121.62292000000001	172.0
175.0		0.2643748515237045	-0.013757413098856756	0.48799610358119094	123.74425000000001	123.74425000000001	175.0
178.0		0.19195584503109625	-0.01472987169859258	0.4563242560525546	125.86558000000001	125.86558000000001	178.0
181.0		0.13542965721599431	-0.015327337856553234	0.42437438961840895	127.98691000000001	127.98691000000001	181.0
184.0		0.09258696654440307	-0.015686263434675288	0.39248815051737757	130.10824	130.10824	184.0
187.0		0.061034751020232855	-0.01589712283792077	0.360982064366516	132.22957	132.22957	187.0
190.0		0.03844295243074606	-0.016018272549966156	0.33014300711609723	134.3509	134.3509	190.0
193.0		0.022708940771300618	-0.01608635443371698	0.30022476171217427	136.47223	136.47223	193.0
196.0		0.0120463435339702	-0.016123778894125876	0.27144567933733377	138.59356	138.59356	196.0
199.0		0.005012986974159788	-0.016143903435991164	0.24398742395995182	140.71489	140.71489	199.0
202.0		4.958971014283149E-4	-0.01615449040490063	0.21799474294683185	142.83622	142.83622	202.0
205.0		-0.0023293389214435146	-0.016159939426906404	0.19357617593998494	144.95755	144.95755	205.0
208.0		-0.004050573989957372	-0.016162683467854717	0.17080558994329623	147.07888	147.07888	208.0
211.0		-0.00507220274261784	-0.016164035569977774	0.149724411094019	149.20021	149.20021	211.0
214.0		-0.0056630590811076265	-0.01616468749139891	0.13034441301059044	151.32154	151.32154	214.0
217.0		-0.005996076427935403	-0.016164995077150003	0.11265091766558799	153.44287	153.44287	217.0
220.0		-0.006179013364603363	-0.01616513709381495	0.09660626688410137	155.5642	155.5642	220.0
223.0		-0.006276969826817782	-0.016165201263519495	0.08215343002868195	157.68553	157.68553	223.0
226.0		-0.006328103199644206	-0.0161652296396423	0.06921962524874206	159.80686	159.80686	226.0
229.0		-0.006354125974932755	-0.0161652419202986	0.05771984679333637	161.92819	161.92819	229.0
232.0		-0.006367038613365756	-0.016165247122031955	0.047560208230563256	164.04952	164.04952	232.0
235.0		-0.006373286306152252	-0.016165249278505562	0.0386410299351264	166.17085	166.17085	235.0
238.0		-0.006376234091383464	-0.016165250153530722	0.030859617932153048	168.29218	168.29218	238.0
241.0		-0.006377590433246245	-0.016165250501056737	0.024112699277909287	170.41351	170.41351	241.0
244.0		-0.0063781990768480195	-0.016165250636156283	0.0182984959250433	172.53484	172.53484	244.0
247.0		-0.006378465455209361	-0.016165250687564088	0.013318433935327497	174.65617	174.65617	247.0
250.0		-0.006378579164633385	-0.016165250706711987	0.009078497608912939	176.7775	176.7775	250.0
253.0		-0.006378626509584837	-0.01616525071369331	0.00549024839956112	178.89883	178.89883	253.0
256.0		-0.006378645738165886	-0.016165250716184954	0.0024715363300080694	181.02016	181.02016	256.0
259.0		-0.006378653356017646	-0.016165250717055463	-5.306291463844266E-5	183.14149	183.14149	259.0
262.0		-0.006378656300057881	-0.01616525071735318	-0.0021520487797213987	185.26282	185.26282	262.0
265.0		-0.006378657409984067	-0.016165250717452857	-0.003886996783388206	187.38415	187.38415	265.0
268.0		-0.0063786578182055305	-0.016165250717485525	-0.005312722230715511	189.50548	189.50548	268.0
271.0		-0.006378657964679467	-0.016165250717496006	-0.006477571019586506	191.62681	191.62681	271.0
274.0		-0.006378658015953594	-0.0161652507174993	-0.0074238045707847415	193.74814	193.74814	274.0
277.0		-0.00637865803346494	-0.01616525071750031	-0.008188049332169486	195.86947	195.86947	277.0
280.0		-0.006378658039299838	-0.016165250717500617	-0.008801785146720136	197.9908	197.9908	280.0
283.0		-0.006378658041196756	-0.016165250717500707	-0.009291850790790212	200.11213	200.11213	283.0
286.0		-0.0063786580417984455	-0.01616525071750073	-0.009680948977944404	202.23346	202.23346	286.0
289.0		-0.006378658041984661	-0.01616525071750074	-0.009988136924707522	204.35479	204.35479	289.0
292.0		-0.006378658042040892	-0.016165250717500742	-0.010229292069511772	206.47612	206.47612	292.0
RTBT_Diag:WS20

Name	X Fit	X RMS	Y Fit	Y RMS	Z Fit	Z RMS
-------	-----	-----	-----	-----	-----	-----
Area	63.1276741993949	53.06358874790038	56.01514903823886	52.43641276041667	54.52751541961659	49.845658196728515
Ampl	1.201900420494814	1.14365234375	1.3720219632571093	1.3761718750000003	1.1230533655749484	1.0541015624999999
Mean	89.57931492514165	89.60399946755038	102.28701539239712	102.16493640673171	137.81448311410895	126.81514863844008
Sigma	20.953731167825943	16.051315352357374	16.287502600389104	14.466839673023435	19.36981092166487	13.594569506077322
Offset	-0.03827446485194508	-9.033203125E-4	-0.0021621443043979604	0.003759765625	0.017380761779386	-9.521484375E-4
Slope	0.0	0.0	0.0	0.0	0.0	0.0

Position	X Raw	Y Raw	Z Raw
--------	-----	-----	-----
25.0		-9.27734375E-4	0.00361328125	-9.27734375E-4	17.67775	17.67775	25.0
28.0		-8.7890625E-4	0.00390625	-9.765625E-4	19.79908	19.79908	28.0
31.0		-0.001123046875	0.003271484375	-0.001220703125	21.92041	21.92041	31.0
34.0		-9.765625E-5	0.004150390625	-5.859375E-4	24.04174	24.04174	34.0
37.0		-0.001025390625	0.00361328125	-8.30078125E-4	26.16307	26.16307	37.0
40.0		-0.00146484375	0.003125	-8.7890625E-4	28.2844	28.2844	40.0
43.0		-0.001611328125	0.00341796875	-0.00126953125	30.405730000000002	30.405730000000002	43.0
46.0		-0.001416015625	0.003125	-0.0013671875	32.52706	32.52706	46.0
49.0		-0.00107421875	0.00302734375	-0.00166015625	34.64839	34.64839	49.0
52.0		-0.001220703125	0.003857421875	-9.765625E-4	36.76972	36.76972	52.0
55.0		-4.39453125E-4	0.004052734375	-0.00107421875	38.89105	38.89105	55.0
58.0		-0.00146484375	0.00341796875	-0.0013671875	41.01238	41.01238	58.0
61.0		-0.0013671875	0.004345703125	-0.0013671875	43.13371	43.13371	61.0
64.0		-7.8125E-4	0.0185546875	-0.001123046875	45.25504	45.25504	64.0
67.0		0.00244140625	0.0712890625	-9.765625E-4	47.37637	47.37637	67.0
70.0		0.012451171875	0.146240234375	-8.30078125E-4	49.4977	49.4977	70.0
73.0		0.02890625	0.239892578125	-6.34765625E-4	51.61903	51.61903	73.0
76.0		0.058203125	0.364306640625	-0.00107421875	53.74036	53.74036	76.0
79.0		0.1095703125	0.497021484375	-0.001416015625	55.86169	55.86169	79.0
82.0		0.192138671875	0.63359375	-7.8125E-4	57.98302	57.98302	82.0
85.0		0.296337890625	0.771826171875	-7.32421875E-4	60.104350000000004	60.104350000000004	85.0
88.0		0.42802734375	0.905322265625	-1.46484375E-4	62.225680000000004	62.225680000000004	88.0
91.0		0.558251953125	1.045654296875	-3.90625E-4	64.34701	64.34701	91.0
94.0		0.667529296875	1.1634765625	-9.765625E-4	66.46834	66.46834	94.0
97.0		0.76064453125	1.294970703125	-3.41796875E-4	68.58967	68.58967	97.0
100.0		0.838330078125	1.376318359375	4.8828125E-5	70.711	70.711	100.0
103.0		0.89541015625	1.38369140625	2.44140625E-4	72.83233	72.83233	103.0
106.0		0.93955078125	1.3375	-3.41796875E-4	74.95366	74.95366	106.0
109.0		0.98037109375	1.2501953125	-9.765625E-5	77.07499	77.07499	109.0
112.0		1.0236328125	1.134228515625	5.37109375E-4	79.19632	79.19632	112.0
115.0		1.051806640625	1.004931640625	-0.00107421875	81.31765	81.31765	115.0
118.0		1.081787109375	0.862646484375	2.9296875E-4	83.43898	83.43898	118.0
121.0		1.10810546875	0.726708984375	-9.27734375E-4	85.56031	85.56031	121.0
124.0		1.13310546875	0.578125	-4.39453125E-4	87.68164	87.68164	124.0
127.0		1.141845703125	0.43251953125	-6.8359375E-4	89.80297	89.80297	127.0
130.0		1.13310546875	0.287255859375	-3.90625E-4	91.9243	91.9243	130.0
133.0		1.115869140625	0.161572265625	6.34765625E-4	94.04563	94.04563	133.0
136.0		1.0947265625	0.0638671875	0.00947265625	96.16696	96.16696	136.0
139.0		1.059326171875	0.01943359375	0.043017578125	98.28829	98.28829	139.0
142.0		1.02109375	0.006787109375	0.124755859375	100.40962	100.40962	142.0
145.0		0.979052734375	0.003955078125	0.34931640625	102.53095	102.53095	145.0
148.0		0.932666015625	0.004638671875	0.656103515625	104.65228	104.65228	148.0
151.0		0.87900390625	0.003076171875	0.905224609375	106.77361	106.77361	151.0
154.0		0.81005859375	0.0033203125	1.011572265625	108.89494	108.89494	154.0
157.0		0.73837890625	0.0033203125	1.07802734375	111.01627	111.01627	157.0
160.0		0.629296875	0.004150390625	1.09990234375	113.1376	113.1376	160.0
163.0		0.49169921875	0.003271484375	1.15283203125	115.25893	115.25893	163.0
166.0		0.37041015625	0.003515625	1.136328125	117.38026	117.38026	166.0
169.0		0.25869140625	0.003564453125	1.112158203125	119.50159000000001	119.50159000000001	169.0
172.0		0.17724609375	0.003759765625	1.084765625	121.62292000000001	121.62292000000001	172.0
175.0		0.12177734375	0.0037109375	1.0572265625	123.74425000000001	123.74425000000001	175.0
178.0		0.073486328125	0.00390625	1.052197265625	125.86558000000001	125.86558000000001	178.0
181.0		0.0400390625	0.00419921875	1.0662109375	127.98691000000001	127.98691000000001	181.0
184.0		0.015771484375	0.00361328125	1.064599609375	130.10824	130.10824	184.0
187.0		0.005615234375	0.00380859375	1.090966796875	132.22957	132.22957	187.0
190.0		0.00107421875	0.00400390625	1.1037109375	134.3509	134.3509	190.0
193.0		3.41796875E-4	0.003955078125	1.147705078125	136.47223	136.47223	193.0
196.0		-7.32421875E-4	0.0033203125	1.17470703125	138.59356	138.59356	196.0
199.0		-8.30078125E-4	0.003466796875	1.131591796875	140.71489	140.71489	199.0
202.0		-3.41796875E-4	0.00390625	1.09775390625	142.83622	142.83622	202.0
205.0		-1.46484375E-4	0.004296875	1.02451171875	144.95755	144.95755	205.0
208.0		-1.953125E-4	0.003759765625	0.891455078125	147.07888	147.07888	208.0
211.0		-3.90625E-4	0.00419921875	0.639453125	149.20021	149.20021	211.0
214.0		-3.90625E-4	0.0041015625	0.28095703125	151.32154	151.32154	214.0
217.0		-5.859375E-4	0.0037109375	0.10234375	153.44287	153.44287	217.0
220.0		-0.00107421875	0.003662109375	0.0255859375	155.5642	155.5642	220.0
223.0		-0.001611328125	0.00361328125	0.004296875	157.68553	157.68553	223.0
226.0		-0.00126953125	0.00380859375	-0.001123046875	159.80686	159.80686	226.0
229.0		-0.001318359375	0.003662109375	-0.001220703125	161.92819	161.92819	229.0
232.0		-0.00126953125	0.003662109375	-0.001513671875	164.04952	164.04952	232.0
235.0		-0.001513671875	0.003662109375	-0.001220703125	166.17085	166.17085	235.0
238.0		-0.001220703125	0.003515625	-6.34765625E-4	168.29218	168.29218	238.0
241.0		-0.001123046875	0.003515625	-3.90625E-4	170.41351	170.41351	241.0
244.0		-0.00107421875	0.003564453125	-7.32421875E-4	172.53484	172.53484	244.0
247.0		-7.32421875E-4	0.004052734375	4.8828125E-4	174.65617	174.65617	247.0
250.0		-0.00126953125	0.003857421875	-0.00107421875	176.7775	176.7775	250.0
253.0		-0.001220703125	0.003515625	-3.41796875E-4	178.89883	178.89883	253.0
256.0		-8.7890625E-4	0.00341796875	-0.001318359375	181.02016	181.02016	256.0
259.0		-9.27734375E-4	0.003759765625	2.9296875E-4	183.14149	183.14149	259.0
262.0		-0.00166015625	0.00361328125	-0.00205078125	185.26282	185.26282	262.0
265.0		-2.44140625E-4	0.004150390625	9.765625E-5	187.38415	187.38415	265.0
268.0		-0.001025390625	0.004248046875	-6.8359375E-4	189.50548	189.50548	268.0
271.0		-0.00126953125	0.003857421875	-0.001318359375	191.62681	191.62681	271.0
274.0		-0.001513671875	0.0041015625	-8.7890625E-4	193.74814	193.74814	274.0
277.0		-0.00107421875	0.004296875	-5.859375E-4	195.86947	195.86947	277.0
280.0		-0.001025390625	0.0037109375	-3.90625E-4	197.9908	197.9908	280.0
283.0		-9.765625E-4	0.003466796875	-2.44140625E-4	200.11213	200.11213	283.0
286.0		-0.001123046875	0.003955078125	-6.8359375E-4	202.23346	202.23346	286.0
289.0		-0.0017578125	0.00341796875	-0.001611328125	204.35479	204.35479	289.0
292.0		-0.00107421875	0.00380859375	-6.8359375E-4	206.47612	206.47612	292.0

Position	X Fit	Y Fit	Z Fit
--------	-----	-----	-----
25.0		-0.034573013349289174	-0.001917464834832703	0.016951498266418896	17.67775	17.67775	25.0
28.0		-0.033208627621545764	-0.0018934031228169223	0.016951503001384895	19.79908	19.79908	28.0
31.0		-0.03135530703932645	-0.0018400044780751156	0.01695151206070287	21.92041	21.92041	31.0
34.0		-0.028865848728892265	-0.0017256363078815699	0.016951529181638	24.04174	24.04174	34.0
37.0		-0.025559312500970557	-0.0014892694742370954	0.016951561141690136	26.16307	26.16307	37.0
40.0		-0.021216947445838498	-0.001017966077619556	0.016951620070798673	28.2844	28.2844	40.0
43.0		-0.015578864902178979	-1.1147647805869235E-4	0.016951727392786196	30.405730000000002	30.405730000000002	43.0
46.0		-0.008341965878770792	0.0015699427639628918	0.01695192044628722	32.52706	32.52706	46.0
49.0		8.402920181005691E-4	0.004576899987416934	0.016952263443121056	34.64839	34.64839	49.0
52.0		0.012355654377089943	0.00975993986133561	0.016952865335572144	36.76972	36.76972	52.0
55.0		0.026627717033879346	0.01836774167565489	0.01695390850894406	38.89105	38.89105	55.0
58.0		0.044106872978281315	0.03213555731924894	0.01695569415290405	41.01238	41.01238	58.0
61.0		0.06525709423272821	0.05333282211861782	0.016958712891216365	43.13371	43.13371	61.0
64.0		0.09053828530875588	0.08472813461525698	0.016963752991188144	45.25504	45.25504	64.0
67.0		0.12038422724816575	0.1294257309328639	0.016972063472154585	47.37637	47.37637	67.0
70.0		0.1551764878124817	0.19053628382120552	0.01698559591001928	49.4977	49.4977	70.0
73.0		0.19521508711041397	0.2706711260536789	0.01700735684721621	51.61903	51.61903	73.0
76.0		0.2406871510622766	0.37129332246779095	0.017041912475217462	53.74036	53.74036	76.0
79.0		0.2916352197599073	0.4920149058332498	0.017096098424346326	55.86169	55.86169	79.0
82.0		0.3479272583950699	0.629982765122907	0.017179999462317	57.98302	57.98302	82.0
85.0		0.40923069548671603	0.7795264759819481	0.017308275541943988	60.104350000000004	60.104350000000004	85.0
88.0		0.4749929384128983	0.9322307415419444	0.017501920158798624	62.225680000000004	62.225680000000004	88.0
91.0		0.5444307489083109	1.0775327128139793	0.017790541819221812	64.34701	64.34701	91.0
94.0		0.6165305740761026	1.2038357282852736	0.018215256196551236	66.46834	66.46834	94.0
97.0		0.6900614137780626	1.2999996220062389	0.018832261149067143	68.58967	68.58967	97.0
100.0		0.7636010786358556	1.3569508506780161	0.019717134581220812	70.711	70.711	100.0
103.0		0.8355757950464159	1.369092411752586	0.02096984153817723	72.83233	72.83233	103.0
106.0		0.9043121091609237	1.3352104794842212	0.022720358051273034	74.95366	74.95366	106.0
109.0		0.968099014570533	1.258674407526965	0.02513471293864289	77.07499	77.07499	109.0
112.0		1.02525727410859	1.1468844708121761	0.02842111575910297	79.19632	79.19632	112.0
115.0		1.0742121222235486	1.010092680034343	0.03283568433240942	81.31765	81.31765	115.0
118.0		1.113565009085663	0.8598567909857405	0.03868711888428489	83.43898	83.43898	118.0
121.0		1.1421598491055294	0.7074494608549686	0.04633950818825485	85.56031	85.56031	121.0
124.0		1.159139403601115	0.5625213226021021	0.056212318357328275	87.68164	87.68164	124.0
127.0		1.1639879630614285	0.43222355267924245	0.06877653457512581	89.80297	89.80297	127.0
130.0		1.1565573641342048	0.32086662972083096	0.08454593032116126	91.9243	91.9243	130.0
133.0		1.1370745100177904	0.23006735926629165	0.10406255717731372	94.04563	94.04563	133.0
136.0		1.1061298616659396	0.15924768439706438	0.12787580541350788	96.16696	96.16696	136.0
139.0		1.0646477142732071	0.10631144082410784	0.15651479477328645	98.28829	98.28829	139.0
142.0		1.0138403467105388	0.0683363098965667	0.19045441346375344	100.40962	100.40962	142.0
145.0		0.9551492168961525	0.042162251032110055	0.23007600765280625	102.53095	102.53095	145.0
148.0		0.8901771800837853	0.024814383042808197	0.27562448660543637	104.65228	104.65228	148.0
151.0		0.8206161666735768	0.01374999224422202	0.3271643795897383	106.77361	106.77361	151.0
154.0		0.7481748446385982	0.00695541726861839	0.3845380704499055	108.89494	108.89494	154.0
157.0		0.6745105199596487	0.0029360801072085465	0.4473299440228189	111.01627	111.01627	157.0
160.0		0.6011689421460297	6.448205156635663E-4	0.5148404061128573	113.1376	113.1376	160.0
163.0		0.5295348542269109	-6.142951233158674E-4	0.5860736016529042	115.25893	115.25893	163.0
166.0		0.4607951486934573	-0.0012814870925702089	0.6597421004773975	117.38026	117.38026	166.0
169.0		0.39591546076652223	-0.0016224718423396584	0.7342908370192174	119.50159000000001	119.50159000000001	169.0
172.0		0.33563004196342056	-0.0017905877988200623	0.8079412221652356	121.62292000000001	121.62292000000001	172.0
175.0		0.2804438905772808	-0.0018705623612751048	0.8787546907233039	123.74425000000001	123.74425000000001	175.0
178.0		0.23064543118373768	-0.0019072764770979396	0.9447131546413297	125.86558000000001	125.86558000000001	178.0
181.0		0.1863275681064327	-0.0019235437063006568	1.0038120847228726	127.98691000000001	127.98691000000001	181.0
184.0		0.14741469835914264	-0.0019305011140436036	1.0541604420191157	130.10824	130.10824	184.0
187.0		0.11369324565041991	-0.0019333737643348863	1.094080614251814	132.22957	132.22957	187.0
190.0		0.0848434380474139	-0.001934518914510148	1.1222010358500625	134.3509	134.3509	190.0
193.0		0.06047035492412576	-0.0019349596977099037	1.1375343756117093	136.47223	136.47223	193.0
196.0		0.04013266488327382	-0.0019351235321536857	1.1395350800130124	138.59356	138.59356	196.0
199.0		0.023367916361356447	-0.0019351823398697247	1.128131595887202	140.71489	140.71489	199.0
202.0		0.009713682375325154	-0.0019352027262790766	1.1037306185203821	142.83622	142.83622	202.0
205.0		-0.001275735505133123	-0.001935209552028109	1.0671930134725802	144.95755	144.95755	205.0
208.0		-0.010016996897240699	-0.0019352117594562909	1.0197833999779213	147.07888	147.07888	208.0
211.0		-0.016889493407860137	-0.0019352124490147056	0.9630975131533225	149.20021	149.20021	211.0
214.0		-0.022230703422708994	-0.0019352126570914188	0.8989731610441797	151.32154	151.32154	214.0
217.0		-0.02633452702250884	-0.0019352127177457688	0.82939169516997	153.44287	153.44287	217.0
220.0		-0.029451958439316094	-0.0019352127348263707	0.756377328482174	155.5642	155.5642	220.0
223.0		-0.03179346947532441	-0.0019352127394732619	0.6819013542928666	157.68553	157.68553	223.0
226.0		-0.033532533185644	-0.0019352127406946514	0.607797415415254	159.80686	159.80686	226.0
229.0		-0.034809798276392884	-0.0019352127410048154	0.5356925821135675	161.92819	161.92819	229.0
232.0		-0.03573751808554186	-0.0019352127410809158	0.46695730223462223	164.04952	164.04952	232.0
235.0		-0.03640393310557026	-0.0019352127410989565	0.4026754868139857	166.17085	166.17085	235.0
238.0		-0.03687739494718129	-0.0019352127411030888	0.34363428100739485	168.29218	168.29218	238.0
241.0		-0.03721009733864907	-0.0019352127411040034	0.2903316041397313	170.41351	170.41351	241.0
244.0		-0.03744134354393361	-0.001935212741104199	0.24299843803781887	172.53484	172.53484	244.0
247.0		-0.03760032877143048	-0.0019352127411042393	0.20163215909265134	174.65617	174.65617	247.0
250.0		-0.03770845148422591	-0.0019352127411042474	0.16603695188356127	176.7775	176.7775	250.0
253.0		-0.03778119069314919	-0.0019352127411042489	0.13586746895170362	178.89883	178.89883	253.0
256.0		-0.03782959948099261	-0.0019352127411042493	0.11067233604945327	181.02016	181.02016	256.0
259.0		-0.037861470465641894	-0.0019352127411042493	0.08993474866158668	183.14149	183.14149	259.0
262.0		-0.03788222883545502	-0.0019352127411042493	0.07310816245495112	185.26282	185.26282	262.0
265.0		-0.03789560487760057	-0.0019352127411042493	0.05964585389997175	187.38415	187.38415	265.0
268.0		-0.037904132110070154	-0.0019352127411042493	0.049023840980229536	189.50548	189.50548	268.0
271.0		-0.037909510391637216	-0.0019352127411042493	0.04075725339051429	191.62681	191.62681	271.0
274.0		-0.037912866548402396	-0.0019352127411042493	0.0344106964301661	193.74814	193.74814	274.0
277.0		-0.03791493865464437	-0.0019352127411042493	0.0296034543750888	195.86947	195.86947	277.0
280.0		-0.03791620444043113	-0.0019352127411042493	0.026010536702822516	197.9908	197.9908	280.0
283.0		-0.03791696949732494	-0.0019352127411042493	0.023360605843874747	200.11213	200.11213	283.0
286.0		-0.03791742702680529	-0.0019352127411042493	0.021431766728422983	202.23346	202.23346	286.0
289.0		-0.037917697760559206	-0.0019352127411042493	0.02004607680053972	204.35479	204.35479	289.0
292.0		-0.03791785627524392	-0.0019352127411042493	0.019063478918413902	206.47612	206.47612	292.0

PVLoggerID = 48843684