start time: Sun Sep 26 23:35:43 EDT 2021

RTBT_Diag:WS24

Name	X Fit	X RMS	Y Fit	Y RMS	Z Fit	Z RMS
-------	-----	-----	-----	-----	-----	-----
Area	14.427400715428846	15.02807164329427	17.276414750951265	16.759348958333334	16.859519691108257	15.90527934765625
Ampl	0.8446179955746159	0.8611328125	0.9919065313589159	0.98662109375	1.1664229009264164	1.1416015625
Mean	101.21705154901127	101.36152628070559	103.73173003157713	103.6723655096114	118.39561408925896	118.23160623222567
Sigma	6.814560158362114	7.510903152138166	6.948530007623783	6.764272473536658	5.766326455611911	5.186496529660304
Offset	0.0049414440414286345	6.8359375E-4	-0.005722442773827656	-0.00615234375	-0.0024095738753051247	-0.0037109375
Slope	0.0	0.0	0.0	0.0	0.0	0.0

Position	X Raw	Y Raw	Z Raw
--------	-----	-----	-----
25.0		3.90625E-4	-0.0064453125	-0.00419921875	17.67775	17.67775	25.0
28.0		9.765625E-4	-0.005859375	-0.00322265625	19.79908	19.79908	28.0
31.0		0.0013671875	-0.00537109375	-0.00302734375	21.92041	21.92041	31.0
34.0		1.953125E-4	-0.005859375	-0.003515625	24.04174	24.04174	34.0
37.0		0.0015625	-0.005078125	-0.00322265625	26.16307	26.16307	37.0
40.0		8.7890625E-4	-0.00576171875	-0.00322265625	28.2844	28.2844	40.0
43.0		3.90625E-4	-0.00556640625	-0.00380859375	30.405730000000002	30.405730000000002	43.0
46.0		0.00126953125	-0.0046875	-0.00341796875	32.52706	32.52706	46.0
49.0		7.8125E-4	-0.00546875	-0.00400390625	34.64839	34.64839	49.0
52.0		0.00146484375	-0.004296875	-0.00322265625	36.76972	36.76972	52.0
55.0		0.001171875	-0.0048828125	-0.00322265625	38.89105	38.89105	55.0
58.0		0.0015625	-0.00458984375	-0.00283203125	41.01238	41.01238	58.0
61.0		0.001953125	-0.00380859375	-0.0025390625	43.13371	43.13371	61.0
64.0		0.00234375	-0.00361328125	-0.00263671875	45.25504	45.25504	64.0
67.0		0.00205078125	-0.00322265625	-0.002734375	47.37637	47.37637	67.0
70.0		0.001953125	-0.00380859375	-0.00234375	49.4977	49.4977	70.0
73.0		0.0021484375	-0.0025390625	-0.0025390625	51.61903	51.61903	73.0
76.0		0.0017578125	-0.0025390625	-0.00234375	53.74036	53.74036	76.0
79.0		0.003125	2.9296875E-4	-0.00244140625	55.86169	55.86169	79.0
82.0		0.00224609375	0.00419921875	-0.002734375	57.98302	57.98302	82.0
85.0		0.0021484375	0.01748046875	-0.00263671875	60.104350000000004	60.104350000000004	85.0
88.0		0.0033203125	0.04853515625	-0.00263671875	62.225680000000004	62.225680000000004	88.0
91.0		0.00244140625	0.14052734375	-0.00234375	64.34701	64.34701	91.0
94.0		0.0037109375	0.36064453125	-0.0021484375	66.46834	66.46834	94.0
97.0		0.00595703125	0.63154296875	-7.8125E-4	68.58967	68.58967	97.0
100.0		0.00576171875	0.8640625	-9.765625E-4	70.711	70.711	100.0
103.0		0.00751953125	0.97431640625	-0.0013671875	72.83233	72.83233	103.0
106.0		0.009375	0.9435546875	-8.7890625E-4	74.95366	74.95366	106.0
109.0		0.01435546875	0.7490234375	-9.765625E-4	77.07499	77.07499	109.0
112.0		0.01884765625	0.46005859375	-0.001171875	79.19632	79.19632	112.0
115.0		0.02822265625	0.21513671875	-0.0015625	81.31765	81.31765	115.0
118.0		0.04677734375	0.08359375	-4.8828125E-4	83.43898	83.43898	118.0
121.0		0.07724609375	0.03916015625	-6.8359375E-4	85.56031	85.56031	121.0
124.0		0.14189453125	0.01865234375	-7.8125E-4	87.68164	87.68164	124.0
127.0		0.2384765625	0.0083984375	-1.953125E-4	89.80297	89.80297	127.0
130.0		0.34677734375	0.00322265625	0.0	91.9243	91.9243	130.0
133.0		0.47744140625	1.953125E-4	0.00146484375	94.04563	94.04563	133.0
136.0		0.63017578125	-0.00224609375	0.00146484375	96.16696	96.16696	136.0
139.0		0.7779296875	-0.00263671875	0.003515625	98.28829	98.28829	139.0
142.0		0.8625	-0.002734375	0.006640625	100.40962	100.40962	142.0
145.0		0.84482421875	-0.003125	0.01416015625	102.53095	102.53095	145.0
148.0		0.74169921875	-0.005859375	0.02822265625	104.65228	104.65228	148.0
151.0		0.58671875	-0.00458984375	0.07236328125	106.77361	106.77361	151.0
154.0		0.446484375	-0.00556640625	0.19892578125	108.89494	108.89494	154.0
157.0		0.32568359375	-0.00634765625	0.51123046875	111.01627	111.01627	157.0
160.0		0.23037109375	-0.00498046875	0.845703125	113.1376	113.1376	160.0
163.0		0.1486328125	-0.00458984375	1.0427734375	115.25893	115.25893	163.0
166.0		0.08935546875	-0.0060546875	1.1341796875	117.38026	117.38026	166.0
169.0		0.06123046875	-0.005078125	1.1177734375	119.50159000000001	119.50159000000001	169.0
172.0		0.04326171875	-0.00634765625	1.031640625	121.62292000000001	121.62292000000001	172.0
175.0		0.03173828125	-0.00625	0.7998046875	123.74425000000001	123.74425000000001	175.0
178.0		0.02412109375	-0.00654296875	0.43857421875	125.86558000000001	125.86558000000001	178.0
181.0		0.017578125	-0.0072265625	0.1671875	127.98691000000001	127.98691000000001	181.0
184.0		0.01357421875	-0.0068359375	0.0587890625	130.10824	130.10824	184.0
187.0		0.0111328125	-0.0068359375	0.025390625	132.22957	132.22957	187.0
190.0		0.0091796875	-0.0068359375	0.0115234375	134.3509	134.3509	190.0
193.0		0.006640625	-0.007421875	0.003125	136.47223	136.47223	193.0
196.0		0.00595703125	-0.00703125	0.0025390625	138.59356	138.59356	196.0
199.0		0.0044921875	-0.0076171875	7.8125E-4	140.71489	140.71489	199.0
202.0		0.004296875	-0.00751953125	5.859375E-4	142.83622	142.83622	202.0
205.0		0.00380859375	-0.00771484375	8.7890625E-4	144.95755	144.95755	205.0
208.0		0.003515625	-0.007421875	4.8828125E-4	147.07888	147.07888	208.0
211.0		0.00498046875	-0.00634765625	0.001953125	149.20021	149.20021	211.0
214.0		0.00341796875	-0.00693359375	6.8359375E-4	151.32154	151.32154	214.0
217.0		0.002734375	-0.00751953125	0.001171875	153.44287	153.44287	217.0
220.0		0.0025390625	-0.007421875	1.953125E-4	155.5642	155.5642	220.0
223.0		0.00283203125	-0.00791015625	1.953125E-4	157.68553	157.68553	223.0
226.0		0.0029296875	-0.00703125	0.001171875	159.80686	159.80686	226.0
229.0		0.00244140625	-0.00810546875	0.0	161.92819	161.92819	229.0
232.0		0.00234375	-0.0078125	-4.8828125E-4	164.04952	164.04952	232.0
235.0		0.0021484375	-0.00791015625	2.9296875E-4	166.17085	166.17085	235.0
238.0		0.00234375	-0.0078125	-5.859375E-4	168.29218	168.29218	238.0
241.0		0.001953125	-0.0072265625	9.765625E-5	170.41351	170.41351	241.0
244.0		0.0015625	-0.007421875	-9.765625E-4	172.53484	172.53484	244.0
247.0		0.00185546875	-0.007421875	-5.859375E-4	174.65617	174.65617	247.0
250.0		0.001953125	-0.00751953125	-9.765625E-4	176.7775	176.7775	250.0
253.0		0.001953125	-0.00712890625	-2.9296875E-4	178.89883	178.89883	253.0
256.0		0.00146484375	-0.00791015625	-9.765625E-4	181.02016	181.02016	256.0
259.0		0.00166015625	-0.00732421875	-7.8125E-4	183.14149	183.14149	259.0
262.0		0.0015625	-0.0076171875	-7.8125E-4	185.26282	185.26282	262.0
265.0		8.7890625E-4	-0.00771484375	-0.00166015625	187.38415	187.38415	265.0
268.0		0.00166015625	-0.0064453125	0.0	189.50548	189.50548	268.0
271.0		4.8828125E-4	-0.0078125	-0.00185546875	191.62681	191.62681	271.0
274.0		0.00126953125	-0.0076171875	-0.0013671875	193.74814	193.74814	274.0
277.0		7.8125E-4	-0.00771484375	-0.00126953125	195.86947	195.86947	277.0
280.0		5.859375E-4	-0.00791015625	-0.00234375	197.9908	197.9908	280.0
283.0		5.859375E-4	-0.008203125	-0.001953125	200.11213	200.11213	283.0
286.0		9.765625E-5	-0.00791015625	-0.00234375	202.23346	202.23346	286.0
289.0		0.00107421875	-0.0078125	-0.00205078125	204.35479	204.35479	289.0
292.0		5.859375E-4	-0.0076171875	-0.00205078125	206.47612	206.47612	292.0

Position	X Fit	Y Fit	Z Fit
--------	-----	-----	-----
25.0		0.004863362349740604	-0.005716621887862174	-0.0024853360020606337	17.67775	17.67775	25.0
28.0		0.004863362349740604	-0.005716621887862174	-0.0024853360020606337	19.79908	19.79908	28.0
31.0		0.004863362349740604	-0.005716621887862174	-0.0024853360020606337	21.92041	21.92041	31.0
34.0		0.004863362349740604	-0.005716621887862174	-0.0024853360020606337	24.04174	24.04174	34.0
37.0		0.004863362349740604	-0.005716621887862174	-0.0024853360020606337	26.16307	26.16307	37.0
40.0		0.004863362349740604	-0.005716621887862173	-0.0024853360020606337	28.2844	28.2844	40.0
43.0		0.004863362349740604	-0.005716621887862148	-0.0024853360020606337	30.405730000000002	30.405730000000002	43.0
46.0		0.004863362349740604	-0.005716621887861149	-0.0024853360020606337	32.52706	32.52706	46.0
49.0		0.004863362349740604	-0.005716621887828472	-0.0024853360020606337	34.64839	34.64839	49.0
52.0		0.004863362349740604	-0.005716621886942345	-0.0024853360020606337	36.76972	36.76972	52.0
55.0		0.004863362349740605	-0.005716621867025904	-0.0024853360020606337	38.89105	38.89105	55.0
58.0		0.004863362349740614	-0.005716621496118802	-0.0024853360020606337	41.01238	41.01238	58.0
61.0		0.004863362349740745	-0.005716615774892777	-0.0024853360020606337	43.13371	43.13371	61.0
64.0		0.004863362349742503	-0.005716542715851213	-0.0024853360020606337	45.25504	45.25504	64.0
67.0		0.004863362349763936	-0.0057157708281724085	-0.0024853360020606337	47.37637	47.37637	67.0
70.0		0.004863362350000825	-0.005709028820451932	-0.0024853360020606337	49.4977	49.4977	70.0
73.0		0.004863362352374697	-0.005660395086193446	-0.0024853360020606337	51.61903	51.61903	73.0
76.0		0.004863362373941071	-0.005371050008105699	-0.0024853360020606337	53.74036	53.74036	76.0
79.0		0.004863362551540028	-0.003953824897008685	-0.0024853360020606337	55.86169	55.86169	79.0
82.0		0.0048633638770235075	0.0017467502296220159	-0.0024853360020606337	57.98302	57.98302	82.0
85.0		0.004863372840875228	0.020509663396826434	-0.0024853360020606337	60.104350000000004	60.104350000000004	85.0
88.0		0.004863427757433408	0.07077385288018885	-0.0024853360020606337	62.225680000000004	62.225680000000004	88.0
91.0		0.004863732466371588	0.17944322890529907	-0.0024853360020606337	64.34701	64.34701	91.0
94.0		0.004865263216913827	0.3662938608428863	-0.0024853360020606306	66.46834	66.46834	94.0
97.0		0.004872223056037958	0.6146271461856165	-0.0024853360020605565	68.58967	68.58967	97.0
100.0		0.004900850008001092	0.8528590129451307	-0.0024853360020589106	70.711	70.711	100.0
103.0		0.005007312354388639	0.9805482970908221	-0.00248533600202703	72.83233	72.83233	103.0
106.0		0.00536505582681342	0.9346073372493484	-0.0024853360014881077	74.95366	74.95366	106.0
109.0		0.006450332016834914	0.738381671110447	-0.0024853359935393003	77.07499	77.07499	109.0
112.0		0.009419556241072711	0.4829942547349311	-0.002485335891264838	79.19632	79.19632	112.0
115.0		0.01673578009085539	0.26068851284672856	-0.0024853347435918123	81.31765	81.31765	115.0
118.0		0.032942226857012924	0.11481529624011085	-0.002485323514859715	83.43898	83.43898	118.0
121.0		0.0651364324343904	0.03954503360786646	-0.0024852277612097194	85.56031	85.56031	121.0
124.0		0.12229104371422535	0.008390151557528348	-0.0024845163665708587	87.68164	87.68164	124.0
127.0		0.21250816169397052	-0.00206745404879351	-0.002479914073750458	89.80297	89.80297	127.0
130.0		0.338117101548732	-0.004933140153860025	-0.0024540038485254653	91.9243	91.9243	130.0
133.0		0.49029983563321544	-0.005577006655610881	-0.002327163793011882	94.04563	94.04563	133.0
136.0		0.6466537039934435	-0.005695972574234411	-0.0017877888449303637	96.16696	96.16696	136.0
139.0		0.7749814972917599	-0.005714087066677698	2.0199043782033466E-4	98.28829	98.28829	139.0
142.0		0.8435986667299945	-0.005716363627398938	0.006558876043338593	100.40962	100.40962	142.0
145.0		0.8339423293106173	-0.005716600048627581	0.024105041677886532	102.53095	102.53095	145.0
148.0		0.748687506945317	-0.005716620355061117	0.06580853577524785	104.65228	104.65228	148.0
151.0		0.6105500738943388	-0.005716621798572126	0.1507441774915062	106.77361	106.77361	151.0
154.0		0.4525037053513207	-0.005716621883545103	0.2978500949729889	108.89494	108.89494	154.0
157.0		0.3051346416716061	-0.005716621887688936	0.5117645159420822	111.01627	111.01627	157.0
160.0		0.1876741285858864	-0.005716621887856405	0.7667252281549884	113.1376	113.1376	160.0
163.0		0.10588005464573502	-0.005716621887862015	1.002638943592686	115.25893	115.25893	163.0
166.0		0.055526014246379485	-0.005716621887862171	1.1448694896214193	117.38026	117.38026	166.0
169.0		0.027924784938366948	-0.005716621887862174	1.1416547143755327	119.50159000000001	119.50159000000001	169.0
172.0		0.014391053475814552	-0.005716621887862174	0.9942138163442552	121.62292000000001	121.62292000000001	172.0
175.0		0.008436030226768056	-0.005716621887862174	0.7560091859384942	123.74425000000001	123.74425000000001	175.0
178.0		0.0060792712037646395	-0.005716621887862174	0.5017627601240552	125.86558000000001	125.86558000000001	178.0
181.0		0.005238951291337889	-0.005716621887862174	0.29036083146257763	127.98691000000001	127.98691000000001	181.0
184.0		0.004968662253222528	-0.005716621887862174	0.1460871126958146	130.10824	130.10824	184.0
187.0		0.004890156904786841	-0.005716621887862174	0.06336234378676135	132.22957	132.22957	187.0
190.0		0.004869550609366577	-0.005716621887862174	0.023009142410374103	134.3509	134.3509	190.0
193.0		0.004864659510800273	-0.005716621887862174	0.006137601624680269	136.47223	136.47223	193.0
196.0		0.004863609136968556	-0.005716621887862174	6.247856940576465E-5	138.59356	138.59356	196.0
199.0		0.004863404963991345	-0.005716621887862174	-0.001827702622690463	140.71489	140.71489	199.0
202.0		0.0048633690284175125	-0.005716621887862174	-0.002337048913349248	142.83622	142.83622	202.0
205.0		0.004863363299753305	-0.005716621887862174	-0.002456126356429325	144.95755	144.95755	205.0
208.0		0.004863362472391801	-0.005716621887862174	-0.0024803096524085855	147.07888	147.07888	208.0
211.0		0.004863362364112616	-0.005716621887862174	-0.0024845804183896447	149.20021	149.20021	211.0
214.0		0.004863362351269109	-0.005716621887862174	-0.002485236778252707	151.32154	151.32154	214.0
217.0		0.0048633623498881475	-0.005716621887862174	-0.0024853246191670637	153.44287	153.44287	217.0
220.0		0.00486336234975353	-0.005716621887862174	-0.0024853348613042194	155.5642	155.5642	220.0
223.0		0.004863362349741632	-0.005716621887862174	-0.002485335902190272	157.68553	157.68553	223.0
226.0		0.004863362349740679	-0.005716621887862174	-0.002485335994422561	159.80686	159.80686	226.0
229.0		0.004863362349740609	-0.005716621887862174	-0.002485336001550323	161.92819	161.92819	229.0
232.0		0.004863362349740604	-0.005716621887862174	-0.0024853360020308493	164.04952	164.04952	232.0
235.0		0.004863362349740604	-0.005716621887862174	-0.002485336002059115	166.17085	166.17085	235.0
238.0		0.004863362349740604	-0.005716621887862174	-0.002485336002060566	168.29218	168.29218	238.0
241.0		0.004863362349740604	-0.005716621887862174	-0.002485336002060631	170.41351	170.41351	241.0
244.0		0.004863362349740604	-0.005716621887862174	-0.0024853360020606337	172.53484	172.53484	244.0
247.0		0.004863362349740604	-0.005716621887862174	-0.0024853360020606337	174.65617	174.65617	247.0
250.0		0.004863362349740604	-0.005716621887862174	-0.0024853360020606337	176.7775	176.7775	250.0
253.0		0.004863362349740604	-0.005716621887862174	-0.0024853360020606337	178.89883	178.89883	253.0
256.0		0.004863362349740604	-0.005716621887862174	-0.0024853360020606337	181.02016	181.02016	256.0
259.0		0.004863362349740604	-0.005716621887862174	-0.0024853360020606337	183.14149	183.14149	259.0
262.0		0.004863362349740604	-0.005716621887862174	-0.0024853360020606337	185.26282	185.26282	262.0
265.0		0.004863362349740604	-0.005716621887862174	-0.0024853360020606337	187.38415	187.38415	265.0
268.0		0.004863362349740604	-0.005716621887862174	-0.0024853360020606337	189.50548	189.50548	268.0
271.0		0.004863362349740604	-0.005716621887862174	-0.0024853360020606337	191.62681	191.62681	271.0
274.0		0.004863362349740604	-0.005716621887862174	-0.0024853360020606337	193.74814	193.74814	274.0
277.0		0.004863362349740604	-0.005716621887862174	-0.0024853360020606337	195.86947	195.86947	277.0
280.0		0.004863362349740604	-0.005716621887862174	-0.0024853360020606337	197.9908	197.9908	280.0
283.0		0.004863362349740604	-0.005716621887862174	-0.0024853360020606337	200.11213	200.11213	283.0
286.0		0.004863362349740604	-0.005716621887862174	-0.0024853360020606337	202.23346	202.23346	286.0
289.0		0.004863362349740604	-0.005716621887862174	-0.0024853360020606337	204.35479	204.35479	289.0
292.0		0.004863362349740604	-0.005716621887862174	-0.0024853360020606337	206.47612	206.47612	292.0
RTBT_Diag:WS23

Name	X Fit	X RMS	Y Fit	Y RMS	Z Fit	Z RMS
-------	-----	-----	-----	-----	-----	-----
Area	16.510598358291	16.535836403710935	18.147238680394903	16.7713720703125	18.255555884291056	16.6233113429362
Ampl	1.4127471424580316	1.42109375	0.8961306628587199	0.8805664062499999	0.7541980725333137	0.7320312500000001
Mean	97.87359863390817	98.11036928714786	102.04251183728178	102.22428937890291	120.01464786633002	119.67313682925626
Sigma	4.662388308489844	4.9141601744974	8.07884506378866	6.988407158347461	9.656499213809875	8.20756353392817
Offset	-0.0053099410382857395	-0.0107421875	-0.0053318457090657375	-0.003076171875	-0.006610922636115161	-0.00361328125
Slope	0.0	0.0	0.0	0.0	0.0	0.0

Position	X Raw	Y Raw	Z Raw
--------	-----	-----	-----
25.0		-0.01083984375	-0.0033203125	-0.00361328125	17.67775	17.67775	25.0
28.0		-0.01064453125	-0.00283203125	-0.00361328125	19.79908	19.79908	28.0
31.0		-0.0103515625	-0.00283203125	-0.003125	21.92041	21.92041	31.0
34.0		-0.01083984375	-0.00283203125	-0.0037109375	24.04174	24.04174	34.0
37.0		-0.01044921875	-0.00234375	-0.0033203125	26.16307	26.16307	37.0
40.0		-0.01103515625	-0.00283203125	-0.0037109375	28.2844	28.2844	40.0
43.0		-0.01064453125	-0.003125	-0.00361328125	30.405730000000002	30.405730000000002	43.0
46.0		-0.01103515625	-0.00244140625	-0.00341796875	32.52706	32.52706	46.0
49.0		-0.01083984375	-0.00263671875	-0.0037109375	34.64839	34.64839	49.0
52.0		-0.01083984375	-0.00244140625	-0.003515625	36.76972	36.76972	52.0
55.0		-0.0103515625	-0.0029296875	-0.0033203125	38.89105	38.89105	55.0
58.0		-0.01064453125	-0.001953125	-0.00322265625	41.01238	41.01238	58.0
61.0		-0.01044921875	-0.0021484375	-0.00341796875	43.13371	43.13371	61.0
64.0		-0.0107421875	-0.00234375	-0.003125	45.25504	45.25504	64.0
67.0		-0.01005859375	-0.00244140625	-0.0029296875	47.37637	47.37637	67.0
70.0		-0.0103515625	-0.00244140625	-0.00283203125	49.4977	49.4977	70.0
73.0		-0.01005859375	-0.00166015625	-0.002734375	51.61903	51.61903	73.0
76.0		-0.01025390625	-0.0021484375	-0.0033203125	53.74036	53.74036	76.0
79.0		-0.010546875	-1.953125E-4	-0.003125	55.86169	55.86169	79.0
82.0		-0.0103515625	0.00498046875	-0.0033203125	57.98302	57.98302	82.0
85.0		-0.009765625	0.02431640625	-0.0033203125	60.104350000000004	60.104350000000004	85.0
88.0		-0.00986328125	0.0884765625	-0.00283203125	62.225680000000004	62.225680000000004	88.0
91.0		-0.00947265625	0.2978515625	-0.0025390625	64.34701	64.34701	91.0
94.0		-0.00908203125	0.57265625	-0.00224609375	66.46834	66.46834	94.0
97.0		-0.0087890625	0.76181640625	-0.0021484375	68.58967	68.58967	97.0
100.0		-0.00869140625	0.85234375	-0.00185546875	70.711	70.711	100.0
103.0		-0.0087890625	0.8744140625	-0.00166015625	72.83233	72.83233	103.0
106.0		-0.00869140625	0.8119140625	-0.00146484375	74.95366	74.95366	106.0
109.0		-0.0080078125	0.66279296875	-0.001953125	77.07499	77.07499	109.0
112.0		-0.00517578125	0.40283203125	-0.00166015625	79.19632	79.19632	112.0
115.0		-6.8359375E-4	0.15400390625	-0.00263671875	81.31765	81.31765	115.0
118.0		0.010546875	0.0544921875	-0.00234375	83.43898	83.43898	118.0
121.0		0.034375	0.02236328125	-0.00244140625	85.56031	85.56031	121.0
124.0		0.0923828125	0.0095703125	-0.00234375	87.68164	87.68164	124.0
127.0		0.258203125	0.00400390625	-2.9296875E-4	89.80297	89.80297	127.0
130.0		0.62109375	4.8828125E-4	4.8828125E-4	91.9243	91.9243	130.0
133.0		1.02734375	-0.00107421875	0.00322265625	94.04563	94.04563	133.0
136.0		1.31455078125	-2.9296875E-4	0.00908203125	96.16696	96.16696	136.0
139.0		1.399609375	-9.765625E-4	0.0166015625	98.28829	98.28829	139.0
142.0		1.18603515625	-9.765625E-4	0.03251953125	100.40962	100.40962	142.0
145.0		0.85595703125	-0.00126953125	0.06552734375	102.53095	102.53095	145.0
148.0		0.4845703125	-0.0029296875	0.14228515625	104.65228	104.65228	148.0
151.0		0.20908203125	-0.00244140625	0.26171875	106.77361	106.77361	151.0
154.0		0.109765625	-0.00283203125	0.39658203125	108.89494	108.89494	154.0
157.0		0.06552734375	-0.00263671875	0.5271484375	111.01627	111.01627	157.0
160.0		0.0423828125	-0.00224609375	0.61845703125	113.1376	113.1376	160.0
163.0		0.02822265625	-0.00205078125	0.67763671875	115.25893	115.25893	163.0
166.0		0.01806640625	-0.00244140625	0.71494140625	117.38026	117.38026	166.0
169.0		0.0109375	-0.00263671875	0.7248046875	119.50159000000001	119.50159000000001	169.0
172.0		0.004296875	-0.002734375	0.71943359375	121.62292000000001	121.62292000000001	172.0
175.0		1.953125E-4	-0.00234375	0.69736328125	123.74425000000001	123.74425000000001	175.0
178.0		-0.00244140625	-0.0025390625	0.64462890625	125.86558000000001	125.86558000000001	178.0
181.0		-0.00546875	-0.0025390625	0.56005859375	127.98691000000001	127.98691000000001	181.0
184.0		-0.0076171875	-0.00263671875	0.43427734375	130.10824	130.10824	184.0
187.0		-0.00830078125	-0.00263671875	0.28798828125	132.22957	132.22957	187.0
190.0		-0.00966796875	-0.00302734375	0.15556640625	134.3509	134.3509	190.0
193.0		-0.00986328125	-0.0029296875	0.070703125	136.47223	136.47223	193.0
196.0		-0.009375	-0.00322265625	0.0328125	138.59356	138.59356	196.0
199.0		-0.01015625	-0.00380859375	0.01455078125	140.71489	140.71489	199.0
202.0		-0.01005859375	-0.00302734375	0.00703125	142.83622	142.83622	202.0
205.0		-0.010546875	-0.00341796875	0.00205078125	144.95755	144.95755	205.0
208.0		-0.01025390625	-0.003125	-3.90625E-4	147.07888	147.07888	208.0
211.0		-0.00966796875	-0.0033203125	-0.00146484375	149.20021	149.20021	211.0
214.0		-0.01005859375	-0.00341796875	-0.00185546875	151.32154	151.32154	214.0
217.0		-0.01005859375	-0.00322265625	-0.00234375	153.44287	153.44287	217.0
220.0		-0.01044921875	-0.00322265625	-0.00263671875	155.5642	155.5642	220.0
223.0		-0.0103515625	-0.00322265625	-0.00234375	157.68553	157.68553	223.0
226.0		-0.009765625	-0.003125	-0.00166015625	159.80686	159.80686	226.0
229.0		-0.01005859375	-0.00361328125	-0.00244140625	161.92819	161.92819	229.0
232.0		-0.01025390625	-0.00380859375	-0.00263671875	164.04952	164.04952	232.0
235.0		-0.01064453125	-0.00341796875	-0.00205078125	166.17085	166.17085	235.0
238.0		-0.010546875	-0.0037109375	-0.0025390625	168.29218	168.29218	238.0
241.0		-0.01025390625	-0.00400390625	-0.001953125	170.41351	170.41351	241.0
244.0		-0.0103515625	-0.00380859375	-0.00205078125	172.53484	172.53484	244.0
247.0		-0.010546875	-0.003515625	-0.00234375	174.65617	174.65617	247.0
250.0		-0.0107421875	-0.003515625	-0.00302734375	176.7775	176.7775	250.0
253.0		-0.009765625	-0.002734375	-0.00224609375	178.89883	178.89883	253.0
256.0		-0.0103515625	-0.003515625	-0.0025390625	181.02016	181.02016	256.0
259.0		-0.01044921875	-0.0041015625	-0.0025390625	183.14149	183.14149	259.0
262.0		-0.0107421875	-0.0033203125	-0.00283203125	185.26282	185.26282	262.0
265.0		-0.01123046875	-0.0041015625	-0.0029296875	187.38415	187.38415	265.0
268.0		-0.0107421875	-0.003515625	-0.00283203125	189.50548	189.50548	268.0
271.0		-0.0109375	-0.00390625	-0.00302734375	191.62681	191.62681	271.0
274.0		-0.0103515625	-0.00322265625	-0.0025390625	193.74814	193.74814	274.0
277.0		-0.0107421875	-0.00390625	-0.00263671875	195.86947	195.86947	277.0
280.0		-0.01044921875	-0.0037109375	-0.00322265625	197.9908	197.9908	280.0
283.0		-0.01083984375	-0.00361328125	-0.00302734375	200.11213	200.11213	283.0
286.0		-0.0111328125	-0.00322265625	-0.0029296875	202.23346	202.23346	286.0
289.0		-0.0107421875	-0.00361328125	-0.00302734375	204.35479	204.35479	289.0
292.0		-0.01025390625	-0.00322265625	-0.00302734375	206.47612	206.47612	292.0

Position	X Fit	Y Fit	Z Fit
--------	-----	-----	-----
25.0		-0.0053099410382857395	-0.005314353732998364	-0.006531409751443482	17.67775	17.67775	25.0
28.0		-0.0053099410382857395	-0.005314353732998363	-0.006531409751443482	19.79908	19.79908	28.0
31.0		-0.0053099410382857395	-0.0053143537329983495	-0.006531409751443482	21.92041	21.92041	31.0
34.0		-0.0053099410382857395	-0.005314353732998003	-0.006531409751443482	24.04174	24.04174	34.0
37.0		-0.0053099410382857395	-0.005314353732990698	-0.006531409751443482	26.16307	26.16307	37.0
40.0		-0.0053099410382857395	-0.005314353732856326	-0.006531409751443482	28.2844	28.2844	40.0
43.0		-0.0053099410382857395	-0.005314353730705753	-0.006531409751443482	30.405730000000002	30.405730000000002	43.0
46.0		-0.0053099410382857395	-0.005314353700758003	-0.006531409751443481	32.52706	32.52706	46.0
49.0		-0.0053099410382857395	-0.005314353337982863	-0.0065314097514434745	34.64839	34.64839	49.0
52.0		-0.0053099410382857395	-0.005314349516294585	-0.006531409751443427	36.76972	36.76972	52.0
55.0		-0.0053099410382857395	-0.005314314515781747	-0.006531409751443121	38.89105	38.89105	55.0
58.0		-0.0053099410382857395	-0.005314035954023135	-0.006531409751441246	41.01238	41.01238	58.0
61.0		-0.0053099410382857395	-0.005312110273297716	-0.006531409751430325	43.13371	43.13371	61.0
64.0		-0.0053099410382857395	-0.005300554463244065	-0.006531409751369704	45.25504	45.25504	64.0
67.0		-0.0053099410382857395	-0.005240403651720708	-0.006531409751049256	47.37637	47.37637	67.0
70.0		-0.0053099410382857395	-0.004969078103179486	-0.006531409749436177	49.4977	49.4977	70.0
73.0		-0.0053099410382857395	-0.003909801430779032	-0.006531409741704085	51.61903	51.61903	73.0
76.0		-0.0053099410382857395	-3.36356795694155E-4	-0.006531409706413495	53.74036	53.74036	76.0
79.0		-0.005309941038285736	0.010057139334200018	-0.00653140955305226	55.86169	55.86169	79.0
82.0		-0.00530994103828556	0.03604009170489723	-0.0065314089185413236	57.98302	57.98302	82.0
85.0		-0.0053099410382777944	0.09161896196110449	-0.006531406419355708	60.104350000000004	60.104350000000004	85.0
88.0		-0.005309941038000078	0.19264163953421948	-0.006531397048926401	62.225680000000004	62.225680000000004	88.0
91.0		-0.005309941029935313	0.34690154896252523	-0.006531363607569669	64.34701	64.34701	91.0
94.0		-0.005309940839831166	0.5406873347619947	-0.00653125002043871	66.46834	66.46834	94.0
97.0		-0.005309937203787438	0.7321206191248696	-0.006530882867086071	68.58967	68.58967	97.0
100.0		-0.005309880802999531	0.8624427825719533	-0.006529753629560975	70.711	70.711	100.0
103.0		-0.0053091717512810605	0.8843319465372476	-0.006526449311509526	72.83233	72.83233	103.0
106.0		-0.005301953355612742	0.7893455117778119	-0.006517251846123892	74.95366	74.95366	106.0
109.0		-0.005242511808360443	0.6131147237245844	-0.006492903723536443	77.07499	77.07499	109.0
112.0		-0.0048471652963798986	0.41400339188120266	-0.006431614621538887	79.19632	79.19632	112.0
115.0		-0.0027277524293137763	0.2423943705177179	-0.006284952907103047	81.31765	81.31765	115.0
118.0		0.006403926954279734	0.1221779833560319	-0.005951415982209276	83.43898	83.43898	118.0
121.0		0.03789243964261403	0.051856092415383914	-0.005230771022858924	85.56031	85.56031	121.0
124.0		0.12423188739029421	0.017021563917624088	-0.003752074445434803	87.68164	87.68164	124.0
127.0		0.3104865901160531	0.0022885718116523283	-8.719351403376494E-4	89.80297	89.80297	127.0
130.0		0.6205824575765946	-0.003059582971591951	0.004450103668897105	91.9243	91.9243	130.0
133.0		1.0032158023417654	-0.004731756026174519	0.013773412234414598	94.04563	94.04563	133.0
136.0		1.3158922613612123	-0.005183200238507498	0.02924420333947964	96.16696	96.16696	136.0
139.0		1.4018600954001985	-0.005288629899992715	0.05353420036427746	98.28829	98.28829	139.0
142.0		1.2131713300724682	-0.005309957950294074	0.08956686912534366	100.40962	100.40962	142.0
145.0		0.8524902265961689	-0.005313699275467407	0.13997486826358319	102.53095	102.53095	145.0
148.0		0.4856526301735252	-0.005314268840084107	0.20630590450593497	104.65228	104.65228	148.0
151.0		0.2231476704725129	-0.005314344138856522	0.28810757800432524	106.77361	106.77361	151.0
154.0		0.0811187366577748	-0.005314352788316568	0.38214086902997463	108.89494	108.89494	154.0
157.0		0.02127312649457469	-0.005314353651956452	0.4820397515061461	111.01627	111.01627	157.0
160.0		0.001337390040118092	-0.005314353726941072	0.5786937640075765	113.1376	113.1376	160.0
163.0		-0.003958539171491766	-0.005314353732603914	0.6614572337732328	115.25893	115.25893	163.0
166.0		-0.005086575222678692	-0.0053143537329759846	0.7200195285162843	117.38026	117.38026	166.0
169.0		-0.005279925655118348	-0.005314353732997258	0.7465015160748981	119.50159000000001	119.50159000000001	169.0
172.0		-0.00530666185218535	-0.0053143537329983165	0.7371942621686011	121.62292000000001	121.62292000000001	172.0
175.0		-0.005309649776688737	-0.0053143537329983625	0.6934112905275663	123.74425000000001	123.74425000000001	175.0
178.0		-0.005309920005568767	-0.005314353732998364	0.621184467279324	125.86558000000001	125.86558000000001	178.0
181.0		-0.005309939803468971	-0.005314353732998364	0.52990055366567	127.98691000000001	127.98691000000001	181.0
184.0		-0.005309940979346483	-0.005314353732998364	0.43030325117122387	130.10824	130.10824	184.0
187.0		-0.005309941035998552	-0.005314353732998364	0.3324457546305026	132.22957	132.22957	187.0
190.0		-0.00530994103821358	-0.005314353732998364	0.24412262706909563	134.3509	134.3509	190.0
193.0		-0.0053099410382838885	-0.005314353732998364	0.1700845206025055	136.47223	136.47223	193.0
196.0		-0.0053099410382857004	-0.005314353732998364	0.11205528167341966	138.59356	138.59356	196.0
199.0		-0.005309941038285739	-0.005314353732998364	0.06934258329337577	140.71489	140.71489	199.0
202.0		-0.0053099410382857395	-0.005314353732998364	0.03972807992859653	142.83622	142.83622	202.0
205.0		-0.0053099410382857395	-0.005314353732998364	0.020344281516054382	144.95755	144.95755	205.0
208.0		-0.0053099410382857395	-0.005314353732998364	0.008347440012412872	147.07888	147.07888	208.0
211.0		-0.0053099410382857395	-0.005314353732998364	0.0013178731610157292	149.20021	149.20021	211.0
214.0		-0.0053099410382857395	-0.005314353732998364	-0.002585551173681919	151.32154	151.32154	214.0
217.0		-0.0053099410382857395	-0.005314353732998364	-0.004641226294304827	153.44287	153.44287	217.0
220.0		-0.0053099410382857395	-0.005314353732998364	-0.005668595501711759	155.5642	155.5642	220.0
223.0		-0.0053099410382857395	-0.005314353732998364	-0.006156107154824617	157.68553	157.68553	223.0
226.0		-0.0053099410382857395	-0.005314353732998364	-0.006375850179880774	159.80686	159.80686	226.0
229.0		-0.0053099410382857395	-0.005314353732998364	-0.006469968109013971	161.92819	161.92819	229.0
232.0		-0.0053099410382857395	-0.005314353732998364	-0.00650828485461932	164.04952	164.04952	232.0
235.0		-0.0053099410382857395	-0.005314353732998364	-0.006523116063322783	166.17085	166.17085	235.0
238.0		-0.0053099410382857395	-0.005314353732998364	-0.006528575316423355	168.29218	168.29218	238.0
241.0		-0.0053099410382857395	-0.005314353732998364	-0.006530486678079121	170.41351	170.41351	241.0
244.0		-0.0053099410382857395	-0.005314353732998364	-0.006531123296156221	172.53484	172.53484	244.0
247.0		-0.0053099410382857395	-0.005314353732998364	-0.006531325042673627	174.65617	174.65617	247.0
250.0		-0.0053099410382857395	-0.005314353732998364	-0.006531385881531575	176.7775	176.7775	250.0
253.0		-0.0053099410382857395	-0.005314353732998364	-0.006531403341943266	178.89883	178.89883	253.0
256.0		-0.0053099410382857395	-0.005314353732998364	-0.006531408111426195	181.02016	181.02016	256.0
259.0		-0.0053099410382857395	-0.005314353732998364	-0.006531409351569089	183.14149	183.14149	259.0
262.0		-0.0053099410382857395	-0.005314353732998364	-0.006531409658536218	185.26282	185.26282	262.0
265.0		-0.0053099410382857395	-0.005314353732998364	-0.006531409730873844	187.38415	187.38415	265.0
268.0		-0.0053099410382857395	-0.005314353732998364	-0.006531409747103834	189.50548	189.50548	268.0
271.0		-0.0053099410382857395	-0.005314353732998364	-0.0065314097505710465	191.62681	191.62681	271.0
274.0		-0.0053099410382857395	-0.005314353732998364	-0.006531409751276349	193.74814	193.74814	274.0
277.0		-0.0053099410382857395	-0.005314353732998364	-0.006531409751412972	195.86947	195.86947	277.0
280.0		-0.0053099410382857395	-0.005314353732998364	-0.006531409751438175	197.9908	197.9908	280.0
283.0		-0.0053099410382857395	-0.005314353732998364	-0.006531409751442603	200.11213	200.11213	283.0
286.0		-0.0053099410382857395	-0.005314353732998364	-0.0065314097514433435	202.23346	202.23346	286.0
289.0		-0.0053099410382857395	-0.005314353732998364	-0.0065314097514434614	204.35479	204.35479	289.0
292.0		-0.0053099410382857395	-0.005314353732998364	-0.00653140975144348	206.47612	206.47612	292.0
RTBT_Diag:WS21

Name	X Fit	X RMS	Y Fit	Y RMS	Z Fit	Z RMS
-------	-----	-----	-----	-----	-----	-----
Area	18.30380872193576	17.386617252897132	17.7028985749066	17.117145182291665	16.948192682923104	17.264521084798176
Ampl	0.9563524163484687	0.9529296875	1.037521437799487	1.0427734375000002	1.1779166224383237	1.1878906249999999
Mean	96.90775511991927	97.07756897786055	93.21849662850691	93.43212091464551	108.36091451273485	108.20048288495997
Sigma	7.635431318761866	7.190921833910036	6.807025348958052	6.576036681150294	5.74009272711681	6.236777983014734
Offset	0.006412097243430557	0.00693359375	-0.004008954263630747	-0.0033203125000000003	0.008138350764071737	0.00576171875
Slope	0.0	0.0	0.0	0.0	0.0	0.0

Position	X Raw	Y Raw	Z Raw
--------	-----	-----	-----
25.0		0.0068359375	-0.003515625	0.00517578125	17.67775	17.67775	25.0
28.0		0.00703125	-0.003125	0.00634765625	19.79908	19.79908	28.0
31.0		0.00703125	-0.0029296875	0.0052734375	21.92041	21.92041	31.0
34.0		0.00673828125	-0.003515625	0.00546875	24.04174	24.04174	34.0
37.0		0.0068359375	-0.003515625	0.00498046875	26.16307	26.16307	37.0
40.0		0.006640625	-0.00361328125	0.00478515625	28.2844	28.2844	40.0
43.0		0.0064453125	-0.0033203125	0.00517578125	30.405730000000002	30.405730000000002	43.0
46.0		0.0072265625	-0.003515625	0.0052734375	32.52706	32.52706	46.0
49.0		0.0072265625	-0.0033203125	0.0052734375	34.64839	34.64839	49.0
52.0		0.0068359375	-0.00341796875	0.00517578125	36.76972	36.76972	52.0
55.0		0.007421875	-0.003125	0.005078125	38.89105	38.89105	55.0
58.0		0.00693359375	-0.003515625	0.00517578125	41.01238	41.01238	58.0
61.0		0.00712890625	-0.00322265625	0.005078125	43.13371	43.13371	61.0
64.0		0.0068359375	-0.00283203125	0.0056640625	45.25504	45.25504	64.0
67.0		0.0064453125	-0.00234375	0.00439453125	47.37637	47.37637	67.0
70.0		0.00751953125	9.765625E-4	0.005859375	49.4977	49.4977	70.0
73.0		0.007421875	0.00849609375	0.00498046875	51.61903	51.61903	73.0
76.0		0.0072265625	0.0259765625	0.0052734375	53.74036	53.74036	76.0
79.0		0.0076171875	0.0724609375	0.00478515625	55.86169	55.86169	79.0
82.0		0.00712890625	0.2052734375	0.005078125	57.98302	57.98302	82.0
85.0		0.0076171875	0.48115234375	0.0056640625	60.104350000000004	60.104350000000004	85.0
88.0		0.0083984375	0.777734375	0.00546875	62.225680000000004	62.225680000000004	88.0
91.0		0.0087890625	0.99033203125	0.00576171875	64.34701	64.34701	91.0
94.0		0.00771484375	1.0361328125	0.00654296875	66.46834	66.46834	94.0
97.0		0.00908203125	0.88408203125	0.00615234375	68.58967	68.58967	97.0
100.0		0.0099609375	0.63623046875	0.0060546875	70.711	70.711	100.0
103.0		0.0115234375	0.3552734375	0.0056640625	72.83233	72.83233	103.0
106.0		0.01484375	0.147265625	0.0056640625	74.95366	74.95366	106.0
109.0		0.02197265625	0.06162109375	0.00556640625	77.07499	77.07499	109.0
112.0		0.03623046875	0.0251953125	0.00751953125	79.19632	79.19632	112.0
115.0		0.06748046875	0.00849609375	0.00966796875	81.31765	81.31765	115.0
118.0		0.1505859375	0.00185546875	0.0125	83.43898	83.43898	118.0
121.0		0.2998046875	-0.001953125	0.01708984375	85.56031	85.56031	121.0
124.0		0.4806640625	-0.002734375	0.0244140625	87.68164	87.68164	124.0
127.0		0.6216796875	-0.001953125	0.0388671875	89.80297	89.80297	127.0
130.0		0.76572265625	-0.00302734375	0.0615234375	91.9243	91.9243	130.0
133.0		0.89345703125	-0.0037109375	0.10009765625	94.04563	94.04563	133.0
136.0		0.966796875	-0.00205078125	0.16494140625	96.16696	96.16696	136.0
139.0		0.9611328125	-0.00234375	0.26923828125	98.28829	98.28829	139.0
142.0		0.86181640625	-0.00244140625	0.4515625	100.40962	100.40962	142.0
145.0		0.72763671875	-0.0021484375	0.68798828125	102.53095	102.53095	145.0
148.0		0.5826171875	-0.00419921875	0.95498046875	104.65228	104.65228	148.0
151.0		0.4130859375	-0.003125	1.16123046875	106.77361	106.77361	151.0
154.0		0.23828125	-0.00390625	1.1994140625	108.89494	108.89494	154.0
157.0		0.12900390625	-0.003515625	1.05927734375	111.01627	111.01627	157.0
160.0		0.078125	-0.0033203125	0.8451171875	113.1376	113.1376	160.0
163.0		0.05234375	-0.00341796875	0.57109375	115.25893	115.25893	163.0
166.0		0.0341796875	-0.003515625	0.3306640625	117.38026	117.38026	166.0
169.0		0.02265625	-0.00380859375	0.1931640625	119.50159000000001	119.50159000000001	169.0
172.0		0.01474609375	-0.00400390625	0.11435546875	121.62292000000001	121.62292000000001	172.0
175.0		0.012109375	-0.0041015625	0.06923828125	123.74425000000001	123.74425000000001	175.0
178.0		0.009765625	-0.003515625	0.04228515625	125.86558000000001	125.86558000000001	178.0
181.0		0.0083984375	-0.0037109375	0.0263671875	127.98691000000001	127.98691000000001	181.0
184.0		0.008203125	-0.0037109375	0.01875	130.10824	130.10824	184.0
187.0		0.0083984375	-0.00322265625	0.01328125	132.22957	132.22957	187.0
190.0		0.00810546875	-0.00400390625	0.009765625	134.3509	134.3509	190.0
193.0		0.00712890625	-0.00458984375	0.00693359375	136.47223	136.47223	193.0
196.0		0.0072265625	-0.00380859375	0.00673828125	138.59356	138.59356	196.0
199.0		0.00810546875	-0.00341796875	0.005859375	140.71489	140.71489	199.0
202.0		0.00673828125	-0.0041015625	0.0056640625	142.83622	142.83622	202.0
205.0		0.0076171875	-0.00390625	0.00634765625	144.95755	144.95755	205.0
208.0		0.007421875	-0.00361328125	0.00595703125	147.07888	147.07888	208.0
211.0		0.0076171875	-0.00380859375	0.00595703125	149.20021	149.20021	211.0
214.0		0.007421875	-0.00439453125	0.0060546875	151.32154	151.32154	214.0
217.0		0.007421875	-0.00361328125	0.005859375	153.44287	153.44287	217.0
220.0		0.00751953125	-0.00380859375	0.00517578125	155.5642	155.5642	220.0
223.0		0.00771484375	-0.0041015625	0.00546875	157.68553	157.68553	223.0
226.0		0.0072265625	-0.00390625	0.00576171875	159.80686	159.80686	226.0
229.0		0.00751953125	-0.00380859375	0.005859375	161.92819	161.92819	229.0
232.0		0.00625	-0.004296875	0.00458984375	164.04952	164.04952	232.0
235.0		0.00693359375	-0.0041015625	0.00537109375	166.17085	166.17085	235.0
238.0		0.00693359375	-0.00419921875	0.00537109375	168.29218	168.29218	238.0
241.0		0.0072265625	-0.0041015625	0.00556640625	170.41351	170.41351	241.0
244.0		0.00693359375	-0.00390625	0.00517578125	172.53484	172.53484	244.0
247.0		0.007421875	-0.00361328125	0.005859375	174.65617	174.65617	247.0
250.0		0.00751953125	-0.00341796875	0.00556640625	176.7775	176.7775	250.0
253.0		0.0080078125	-0.003125	0.0064453125	178.89883	178.89883	253.0
256.0		0.007421875	-0.0037109375	0.005859375	181.02016	181.02016	256.0
259.0		0.00673828125	-0.00400390625	0.00537109375	183.14149	183.14149	259.0
262.0		0.00751953125	-0.00361328125	0.00537109375	185.26282	185.26282	262.0
265.0		0.006640625	-0.00439453125	0.0048828125	187.38415	187.38415	265.0
268.0		0.00712890625	-0.003515625	0.005859375	189.50548	189.50548	268.0
271.0		0.00634765625	-0.004296875	0.00556640625	191.62681	191.62681	271.0
274.0		0.0072265625	-0.00380859375	0.00576171875	193.74814	193.74814	274.0
277.0		0.007421875	-0.003515625	0.0052734375	195.86947	195.86947	277.0
280.0		0.006640625	-0.00400390625	0.005078125	197.9908	197.9908	280.0
283.0		0.007421875	-0.00380859375	0.00517578125	200.11213	200.11213	283.0
286.0		0.0072265625	-0.003515625	0.00498046875	202.23346	202.23346	286.0
289.0		0.00712890625	-0.0037109375	0.00498046875	204.35479	204.35479	289.0
292.0		0.0072265625	-0.00400390625	0.00576171875	206.47612	206.47612	292.0

Position	X Fit	Y Fit	Z Fit
--------	-----	-----	-----
25.0		0.006444539110885139	-0.0039989732253291966	0.008138350764071737	17.67775	17.67775	25.0
28.0		0.006444539110885139	-0.0039989732253291966	0.008138350764071737	19.79908	19.79908	28.0
31.0		0.006444539110885139	-0.003998973225329196	0.008138350764071737	21.92041	21.92041	31.0
34.0		0.006444539110885139	-0.0039989732253291575	0.008138350764071737	24.04174	24.04174	34.0
37.0		0.006444539110885139	-0.003998973225327575	0.008138350764071737	26.16307	26.16307	37.0
40.0		0.006444539110885141	-0.003998973225273222	0.008138350764071737	28.2844	28.2844	40.0
43.0		0.006444539110885172	-0.003998973223738062	0.008138350764071737	30.405730000000002	30.405730000000002	43.0
46.0		0.0064445391108854935	-0.003998973188081735	0.008138350764071737	32.52706	32.52706	46.0
49.0		0.006444539110888686	-0.003998972507268374	0.008138350764071737	34.64839	34.64839	49.0
52.0		0.006444539110917989	-0.0039989618254450306	0.008138350764071737	36.76972	36.76972	52.0
55.0		0.006444539111166764	-0.003998824181399071	0.008138350764071737	38.89105	38.89105	55.0
58.0		0.006444539113120224	-0.003997368492273947	0.008138350764071737	41.01238	41.01238	58.0
61.0		0.006444539127306554	-0.003984744501420921	0.008138350764071737	43.13371	43.13371	61.0
64.0		0.006444539222576724	-0.0038950760463701373	0.008138350764071737	45.25504	45.25504	64.0
67.0		0.0064445398141578635	-0.0033742089213543505	0.008138350764071737	47.37637	47.37637	67.0
70.0		0.006444543210287493	-9.050943314147662E-4	0.008138350764071737	49.4977	49.4977	70.0
73.0		0.006444561232191629	0.008618287012831318	0.008138350764071737	51.61903	51.61903	73.0
76.0		0.006444649619072355	0.038375221785638805	0.008138350764071737	53.74036	53.74036	76.0
79.0		0.006445050170533342	0.11319695156838495	0.008138350764071737	55.86169	55.86169	79.0
82.0		0.006446727085019786	0.2629315324095614	0.00813835076407176	57.98302	57.98302	82.0
85.0		0.006453210850535711	0.4966790825432324	0.008138350764072266	60.104350000000004	60.104350000000004	85.0
88.0		0.006476356440917298	0.7693821264935097	0.008138350764082793	62.225680000000004	62.225680000000004	88.0
91.0		0.0065526114844777624	0.9797928324589495	0.008138350764273062	64.34701	64.34701	91.0
94.0		0.006784367066049635	1.026594758395647	0.008138350767270023	66.46834	66.46834	94.0
97.0		0.007433768407048225	0.8850924927412214	0.00813835080839416	68.58967	68.58967	97.0
100.0		0.009110343581683349	0.627656168855254	0.008138351299886973	70.711	70.711	100.0
103.0		0.013095020300908516	0.36556385279459286	0.008138356414636335	72.83233	72.83233	103.0
106.0		0.021803834825515983	0.17406299610060103	0.008138402746174682	74.95366	74.95366	106.0
109.0		0.03928301479915459	0.0666537188384759	0.00813876792253647	77.07499	77.07499	109.0
112.0		0.07144076394696557	0.019087676066296168	0.008141271104566679	79.19632	79.19632	112.0
115.0		0.12553767475466884	0.0022135460072094442	0.008156184861527579	81.31765	81.31765	115.0
118.0		0.20845729013771405	-0.0026222417673361117	0.008233357411956608	83.43898	83.43898	118.0
121.0		0.32366726366122556	-0.003747723627564512	0.008579862314320624	85.56031	85.56031	121.0
124.0		0.46759564434805606	-0.003961212862079309	0.009928195499138946	87.68164	87.68164	124.0
127.0		0.6270501131157452	-0.003994299732279906	0.014467915738167077	89.80297	89.80297	127.0
130.0		0.7796262010711688	-0.0039984968802447155	0.027664543907439047	91.9243	91.9243	130.0
133.0		0.8981899298849748	-0.003998933242232789	0.06068517987052662	94.04563	94.04563	133.0
136.0		0.9585688549383989	-0.0039989704615343066	0.1314944597350171	96.16696	96.16696	136.0
139.0		0.9475534702128625	-0.003998973067999812	0.2607538682579572	98.28829	98.28829	139.0
142.0		0.8675960904792772	-0.0039989732179537465	0.45941680791760847	100.40962	100.40962	142.0
145.0		0.7359234429028311	-0.003998973225044461	0.7113958856545368	102.53095	102.53095	145.0
148.0		0.5785015867202864	-0.003998973225320144	0.964163684479492	104.65228	104.65228	148.0
151.0		0.42174211777499304	-0.00399897322532896	1.1418683077060174	106.77361	106.77361	151.0
154.0		0.28555294270991977	-0.003998973225329191	1.180968329698103	108.89494	108.89494	154.0
157.0		0.18009657588108247	-0.0039989732253291966	1.0665283059560753	111.01627	111.01627	157.0
160.0		0.10646303182076934	-0.0039989732253291966	0.8413236048925544	113.1376	113.1376	160.0
163.0		0.059774858463097706	-0.0039989732253291966	0.580305152400284	115.25893	115.25893	163.0
166.0		0.032769123199406155	-0.0039989732253291966	0.3508974166422507	117.38026	117.38026	166.0
169.0		0.018473893164157908	-0.0039989732253291966	0.18725685766297143	119.50159000000001	119.50159000000001	169.0
172.0		0.011533352808616216	-0.0039989732253291966	0.08979229820319182	121.62292000000001	121.62292000000001	172.0
175.0		0.00843743334568825	-0.0039989732253291966	0.040609609494769605	123.74425000000001	123.74425000000001	175.0
178.0		0.007167051677421472	-0.0039989732253291966	0.019402704445015795	125.86558000000001	125.86558000000001	178.0
181.0		0.0066870325620716625	-0.0039989732253291966	0.011547128202645286	127.98691000000001	127.98691000000001	181.0
184.0		0.006519883007804044	-0.0039989732253291966	0.00903821342223383	130.10824	130.10824	184.0
187.0		0.006466210642135154	-0.0039989732253291966	0.008345574275337247	132.22957	132.22957	187.0
190.0		0.006450309758741153	-0.0039989732253291966	0.008179978907389394	134.3509	134.3509	190.0
193.0		0.006445961613268446	-0.0039989732253291966	0.008145645679621717	136.47223	136.47223	193.0
196.0		0.006444863730596634	-0.0039989732253291966	0.008139465927994447	138.59356	138.59356	196.0
199.0		0.006444607689739734	-0.0039989732253291966	0.00813849947482308	140.71489	140.71489	199.0
202.0		0.0064445525230542935	-0.0039989732253291966	0.00813836806347966	142.83622	142.83622	202.0
205.0		0.006444541539179168	-0.0039989732253291966	0.008138352519589895	144.95755	144.95755	205.0
208.0		0.006444539517887545	-0.0039989732253291966	0.008138350919476608	147.07888	147.07888	208.0
211.0		0.0064445391740369975	-0.0039989732253291966	0.008138350776072507	149.20021	149.20021	211.0
214.0		0.006444539119956422	-0.0039989732253291966	0.00813835076488016	151.32154	151.32154	214.0
217.0		0.00644453911209141	-0.0039989732253291966	0.008138350764119244	153.44287	153.44287	217.0
220.0		0.0064445391110336345	-0.0039989732253291966	0.008138350764074173	155.5642	155.5642	220.0
223.0		0.006444539110902062	-0.0039989732253291966	0.008138350764071847	157.68553	157.68553	223.0
226.0		0.006444539110886924	-0.0039989732253291966	0.00813835076407174	159.80686	159.80686	226.0
229.0		0.006444539110885313	-0.0039989732253291966	0.008138350764071737	161.92819	161.92819	229.0
232.0		0.006444539110885154	-0.0039989732253291966	0.008138350764071737	164.04952	164.04952	232.0
235.0		0.0064445391108851405	-0.0039989732253291966	0.008138350764071737	166.17085	166.17085	235.0
238.0		0.006444539110885139	-0.0039989732253291966	0.008138350764071737	168.29218	168.29218	238.0
241.0		0.006444539110885139	-0.0039989732253291966	0.008138350764071737	170.41351	170.41351	241.0
244.0		0.006444539110885139	-0.0039989732253291966	0.008138350764071737	172.53484	172.53484	244.0
247.0		0.006444539110885139	-0.0039989732253291966	0.008138350764071737	174.65617	174.65617	247.0
250.0		0.006444539110885139	-0.0039989732253291966	0.008138350764071737	176.7775	176.7775	250.0
253.0		0.006444539110885139	-0.0039989732253291966	0.008138350764071737	178.89883	178.89883	253.0
256.0		0.006444539110885139	-0.0039989732253291966	0.008138350764071737	181.02016	181.02016	256.0
259.0		0.006444539110885139	-0.0039989732253291966	0.008138350764071737	183.14149	183.14149	259.0
262.0		0.006444539110885139	-0.0039989732253291966	0.008138350764071737	185.26282	185.26282	262.0
265.0		0.006444539110885139	-0.0039989732253291966	0.008138350764071737	187.38415	187.38415	265.0
268.0		0.006444539110885139	-0.0039989732253291966	0.008138350764071737	189.50548	189.50548	268.0
271.0		0.006444539110885139	-0.0039989732253291966	0.008138350764071737	191.62681	191.62681	271.0
274.0		0.006444539110885139	-0.0039989732253291966	0.008138350764071737	193.74814	193.74814	274.0
277.0		0.006444539110885139	-0.0039989732253291966	0.008138350764071737	195.86947	195.86947	277.0
280.0		0.006444539110885139	-0.0039989732253291966	0.008138350764071737	197.9908	197.9908	280.0
283.0		0.006444539110885139	-0.0039989732253291966	0.008138350764071737	200.11213	200.11213	283.0
286.0		0.006444539110885139	-0.0039989732253291966	0.008138350764071737	202.23346	202.23346	286.0
289.0		0.006444539110885139	-0.0039989732253291966	0.008138350764071737	204.35479	204.35479	289.0
292.0		0.006444539110885139	-0.0039989732253291966	0.008138350764071737	206.47612	206.47612	292.0
RTBT_Diag:WS20

Name	X Fit	X RMS	Y Fit	Y RMS	Z Fit	Z RMS
-------	-----	-----	-----	-----	-----	-----
Area	19.724286661315123	18.203801169921874	19.153047980662944	17.938193359375	17.10491328307975	16.93490240279948
Ampl	0.6473219098660451	0.65078125	0.8390742909649722	0.82490234375	1.6085612446154818	1.53974609375
Mean	91.88878704663372	91.66227301282917	99.05511082013084	99.13973545229904	120.98255747297866	120.99608759114994
Sigma	12.156010448626672	10.767719140860128	9.106417298587818	8.158992910643901	4.242221509478058	4.311572688807106
Offset	-0.003095782819053012	4.8828125E-4	0.0034825171596242713	0.0052734375	0.0018575679863102978	2.9296875000000004E-4
Slope	0.0	0.0	0.0	0.0	0.0	0.0

Position	X Raw	Y Raw	Z Raw
--------	-----	-----	-----
25.0		3.90625E-4	0.005078125	1.953125E-4	17.67775	17.67775	25.0
28.0		5.859375E-4	0.00546875	3.90625E-4	19.79908	19.79908	28.0
31.0		5.859375E-4	0.005078125	9.765625E-5	21.92041	21.92041	31.0
34.0		2.9296875E-4	0.0048828125	3.90625E-4	24.04174	24.04174	34.0
37.0		6.8359375E-4	0.0056640625	3.90625E-4	26.16307	26.16307	37.0
40.0		8.7890625E-4	0.00537109375	3.90625E-4	28.2844	28.2844	40.0
43.0		3.90625E-4	0.00458984375	-6.8359375E-4	30.405730000000002	30.405730000000002	43.0
46.0		6.8359375E-4	0.00537109375	9.765625E-5	32.52706	32.52706	46.0
49.0		9.765625E-5	0.0048828125	3.90625E-4	34.64839	34.64839	49.0
52.0		7.8125E-4	0.0056640625	1.953125E-4	36.76972	36.76972	52.0
55.0		0.0	0.0052734375	-3.90625E-4	38.89105	38.89105	55.0
58.0		0.0013671875	0.00576171875	1.953125E-4	41.01238	41.01238	58.0
61.0		9.765625E-4	0.00615234375	-1.953125E-4	43.13371	43.13371	61.0
64.0		0.00126953125	0.00615234375	-4.8828125E-4	45.25504	45.25504	64.0
67.0		0.00146484375	0.0064453125	0.0	47.37637	47.37637	67.0
70.0		0.0013671875	0.007421875	4.8828125E-4	49.4977	49.4977	70.0
73.0		0.00185546875	0.01083984375	1.953125E-4	51.61903	51.61903	73.0
76.0		0.00224609375	0.01826171875	3.90625E-4	53.74036	53.74036	76.0
79.0		0.0048828125	0.0376953125	7.8125E-4	55.86169	55.86169	79.0
82.0		0.00576171875	0.0845703125	1.953125E-4	57.98302	57.98302	82.0
85.0		0.00888671875	0.20146484375	3.90625E-4	60.104350000000004	60.104350000000004	85.0
88.0		0.01357421875	0.40361328125	7.8125E-4	62.225680000000004	62.225680000000004	88.0
91.0		0.02099609375	0.58271484375	0.00185546875	64.34701	64.34701	91.0
94.0		0.03095703125	0.7380859375	0.00185546875	66.46834	66.46834	94.0
97.0		0.04921875	0.81533203125	0.00185546875	68.58967	68.58967	97.0
100.0		0.0890625	0.83544921875	0.0015625	70.711	70.711	100.0
103.0		0.157421875	0.78505859375	0.00224609375	72.83233	72.83233	103.0
106.0		0.234765625	0.65107421875	0.0013671875	74.95366	74.95366	106.0
109.0		0.31943359375	0.46923828125	0.0017578125	77.07499	77.07499	109.0
112.0		0.38779296875	0.27236328125	0.0017578125	79.19632	79.19632	112.0
115.0		0.450390625	0.1234375	0.0013671875	81.31765	81.31765	115.0
118.0		0.50869140625	0.0595703125	0.00185546875	83.43898	83.43898	118.0
121.0		0.56142578125	0.02919921875	0.0013671875	85.56031	85.56031	121.0
124.0		0.6083984375	0.01591796875	0.00166015625	87.68164	87.68164	124.0
127.0		0.639453125	0.0095703125	0.00166015625	89.80297	89.80297	127.0
130.0		0.6517578125	0.0078125	0.00146484375	91.9243	91.9243	130.0
133.0		0.64072265625	0.00576171875	0.0015625	94.04563	94.04563	133.0
136.0		0.60712890625	0.00673828125	0.00205078125	96.16696	96.16696	136.0
139.0		0.5560546875	0.00625	0.00244140625	98.28829	98.28829	139.0
142.0		0.5021484375	0.00615234375	0.003125	100.40962	100.40962	142.0
145.0		0.44501953125	0.0064453125	0.00380859375	102.53095	102.53095	145.0
148.0		0.36865234375	0.0044921875	0.00693359375	104.65228	104.65228	148.0
151.0		0.288671875	0.00546875	0.0197265625	106.77361	106.77361	151.0
154.0		0.197265625	0.00478515625	0.041796875	108.89494	108.89494	154.0
157.0		0.1240234375	0.005078125	0.09296875	111.01627	111.01627	157.0
160.0		0.0744140625	0.005859375	0.2482421875	113.1376	113.1376	160.0
163.0		0.04912109375	0.006640625	0.61923828125	115.25893	115.25893	163.0
166.0		0.032421875	0.00703125	1.1904296875	117.38026	117.38026	166.0
169.0		0.02216796875	0.00673828125	1.51142578125	119.50159000000001	119.50159000000001	169.0
172.0		0.014453125	0.00654296875	1.54033203125	121.62292000000001	121.62292000000001	172.0
175.0		0.0103515625	0.00712890625	1.31787109375	123.74425000000001	123.74425000000001	175.0
178.0		0.00703125	0.00615234375	0.86640625	125.86558000000001	125.86558000000001	178.0
181.0		0.00400390625	0.0060546875	0.38935546875	127.98691000000001	127.98691000000001	181.0
184.0		0.0025390625	0.00498046875	0.14580078125	130.10824	130.10824	184.0
187.0		0.002734375	0.00537109375	0.0599609375	132.22957	132.22957	187.0
190.0		0.00244140625	0.0052734375	0.0267578125	134.3509	134.3509	190.0
193.0		7.8125E-4	0.00498046875	0.0103515625	136.47223	136.47223	193.0
196.0		0.00107421875	0.0044921875	0.00517578125	138.59356	138.59356	196.0
199.0		5.859375E-4	0.0046875	0.0017578125	140.71489	140.71489	199.0
202.0		9.765625E-4	0.0048828125	0.00107421875	142.83622	142.83622	202.0
205.0		0.0	0.0052734375	0.0013671875	144.95755	144.95755	205.0
208.0		6.8359375E-4	0.00498046875	-9.765625E-5	147.07888	147.07888	208.0
211.0		0.00107421875	0.005078125	0.00146484375	149.20021	149.20021	211.0
214.0		0.0013671875	0.005078125	0.001953125	151.32154	151.32154	214.0
217.0		9.765625E-4	0.0048828125	0.00166015625	153.44287	153.44287	217.0
220.0		0.0	0.00517578125	9.765625E-4	155.5642	155.5642	220.0
223.0		8.7890625E-4	0.00478515625	0.0017578125	157.68553	157.68553	223.0
226.0		9.765625E-4	0.00458984375	0.001171875	159.80686	159.80686	226.0
229.0		7.8125E-4	0.00439453125	0.00166015625	161.92819	161.92819	229.0
232.0		6.8359375E-4	0.00478515625	6.8359375E-4	164.04952	164.04952	232.0
235.0		9.765625E-4	0.0044921875	0.00126953125	166.17085	166.17085	235.0
238.0		9.765625E-5	0.004296875	0.00107421875	168.29218	168.29218	238.0
241.0		3.90625E-4	0.0048828125	0.001171875	170.41351	170.41351	241.0
244.0		8.7890625E-4	0.00478515625	0.00126953125	172.53484	172.53484	244.0
247.0		4.8828125E-4	0.00439453125	0.001171875	174.65617	174.65617	247.0
250.0		2.9296875E-4	0.0044921875	4.8828125E-4	176.7775	176.7775	250.0
253.0		0.00107421875	0.00556640625	0.0015625	178.89883	178.89883	253.0
256.0		9.765625E-5	0.004296875	4.8828125E-4	181.02016	181.02016	256.0
259.0		9.765625E-5	0.00419921875	3.90625E-4	183.14149	183.14149	259.0
262.0		7.8125E-4	0.0048828125	5.859375E-4	185.26282	185.26282	262.0
265.0		-2.9296875E-4	0.0044921875	4.8828125E-4	187.38415	187.38415	265.0
268.0		7.8125E-4	0.00517578125	0.00107421875	189.50548	189.50548	268.0
271.0		-1.953125E-4	0.00478515625	-2.9296875E-4	191.62681	191.62681	271.0
274.0		4.8828125E-4	0.00498046875	9.765625E-4	193.74814	193.74814	274.0
277.0		3.90625E-4	0.0048828125	6.8359375E-4	195.86947	195.86947	277.0
280.0		5.859375E-4	0.00478515625	3.90625E-4	197.9908	197.9908	280.0
283.0		5.859375E-4	0.00439453125	4.8828125E-4	200.11213	200.11213	283.0
286.0		9.765625E-5	0.0046875	3.90625E-4	202.23346	202.23346	286.0
289.0		2.9296875E-4	0.0044921875	5.859375E-4	204.35479	204.35479	289.0
292.0		1.953125E-4	0.00419921875	0.0	206.47612	206.47612	292.0

Position	X Fit	Y Fit	Z Fit
--------	-----	-----	-----
25.0		-0.0029690033238223648	0.003535974412937348	0.0018575679863102978	17.67775	17.67775	25.0
28.0		-0.0029689935829784026	0.003535974412984629	0.0018575679863102978	19.79908	19.79908	28.0
31.0		-0.0029689670333143342	0.003535974413564368	0.0018575679863102978	21.92041	21.92041	31.0
34.0		-0.00296889689702316	0.003535974419934792	0.0018575679863102978	24.04174	24.04174	34.0
37.0		-0.0029687173311754166	0.003535974482657981	0.0018575679863102978	26.16307	26.16307	37.0
40.0		-0.0029682718028030664	0.003535975035923415	0.0018575679863102978	28.2844	28.2844	40.0
43.0		-0.0029672006078549948	0.003535979407048217	0.0018575679863102978	30.405730000000002	30.405730000000002	43.0
46.0		-0.0029647050307126496	0.0035360103313450287	0.0018575679863102978	32.52706	32.52706	46.0
49.0		-0.0029590719345891046	0.003536206182692477	0.0018575679863102978	34.64839	34.64839	49.0
52.0		-0.0029467534474947885	0.0035373161809857693	0.0018575679863102978	36.76972	36.76972	52.0
55.0		-0.002920658440995179	0.003542943552381902	0.0018575679863102978	38.89105	38.89105	55.0
58.0		-0.0028671160545028287	0.0035684503649918093	0.0018575679863102978	41.01238	41.01238	58.0
61.0		-0.0027607207263500126	0.0036717512408032554	0.0018575679863102978	43.13371	43.13371	61.0
64.0		-0.002555996680774071	0.004045270634346277	0.0018575679863102978	45.25504	45.25504	64.0
67.0		-0.002174610514343983	0.005249917037249043	0.0018575679863102978	47.37637	47.37637	67.0
70.0		-0.0014868632748406207	0.008710888383096914	0.0018575679863102978	49.4977	49.4977	70.0
73.0		-2.866281200242238E-4	0.01755413460643491	0.0018575679863102978	51.61903	51.61903	73.0
76.0		0.0017399726521828795	0.03760501725297845	0.0018575679863102978	53.74036	53.74036	76.0
79.0		0.005049812633985115	0.07782247073052609	0.0018575679863102978	55.86169	55.86169	79.0
82.0		0.010276574770584593	0.14886114727867134	0.0018575679863102978	57.98302	57.98302	82.0
85.0		0.01825408246564166	0.2586021381653056	0.0018575679863102978	60.104350000000004	60.104350000000004	85.0
88.0		0.030016499082126575	0.4051842270379065	0.0018575679863102978	62.225680000000004	62.225680000000004	88.0
91.0		0.046760560472570295	0.5709759692856231	0.0018575679863102978	64.34701	64.34701	91.0
94.0		0.06975590384893135	0.7227779634403582	0.0018575679863102978	66.46834	66.46834	94.0
97.0		0.10019511811990459	0.8214565874327481	0.0018575679863102978	68.58967	68.58967	97.0
100.0		0.1389861546121931	0.8380397437668644	0.0018575679863102978	70.711	70.711	100.0
103.0		0.18650544722884968	0.7674183349911364	0.0018575679863102978	72.83233	72.83233	103.0
106.0		0.2423477013133431	0.6308798892984511	0.0018575679863102978	74.95366	74.95366	106.0
109.0		0.3051231056154592	0.4657742746599506	0.0018575679863102978	77.07499	77.07499	109.0
112.0		0.37235904047156987	0.3091034980969649	0.0018575679863102978	79.19632	79.19632	112.0
115.0		0.44055634240210845	0.1847657243979629	0.001857567986310298	81.31765	81.31765	115.0
118.0		0.5054278555170796	0.09997055975539397	0.0018575679863103137	83.43898	83.43898	118.0
121.0		0.5623118319273253	0.049574051199640985	0.0018575679863114638	85.56031	85.56031	121.0
124.0		0.6067119852460864	0.02325486866266912	0.0018575679863772402	87.68164	87.68164	124.0
127.0		0.6348802208634204	0.011113527233570305	0.0018575679893036517	89.80297	89.80297	127.0
130.0		0.6443381379314009	0.006148475117648721	0.0018575680905466721	91.9243	91.9243	130.0
133.0		0.6342368444849878	0.004344074008877646	0.0018575708130412504	94.04563	94.04563	133.0
136.0		0.6054826774252557	0.003760235742402443	0.0018576276834586173	96.16696	96.16696	136.0
139.0		0.560603019217086	0.0035918117791155987	0.0018585497944546318	98.28829	98.28829	139.0
142.0		0.5033797478229723	0.0035484475727342495	0.001870142859329012	100.40962	100.40962	142.0
145.0		0.43832400716954834	0.003538474234885986	0.0019829931046327675	102.53095	102.53095	145.0
148.0		0.37009327843309603	0.003536423905690759	0.002831815629471123	104.65228	104.65228	148.0
151.0		0.30295434435514224	0.0035360469261799463	0.007750862450419454	106.77361	106.77361	151.0
154.0		0.24037513605435018	0.0035359849081894423	0.029619574551758565	108.89494	108.89494	154.0
157.0		0.18479232396287087	0.0035359757757889173	0.10370439349045237	111.01627	111.01627	157.0
160.0		0.13756078387179488	0.0035359745717106084	0.29282747446507684	113.1376	113.1376	160.0
163.0		0.099056234661665	0.003535974429529759	0.6492275912165253	115.25893	115.25893	163.0
166.0		0.06888050971673802	0.003535974414489997	1.123517043385958	117.38026	117.38026	166.0
169.0		0.046112405962281514	0.0035359744130645954	1.5153261395332787	119.50159000000001	119.50159000000001	169.0
172.0		0.02955374200885322	0.0035359744129435356	1.5921965983497257	121.62292000000001	121.62292000000001	172.0
175.0		0.017935234868313707	0.0035359744129343207	1.3032550484551542	123.74425000000001	123.74425000000001	175.0
178.0		0.010064418556536555	0.003535974412933692	0.8312004829831116	125.86558000000001	125.86558000000001	178.0
181.0		0.0049134153869899305	0.0035359744129336533	0.4134451369362283	127.98691000000001	127.98691000000001	181.0
184.0		0.00165520559182345	0.003535974412933651	0.16092977010174409	130.10824	130.10824	184.0
187.0		-3.375709629006387E-4	0.003535974412933651	0.049734936296327886	132.22957	132.22957	187.0
190.0		-0.0015164782624700363	0.003535974412933651	0.01307956582692548	134.3509	134.3509	190.0
193.0		-0.0021912687830463254	0.003535974412933651	0.003905964483402114	136.47223	136.47223	193.0
196.0		-0.0025650652606463427	0.003535974412933651	0.0021487481604710625	138.59356	138.59356	196.0
199.0		-0.0027654996214294012	0.003535974412933651	0.0018898019351077057	140.71489	140.71489	199.0
202.0		-0.0028695542638072923	0.003535974412933651	0.0018603468622289422	142.83622	142.83622	202.0
205.0		-0.0029218630243532362	0.003535974412933651	0.0018577545506915333	144.95755	144.95755	205.0
208.0		-0.0029473297948845855	0.003535974412933651	0.0018575777405234607	147.07888	147.07888	208.0
211.0		-0.0029593390296788697	0.003535974412933651	0.0018575683834649787	149.20021	149.20021	211.0
214.0		-0.002964824933244397	0.003535974412933651	0.0018575679989033518	151.32154	151.32154	214.0
217.0		-0.0029672527529576507	0.003535974412933651	0.0018575679866212592	153.44287	153.44287	217.0
220.0		-0.002968293774268054	0.003535974412933651	0.0018575679863162776	155.5642	155.5642	220.0
223.0		-0.002968726301304874	0.003535974412933651	0.0018575679863103874	157.68553	157.68553	223.0
226.0		-0.0029689004456740524	0.003535974412933651	0.001857567986310299	159.80686	159.80686	226.0
229.0		-0.0029689683937579414	0.003535974412933651	0.0018575679863102978	161.92819	161.92819	229.0
232.0		-0.002968994088425669	0.003535974412933651	0.0018575679863102978	164.04952	164.04952	232.0
235.0		-0.0029690035058227617	0.003535974412933651	0.0018575679863102978	166.17085	166.17085	235.0
238.0		-0.0029690068513367057	0.003535974412933651	0.0018575679863102978	168.29218	168.29218	238.0
241.0		-0.002969008003354121	0.003535974412933651	0.0018575679863102978	170.41351	170.41351	241.0
244.0		-0.0029690083878909975	0.003535974412933651	0.0018575679863102978	172.53484	172.53484	244.0
247.0		-0.0029690085123186003	0.003535974412933651	0.0018575679863102978	174.65617	174.65617	247.0
250.0		-0.002969008551349717	0.003535974412933651	0.0018575679863102978	176.7775	176.7775	250.0
253.0		-0.0029690085632192945	0.003535974412933651	0.0018575679863102978	178.89883	178.89883	253.0
256.0		-0.002969008566718771	0.003535974412933651	0.0018575679863102978	181.02016	181.02016	256.0
259.0		-0.0029690085677190627	0.003535974412933651	0.0018575679863102978	183.14149	183.14149	259.0
262.0		-0.002969008567996279	0.003535974412933651	0.0018575679863102978	185.26282	185.26282	262.0
265.0		-0.002969008568070767	0.003535974412933651	0.0018575679863102978	187.38415	187.38415	265.0
268.0		-0.0029690085680901734	0.003535974412933651	0.0018575679863102978	189.50548	189.50548	268.0
271.0		-0.0029690085680950757	0.003535974412933651	0.0018575679863102978	191.62681	191.62681	271.0
274.0		-0.0029690085680962766	0.003535974412933651	0.0018575679863102978	193.74814	193.74814	274.0
277.0		-0.0029690085680965615	0.003535974412933651	0.0018575679863102978	195.86947	195.86947	277.0
280.0		-0.0029690085680966274	0.003535974412933651	0.0018575679863102978	197.9908	197.9908	280.0
283.0		-0.002969008568096642	0.003535974412933651	0.0018575679863102978	200.11213	200.11213	283.0
286.0		-0.0029690085680966452	0.003535974412933651	0.0018575679863102978	202.23346	202.23346	286.0
289.0		-0.002969008568096646	0.003535974412933651	0.0018575679863102978	204.35479	204.35479	289.0
292.0		-0.002969008568096646	0.003535974412933651	0.0018575679863102978	206.47612	206.47612	292.0

PVLoggerID = 49332586