start time: Mon Sep 27 00:00:17 EDT 2021

RTBT_Diag:WS24

Name	X Fit	X RMS	Y Fit	Y RMS	Z Fit	Z RMS
-------	-----	-----	-----	-----	-----	-----
Area	31.765157453104848	32.65416946751302	37.31531175513262	35.888989257812504	36.74157180314957	34.045369262076825
Ampl	1.249924001343802	1.274609375	1.5042945464428172	1.48896484375	1.784524571254333	1.7458984375000002
Mean	101.0356682544242	101.26745189964741	104.18513850728039	103.80368105588182	118.54337694968585	118.6269493623525
Sigma	10.138587896566479	10.760961734757913	9.896104190954656	9.396327682519626	8.213821584075248	7.213911750375087
Offset	0.009563060960522162	0.00439453125	-0.0012655561912684361	-0.0019042968750000002	-1.3089587210901428E-4	-0.0014160156250000002
Slope	0.0	0.0	0.0	0.0	0.0	0.0

Position	X Raw	Y Raw	Z Raw
--------	-----	-----	-----
25.0		0.00439453125	-0.00205078125	-0.00126953125	17.67775	17.67775	25.0
28.0		0.00439453125	-0.0017578125	-0.0015625	19.79908	19.79908	28.0
31.0		0.00537109375	-0.00126953125	-7.8125E-4	21.92041	21.92041	31.0
34.0		0.00625	2.9296875E-4	1.953125E-4	24.04174	24.04174	34.0
37.0		0.00615234375	8.7890625E-4	-1.953125E-4	26.16307	26.16307	37.0
40.0		0.00576171875	4.8828125E-4	-2.9296875E-4	28.2844	28.2844	40.0
43.0		0.00693359375	0.001171875	4.8828125E-4	30.405730000000002	30.405730000000002	43.0
46.0		0.00654296875	0.0013671875	9.765625E-5	32.52706	32.52706	46.0
49.0		0.0078125	0.00234375	8.7890625E-4	34.64839	34.64839	49.0
52.0		0.007421875	0.00244140625	9.765625E-4	36.76972	36.76972	52.0
55.0		0.0083984375	0.0037109375	0.0015625	38.89105	38.89105	55.0
58.0		0.008203125	0.0033203125	9.765625E-4	41.01238	41.01238	58.0
61.0		0.00849609375	0.003515625	0.001171875	43.13371	43.13371	61.0
64.0		0.00888671875	0.00498046875	0.00224609375	45.25504	45.25504	64.0
67.0		0.01025390625	0.00634765625	0.00283203125	47.37637	47.37637	67.0
70.0		0.01064453125	0.00830078125	0.00283203125	49.4977	49.4977	70.0
73.0		0.01015625	0.01005859375	0.00322265625	51.61903	51.61903	73.0
76.0		0.0109375	0.01669921875	0.003515625	53.74036	53.74036	76.0
79.0		0.01044921875	0.03466796875	0.003125	55.86169	55.86169	79.0
82.0		0.01103515625	0.07958984375	0.0037109375	57.98302	57.98302	82.0
85.0		0.0125	0.19541015625	0.004296875	60.104350000000004	60.104350000000004	85.0
88.0		0.013671875	0.3986328125	0.00439453125	62.225680000000004	62.225680000000004	88.0
91.0		0.0166015625	0.636328125	0.005859375	64.34701	64.34701	91.0
94.0		0.01845703125	0.9201171875	0.0060546875	66.46834	66.46834	94.0
97.0		0.023828125	1.17666015625	0.00810546875	68.58967	68.58967	97.0
100.0		0.029296875	1.37587890625	0.00771484375	70.711	70.711	100.0
103.0		0.0416015625	1.48515625	0.0087890625	72.83233	72.83233	103.0
106.0		0.0599609375	1.47509765625	0.008203125	74.95366	74.95366	106.0
109.0		0.09228515625	1.3380859375	0.00830078125	77.07499	77.07499	109.0
112.0		0.14521484375	1.09365234375	0.009375	79.19632	79.19632	112.0
115.0		0.2287109375	0.79658203125	0.00869140625	81.31765	81.31765	115.0
118.0		0.32958984375	0.5083984375	0.01015625	83.43898	83.43898	118.0
121.0		0.43291015625	0.27529296875	0.0091796875	85.56031	85.56031	121.0
124.0		0.54462890625	0.12138671875	0.00966796875	87.68164	87.68164	124.0
127.0		0.66943359375	0.05263671875	0.011328125	89.80297	89.80297	127.0
130.0		0.81142578125	0.026953125	0.0119140625	91.9243	91.9243	130.0
133.0		0.9591796875	0.016015625	0.013671875	94.04563	94.04563	133.0
136.0		1.112109375	0.01201171875	0.0162109375	96.16696	96.16696	136.0
139.0		1.23251953125	0.00869140625	0.0232421875	98.28829	98.28829	139.0
142.0		1.2833984375	0.00634765625	0.0388671875	100.40962	100.40962	142.0
145.0		1.26875	0.0056640625	0.0810546875	102.53095	102.53095	145.0
148.0		1.18427734375	0.005859375	0.2173828125	104.65228	104.65228	148.0
151.0		1.061328125	0.00400390625	0.52734375	106.77361	106.77361	151.0
154.0		0.92001953125	0.00224609375	0.89423828125	108.89494	108.89494	154.0
157.0		0.77744140625	0.003125	1.22705078125	111.01627	111.01627	157.0
160.0		0.6408203125	0.0025390625	1.47900390625	113.1376	113.1376	160.0
163.0		0.52646484375	0.00166015625	1.65849609375	115.25893	115.25893	163.0
166.0		0.4177734375	2.9296875E-4	1.75	117.38026	117.38026	166.0
169.0		0.30302734375	0.00146484375	1.74306640625	119.50159000000001	119.50159000000001	169.0
172.0		0.20869140625	5.859375E-4	1.66640625	121.62292000000001	121.62292000000001	172.0
175.0		0.1333984375	-4.8828125E-4	1.50908203125	123.74425000000001	123.74425000000001	175.0
178.0		0.08642578125	-0.00126953125	1.28515625	125.86558000000001	125.86558000000001	178.0
181.0		0.057421875	-0.00263671875	0.9787109375	127.98691000000001	127.98691000000001	181.0
184.0		0.04013671875	-0.00302734375	0.588671875	130.10824	130.10824	184.0
187.0		0.0302734375	-0.00302734375	0.251171875	132.22957	132.22957	187.0
190.0		0.02373046875	-0.0033203125	0.091796875	134.3509	134.3509	190.0
193.0		0.02109375	-0.00234375	0.04150390625	136.47223	136.47223	193.0
196.0		0.018359375	-0.003125	0.02373046875	138.59356	138.59356	196.0
199.0		0.01630859375	-0.00361328125	0.0173828125	140.71489	140.71489	199.0
202.0		0.01533203125	-0.00322265625	0.015625	142.83622	142.83622	202.0
205.0		0.01435546875	-0.00322265625	0.014453125	144.95755	144.95755	205.0
208.0		0.0134765625	-0.00419921875	0.01318359375	147.07888	147.07888	208.0
211.0		0.012890625	-0.00478515625	0.012890625	149.20021	149.20021	211.0
214.0		0.01259765625	-0.0037109375	0.0130859375	151.32154	151.32154	214.0
217.0		0.01142578125	-0.0046875	0.011328125	153.44287	153.44287	217.0
220.0		0.0123046875	-0.00390625	0.0123046875	155.5642	155.5642	220.0
223.0		0.011328125	-0.0046875	0.01171875	157.68553	157.68553	223.0
226.0		0.01025390625	-0.00517578125	0.01064453125	159.80686	159.80686	226.0
229.0		0.010546875	-0.00419921875	0.0111328125	161.92819	161.92819	229.0
232.0		0.009765625	-0.0048828125	0.01044921875	164.04952	164.04952	232.0
235.0		0.009765625	-0.00458984375	0.01025390625	166.17085	166.17085	235.0
238.0		0.00859375	-0.0060546875	0.00830078125	168.29218	168.29218	238.0
241.0		0.0087890625	-0.00498046875	0.00908203125	170.41351	170.41351	241.0
244.0		0.0076171875	-0.005859375	0.0076171875	172.53484	172.53484	244.0
247.0		0.00791015625	-0.005078125	0.00830078125	174.65617	174.65617	247.0
250.0		0.00810546875	-0.005078125	0.00810546875	176.7775	176.7775	250.0
253.0		0.00712890625	-0.00546875	0.007421875	178.89883	178.89883	253.0
256.0		0.00703125	-0.00595703125	0.00693359375	181.02016	181.02016	256.0
259.0		0.00673828125	-0.00595703125	0.00625	183.14149	183.14149	259.0
262.0		0.0060546875	-0.00615234375	0.00556640625	185.26282	185.26282	262.0
265.0		0.00654296875	-0.00498046875	0.0060546875	187.38415	187.38415	265.0
268.0		0.00654296875	-0.0060546875	0.00595703125	189.50548	189.50548	268.0
271.0		0.00595703125	-0.005078125	0.0056640625	191.62681	191.62681	271.0
274.0		0.00556640625	-0.00615234375	0.00537109375	193.74814	193.74814	274.0
277.0		0.0052734375	-0.00576171875	0.0041015625	195.86947	195.86947	277.0
280.0		0.005078125	-0.0056640625	0.004296875	197.9908	197.9908	280.0
283.0		0.005078125	-0.00556640625	0.00439453125	200.11213	200.11213	283.0
286.0		0.0048828125	-0.0056640625	0.0041015625	202.23346	202.23346	286.0
289.0		0.00546875	-0.00546875	0.0041015625	204.35479	204.35479	289.0
292.0		0.00400390625	-0.00654296875	0.003515625	206.47612	206.47612	292.0

Position	X Fit	Y Fit	Z Fit
--------	-----	-----	-----
25.0		0.009461280532519855	-0.0012484542201085147	-2.0520274829744411E-4	17.67775	17.67775	25.0
28.0		0.009461280532531431	-0.001248454219922366	-2.0520274829744411E-4	19.79908	19.79908	28.0
31.0		0.009461280532591406	-0.0012484542181076855	-2.0520274829744411E-4	21.92041	21.92041	31.0
34.0		0.009461280532888684	-0.001248454201987026	-2.0520274829744411E-4	24.04174	24.04174	34.0
37.0		0.009461280534298214	-0.0012484540715044564	-2.0520274829744411E-4	26.16307	26.16307	37.0
40.0		0.009461280540690984	-0.001248453109348457	-2.0520274829744411E-4	28.2844	28.2844	40.0
43.0		0.009461280568423394	-0.001248446647029065	-2.0520274829744411E-4	30.405730000000002	30.405730000000002	43.0
46.0		0.009461280683489908	-0.0012484071197953147	-2.0520274829744411E-4	32.52706	32.52706	46.0
49.0		0.009461281140104564	-0.0012481869940800605	-2.0520274829744411E-4	34.64839	34.64839	49.0
52.0		0.009461282872969946	-0.0012470711695686653	-2.0520274829744411E-4	36.76972	36.76972	52.0
55.0		0.009461289161742253	-0.0012419243916204695	-2.0520274829744411E-4	38.89105	38.89105	55.0
58.0		0.009461310985123605	-0.0012203306827551154	-2.0520274829744403E-4	41.01238	41.01238	58.0
61.0		0.009461383395210918	-0.0011379592355564275	-2.0520274829744314E-4	43.13371	43.13371	61.0
64.0		0.009461613094090559	-8.524319247969333E-4	-2.0520274829743392E-4	45.25504	45.25504	64.0
67.0		0.009462309654814339	4.6341210945098936E-5	-2.0520274829734605E-4	47.37637	47.37637	67.0
70.0		0.009464328726897323	0.0026133222365147908	-2.0520274829656008E-4	49.4977	49.4977	70.0
73.0		0.009469922230355187	0.009258517261367342	-2.0520274828998868E-4	51.61903	51.61903	73.0
76.0		0.009484730175999542	0.024829434457710957	-2.0520274823861663E-4	53.74036	53.74036	76.0
79.0		0.00952218570258999	0.0577949992120032	-2.0520274786314037E-4	55.86169	55.86169	79.0
82.0		0.009612689927763509	0.12069978279695064	-2.0520274529750617E-4	57.98302	57.98302	82.0
85.0		0.009821553965544738	0.2285164813433443	-2.0520272890929239E-4	60.104350000000004	60.104350000000004	85.0
88.0		0.010281806631769929	0.39365999695548554	-2.0520263106009804E-4	62.225680000000004	62.225680000000004	88.0
91.0		0.011249963246272903	0.6179267480703374	-2.052020850112167E-4	64.34701	64.34701	91.0
94.0		0.013193395113597774	0.8843464974424167	-2.0519923721188461E-4	66.46834	66.46834	94.0
97.0		0.016914731110746352	1.1542281603022109	-2.051853587901239E-4	68.58967	68.58967	97.0
100.0		0.023708841763641776	1.374033166344164	-2.0512216619859232E-4	70.711	70.711	100.0
103.0		0.035529083914531176	1.4919810708296257	-2.0485337049879862E-4	72.83233	72.83233	103.0
106.0		0.05511215380808657	1.477743966938947	-2.037854624011847E-4	74.95366	74.95366	106.0
109.0		0.08598119773745001	1.3350694255147948	-1.9982345704900738E-4	77.07499	77.07499	109.0
112.0		0.1322279973942644	1.1001844858582546	-1.860999018776331E-4	79.19632	79.19632	112.0
115.0		0.19798566892478117	0.8269049522519358	-1.4173157280165198E-4	81.31765	81.31765	115.0
118.0		0.2865604269223896	0.5667772322873346	-7.88759868852344E-6	83.43898	83.43898	118.0
121.0		0.3992987541576767	0.35416151743720053	3.6871512855253335E-4	85.56031	85.56031	121.0
124.0		0.5344049810703843	0.20161120541948882	0.0013566658965710626	87.68164	87.68164	124.0
127.0		0.6860466799342861	0.10437642541942985	0.0037716974475001633	89.80297	89.80297	127.0
130.0		0.844128318921901	0.04892121207468694	0.009269166569957465	91.9243	91.9243	130.0
133.0		0.995024876554835	0.020489599025946097	0.020913214182687823	94.04563	94.04563	133.0
136.0		1.1233371413644626	0.0073437488902891425	0.043837893413398624	96.16696	96.16696	136.0
139.0		1.214413094183585	0.0018496275190144202	0.08573566917826243	98.28829	98.28829	139.0
142.0		1.2570841175533922	-2.2942729387544583E-4	0.15669629944891353	100.40962	100.40962	142.0
145.0		1.2459145298703178	-9.426926511749261E-4	0.26781027788445266	102.53095	102.53095	145.0
148.0		1.1823392619884858	-0.0011647620966114872	0.4281441251959873	104.65228	104.65228	148.0
151.0		1.0743610057923374	-0.0012275568936800062	0.6403281257685783	106.77361	106.77361	151.0
154.0		0.9348950546794111	-0.0012436942818907064	0.8959656327393787	108.89494	108.89494	154.0
157.0		0.7792343692074559	-0.001247465174428806	1.1729225598886894	111.01627	111.01627	157.0
160.0		0.6223206802204726	-0.0012482667483702484	1.4366243470667452	113.1376	113.1376	160.0
163.0		0.47648584855138254	-0.0012484218040999843	1.6463284882721971	115.25893	115.25893	163.0
166.0		0.3501041888013896	-0.0012484491069816187	1.7651878943621213	117.38026	117.38026	166.0
169.0		0.2472765439774285	-0.0012484534843931801	1.770791117051265	119.50159000000001	119.50159000000001	169.0
172.0		0.16837480022096085	-0.0012484541235539457	1.662056217494726	121.62292000000001	121.62292000000001	172.0
175.0		0.1111008266412466	-0.0012484542085637374	1.4595714859775786	123.74425000000001	123.74425000000001	175.0
178.0		0.07168347670834817	-0.0012484542188643992	1.199235976247062	125.86558000000001	125.86558000000001	178.0
181.0		0.04592061218099841	-0.0012484542200016614	0.9218924525940557	127.98691000000001	127.98691000000001	181.0
184.0		0.029909373881532836	-0.0012484542201160833	0.6630494612756481	130.10824	130.10824	184.0
187.0		0.020438129371829716	-0.0012484542201265754	0.4461587755037016	132.22957	132.22957	187.0
190.0		0.015101334982281191	-0.0012484542201274523	0.2808576167813113	134.3509	134.3509	190.0
193.0		0.012235045497858893	-0.001248454220127519	0.1653805969160333	136.47223	136.47223	193.0
196.0		0.01076696058322297	-0.0012484542201275238	0.09106903461341868	138.59356	138.59356	196.0
199.0		0.010049561268998898	-0.001248454220127524	0.046868544171109916	140.71489	140.71489	199.0
202.0		0.009714976307637298	-0.001248454220127524	0.02250990260468528	142.83622	142.83622	202.0
205.0		0.009565998834333537	-0.001248454220127524	0.010050281567525226	144.95755	144.95755	205.0
208.0		0.009502653121176654	-0.001248454220127524	0.004126942669053707	147.07888	147.07888	208.0
211.0		0.009476925820023954	-0.001248454220127524	0.0015070004725011806	149.20021	149.20021	211.0
214.0		0.009466943383717664	-0.001248454220127524	4.2795660260903034E-4	151.32154	151.32154	214.0
217.0		0.009463242390203344	-0.001248454220127524	1.3863854185718223E-5	153.44287	153.44287	217.0
220.0		0.009461931082394277	-0.001248454220127524	-1.3428666320323382E-4	155.5642	155.5642	220.0
223.0		0.009461487010831817	-0.001248454220127524	-1.8372351554117754E-4	157.68553	157.68553	223.0
226.0		0.009461343258726504	-0.001248454220127524	-1.9911581969045007E-4	159.80686	159.80686	226.0
229.0		0.009461298771658527	-0.001248454220127524	-2.035888242826422E-4	161.92819	161.92819	229.0
232.0		0.009461285608737782	-0.001248454220127524	-2.048023673603045E-4	164.04952	164.04952	232.0
235.0		0.009461281884768297	-0.001248454220127524	-2.0510981547403447E-4	166.17085	166.17085	235.0
238.0		0.009461280877307464	-0.001248454220127524	-2.051825660138804E-4	168.29218	168.29218	238.0
241.0		0.009461280616663221	-0.001248454220127524	-2.0519864741889133E-4	170.41351	170.41351	241.0
244.0		0.009461280552173138	-0.001248454220127524	-2.0520196866672297E-4	172.53484	172.53484	244.0
247.0		0.009461280536911995	-0.001248454220127524	-2.052026096198137E-4	174.65617	174.65617	247.0
250.0		0.009461280533457753	-0.001248454220127524	-2.0520272521778912E-4	176.7775	176.7775	250.0
253.0		0.009461280532709908	-0.001248454220127524	-2.0520274470361315E-4	178.89883	178.89883	253.0
256.0		0.009461280532555034	-0.001248454220127524	-2.0520274777385405E-4	181.02016	181.02016	256.0
259.0		0.009461280532524353	-0.001248454220127524	-2.0520274822607165E-4	183.14149	183.14149	259.0
262.0		0.009461280532518539	-0.001248454220127524	-2.0520274828834132E-4	185.26282	185.26282	262.0
265.0		0.009461280532517484	-0.001248454220127524	-2.0520274829635788E-4	187.38415	187.38415	265.0
268.0		0.009461280532517302	-0.001248454220127524	-2.0520274829732285E-4	189.50548	189.50548	268.0
271.0		0.00946128053251727	-0.001248454220127524	-2.0520274829743146E-4	191.62681	191.62681	271.0
274.0		0.009461280532517265	-0.001248454220127524	-2.0520274829744287E-4	193.74814	193.74814	274.0
277.0		0.009461280532517265	-0.001248454220127524	-2.05202748297444E-4	195.86947	195.86947	277.0
280.0		0.009461280532517265	-0.001248454220127524	-2.0520274829744411E-4	197.9908	197.9908	280.0
283.0		0.009461280532517265	-0.001248454220127524	-2.0520274829744411E-4	200.11213	200.11213	283.0
286.0		0.009461280532517265	-0.001248454220127524	-2.0520274829744411E-4	202.23346	202.23346	286.0
289.0		0.009461280532517265	-0.001248454220127524	-2.0520274829744411E-4	204.35479	204.35479	289.0
292.0		0.009461280532517265	-0.001248454220127524	-2.0520274829744411E-4	206.47612	206.47612	292.0
RTBT_Diag:WS23

Name	X Fit	X RMS	Y Fit	Y RMS	Z Fit	Z RMS
-------	-----	-----	-----	-----	-----	-----
Area	36.97876759469589	35.434213174202476	38.9260239658446	35.62636393229167	39.19510083142679	35.44773389080404
Ampl	2.1228981917335905	2.1620117187500005	1.3958860319971027	1.3781249999999998	1.1521039639858885	1.1365234375000002
Mean	97.79793128968558	97.90061072912118	101.60662016289912	102.0358458498345	119.8995284387693	119.69621693517766
Sigma	6.949176332669799	6.528141695717902	11.12500333976198	9.409476973681773	13.572197818117237	11.436578809225814
Offset	-0.007130833642046699	-0.008349609375	-0.005851962240125771	-2.9296875E-4	-0.011071104011916895	-0.002099609375
Slope	0.0	0.0	0.0	0.0	0.0	0.0

Position	X Raw	Y Raw	Z Raw
--------	-----	-----	-----
25.0		-0.008203125	-9.765625E-5	-0.00185546875	17.67775	17.67775	25.0
28.0		-0.00849609375	-4.8828125E-4	-0.00234375	19.79908	19.79908	28.0
31.0		-0.00810546875	-5.859375E-4	-0.00205078125	21.92041	21.92041	31.0
34.0		-0.00703125	6.8359375E-4	-8.7890625E-4	24.04174	24.04174	34.0
37.0		-0.007421875	3.90625E-4	-0.0017578125	26.16307	26.16307	37.0
40.0		-0.008203125	2.9296875E-4	-0.00234375	28.2844	28.2844	40.0
43.0		-0.00791015625	9.765625E-5	-0.00126953125	30.405730000000002	30.405730000000002	43.0
46.0		-0.0078125	2.9296875E-4	-0.00205078125	32.52706	32.52706	46.0
49.0		-0.00732421875	8.7890625E-4	-0.00126953125	34.64839	34.64839	49.0
52.0		-0.0076171875	5.859375E-4	-0.00244140625	36.76972	36.76972	52.0
55.0		-0.0060546875	0.00244140625	-1.953125E-4	38.89105	38.89105	55.0
58.0		-0.00673828125	0.00146484375	-0.0015625	41.01238	41.01238	58.0
61.0		-0.0080078125	0.00126953125	-0.0015625	43.13371	43.13371	61.0
64.0		-0.00693359375	0.0015625	-0.0015625	45.25504	45.25504	64.0
67.0		-0.0064453125	0.0021484375	-5.859375E-4	47.37637	47.37637	67.0
70.0		-0.00546875	0.00419921875	-4.8828125E-4	49.4977	49.4977	70.0
73.0		-0.00556640625	0.00576171875	0.0	51.61903	51.61903	73.0
76.0		-0.005078125	0.01201171875	-4.8828125E-4	53.74036	53.74036	76.0
79.0		-0.0056640625	0.03359375	-9.765625E-5	55.86169	55.86169	79.0
82.0		-0.0052734375	0.116015625	9.765625E-5	57.98302	57.98302	82.0
85.0		-0.00478515625	0.31826171875	5.859375E-4	60.104350000000004	60.104350000000004	85.0
88.0		-0.00419921875	0.61669921875	9.765625E-4	62.225680000000004	62.225680000000004	88.0
91.0		-0.00205078125	0.89697265625	0.0021484375	64.34701	64.34701	91.0
94.0		-0.00302734375	1.1244140625	0.00224609375	66.46834	66.46834	94.0
97.0		-0.00126953125	1.29013671875	0.00234375	68.58967	68.58967	97.0
100.0		-0.0017578125	1.37392578125	0.00263671875	70.711	70.711	100.0
103.0		1.953125E-4	1.3775390625	0.0033203125	72.83233	72.83233	103.0
106.0		0.0029296875	1.2958984375	0.003515625	74.95366	74.95366	106.0
109.0		0.00791015625	1.1423828125	0.00322265625	77.07499	77.07499	109.0
112.0		0.02158203125	0.95439453125	0.00380859375	79.19632	79.19632	112.0
115.0		0.06005859375	0.70869140625	0.0037109375	81.31765	81.31765	115.0
118.0		0.14140625	0.4259765625	0.00439453125	83.43898	83.43898	118.0
121.0		0.3154296875	0.18828125	0.0048828125	85.56031	85.56031	121.0
124.0		0.6587890625	0.06044921875	0.00888671875	87.68164	87.68164	124.0
127.0		1.093359375	0.0224609375	0.01630859375	89.80297	89.80297	127.0
130.0		1.500390625	0.0130859375	0.03017578125	91.9243	91.9243	130.0
133.0		1.8279296875	0.00830078125	0.06005859375	94.04563	94.04563	133.0
136.0		2.062109375	0.0068359375	0.12177734375	96.16696	96.16696	136.0
139.0		2.1453125	0.0064453125	0.21708984375	98.28829	98.28829	139.0
142.0		1.9578125	0.00419921875	0.34296875	100.40962	100.40962	142.0
145.0		1.688671875	0.0037109375	0.484375	102.53095	102.53095	145.0
148.0		1.33466796875	0.00322265625	0.62275390625	104.65228	104.65228	148.0
151.0		0.9220703125	0.00234375	0.744140625	106.77361	106.77361	151.0
154.0		0.5068359375	0.00166015625	0.84765625	108.89494	108.89494	154.0
157.0		0.2369140625	0.0025390625	0.9404296875	111.01627	111.01627	157.0
160.0		0.10927734375	0.00146484375	1.018359375	113.1376	113.1376	160.0
163.0		0.0560546875	0.00185546875	1.08251953125	115.25893	115.25893	163.0
166.0		0.03115234375	0.0015625	1.12021484375	117.38026	117.38026	166.0
169.0		0.0185546875	0.0013671875	1.13232421875	119.50159000000001	119.50159000000001	169.0
172.0		0.01298828125	7.8125E-4	1.1265625	121.62292000000001	121.62292000000001	172.0
175.0		0.00791015625	9.765625E-4	1.0982421875	123.74425000000001	123.74425000000001	175.0
178.0		0.00517578125	9.765625E-5	1.04306640625	125.86558000000001	125.86558000000001	178.0
181.0		0.0017578125	1.953125E-4	0.97421875	127.98691000000001	127.98691000000001	181.0
184.0		-3.90625E-4	-1.953125E-4	0.89384765625	130.10824	130.10824	184.0
187.0		-7.8125E-4	2.9296875E-4	0.79404296875	132.22957	132.22957	187.0
190.0		-0.00263671875	-3.90625E-4	0.6693359375	134.3509	134.3509	190.0
193.0		-0.0017578125	-2.9296875E-4	0.5224609375	136.47223	136.47223	193.0
196.0		-0.00224609375	-8.7890625E-4	0.37158203125	138.59356	138.59356	196.0
199.0		-0.00439453125	-8.7890625E-4	0.23115234375	140.71489	140.71489	199.0
202.0		-0.00478515625	-0.00126953125	0.1255859375	142.83622	142.83622	202.0
205.0		-0.0046875	-0.00146484375	0.059375	144.95755	144.95755	205.0
208.0		-0.00458984375	-0.00205078125	0.02822265625	147.07888	147.07888	208.0
211.0		-0.00673828125	-0.0021484375	0.0126953125	149.20021	149.20021	211.0
214.0		-0.005078125	-0.001171875	0.009375	151.32154	151.32154	214.0
217.0		-0.00634765625	-0.0021484375	0.00537109375	153.44287	153.44287	217.0
220.0		-0.00498046875	-0.00185546875	0.0048828125	155.5642	155.5642	220.0
223.0		-0.00498046875	-0.001953125	0.00498046875	157.68553	157.68553	223.0
226.0		-0.00732421875	-0.0021484375	0.001953125	159.80686	159.80686	226.0
229.0		-0.005859375	-0.00205078125	0.00390625	161.92819	161.92819	229.0
232.0		-0.0068359375	-0.00185546875	0.00302734375	164.04952	164.04952	232.0
235.0		-0.00654296875	-0.00205078125	0.0029296875	166.17085	166.17085	235.0
238.0		-0.00771484375	-0.00244140625	6.8359375E-4	168.29218	168.29218	238.0
241.0		-0.00703125	-0.00234375	0.00185546875	170.41351	170.41351	241.0
244.0		-0.00771484375	-0.002734375	7.8125E-4	172.53484	172.53484	244.0
247.0		-0.00751953125	-0.0025390625	0.0015625	174.65617	174.65617	247.0
250.0		-0.00830078125	-0.00234375	2.9296875E-4	176.7775	176.7775	250.0
253.0		-0.007421875	-0.001953125	9.765625E-4	178.89883	178.89883	253.0
256.0		-0.0072265625	-0.001953125	0.00166015625	181.02016	181.02016	256.0
259.0		-0.0083984375	-0.00224609375	3.90625E-4	183.14149	183.14149	259.0
262.0		-0.0076171875	-0.00224609375	0.001171875	185.26282	185.26282	262.0
265.0		-0.00830078125	-0.0025390625	7.8125E-4	187.38415	187.38415	265.0
268.0		-0.00810546875	-0.00224609375	3.90625E-4	189.50548	189.50548	268.0
271.0		-0.00791015625	-0.00263671875	9.765625E-5	191.62681	191.62681	271.0
274.0		-0.00791015625	-0.00244140625	2.9296875E-4	193.74814	193.74814	274.0
277.0		-0.00771484375	-0.00263671875	2.9296875E-4	195.86947	195.86947	277.0
280.0		-0.00869140625	-0.00263671875	-4.8828125E-4	197.9908	197.9908	280.0
283.0		-0.008203125	-0.00234375	9.765625E-5	200.11213	200.11213	283.0
286.0		-0.0083984375	-0.001953125	9.765625E-5	202.23346	202.23346	286.0
289.0		-0.00791015625	-0.002734375	3.90625E-4	204.35479	204.35479	289.0
292.0		-0.00849609375	-0.00244140625	-2.9296875E-4	206.47612	206.47612	292.0

Position	X Fit	Y Fit	Z Fit
--------	-----	-----	-----
25.0		-0.00717429882853355	-0.0056539289802770305	-0.01079229390883479	17.67775	17.67775	25.0
28.0		-0.00717429882853355	-0.005653928607913705	-0.010792293907590438	19.79908	19.79908	28.0
31.0		-0.00717429882853355	-0.0056539265043363705	-0.01079229390374425	21.92041	21.92041	31.0
34.0		-0.00717429882853355	-0.005653915468386177	-0.010792293892147477	24.04174	24.04174	34.0
37.0		-0.00717429882853355	-0.005653861708822984	-0.010792293858039677	26.16307	26.16307	37.0
40.0		-0.00717429882853355	-0.005653618587972934	-0.01079229376018737	28.2844	28.2844	40.0
43.0		-0.00717429882853355	-0.005652598062856142	-0.010792293486358543	30.405730000000002	30.405730000000002	43.0
46.0		-0.00717429882853355	-0.005648622841780272	-0.010792292738934181	32.52706	32.52706	46.0
49.0		-0.007174298828533547	-0.005634257376976979	-0.010792290749068324	34.64839	34.64839	49.0
52.0		-0.007174298828533509	-0.0055861110120314535	-0.01079228558209257	36.76972	36.76972	52.0
55.0		-0.007174298828532982	-0.005436510728770349	-0.01079227249654888	38.89105	38.89105	55.0
58.0		-0.00717429882852637	-0.005005751377045761	-0.0107922401762443	41.01238	41.01238	58.0
61.0		-0.007174298828450925	-0.003856966550422029	-0.010792162323867595	43.13371	43.13371	61.0
64.0		-0.007174298827667193	-0.0010212631617907038	-0.01079197944471503	45.25504	45.25504	64.0
67.0		-0.007174298820256162	0.005452385382019636	-0.01079156052180225	47.37637	47.37637	67.0
70.0		-0.007174298756472607	0.019106374760952026	-0.010790624767786269	49.4977	49.4977	70.0
73.0		-0.0071742982569016	0.04567816642074755	-0.010788586668989965	51.61903	51.61903	73.0
76.0		-0.007174294696698956	0.0933082015922113	-0.01078425853238755	53.74036	53.74036	76.0
79.0		-0.007174271615357064	0.1717634259429073	-0.01077529740119232	55.86169	55.86169	79.0
82.0		-0.007174135513777323	0.290127009871754	-0.010757209747975107	57.98302	57.98302	82.0
85.0		-0.0071734057667733235	0.45290091515480085	-0.010721619785264772	60.104350000000004	60.104350000000004	85.0
88.0		-0.007169848957353314	0.6554342747079084	-0.010653360174262104	62.225680000000004	62.225680000000004	88.0
91.0		-0.007154095484388876	0.8806334186379038	-0.01052575971709119	64.34701	64.34701	91.0
94.0		-0.007090717559140728	1.099281020790644	-0.010293299027335548	66.46834	66.46834	94.0
97.0		-0.006859230650306964	1.2753365200746172	-0.009880624894802107	68.58967	68.58967	97.0
100.0		-0.006092092675248787	1.375372825505226	-0.009166834084974549	70.711	70.711	100.0
103.0		-0.003787219766662951	1.3788854495890448	-0.007964073660987697	72.83233	72.83233	103.0
106.0		0.0024851099936086425	1.2851359516131433	-0.005990006405315992	74.95366	74.95366	106.0
109.0		0.017926389937581666	1.1134046250521852	-0.0028347136283001628	77.07499	77.07499	109.0
112.0		0.0522591056218817	0.8965341623327999	0.002075729514201244	79.19632	79.19632	112.0
115.0		0.12105446501148479	0.6707223819893193	0.009514464357499645	81.31765	81.31765	115.0
118.0		0.24491254512944638	0.46589493919999136	0.02048054425171301	83.43898	83.43898	118.0
121.0		0.44439539208114237	0.30005776002550594	0.03620706542087447	85.56031	85.56031	121.0
124.0		0.7298966027603317	0.17865416237398368	0.05813869683417962	87.68164	87.68164	124.0
127.0		1.0890606054469918	0.097675440301789	0.08786632816617984	89.80297	89.80297	127.0
130.0		1.4784461331688379	0.04821646784714031	0.12700906890823715	91.9243	91.9243	130.0
133.0		1.8273437103188408	0.020463089130281817	0.17703985275033882	94.04563	94.04563	133.0
136.0		2.056998132354724	0.006120613054875819	0.23906053634610477	96.16696	96.16696	136.0
139.0		2.1091384360096543	-7.175161082270502E-4	0.3135447596063674	98.28829	98.28829	139.0
142.0		1.9699027532704572	-0.0037293934156580333	0.40007994895057075	100.40962	100.40962	142.0
145.0		1.6757989906683475	-0.00495619896350036	0.4971507073865549	102.53095	102.53095	145.0
148.0		1.2982170477616262	-0.0054186972880283886	0.6020110139611083	104.65228	104.65228	148.0
151.0		0.9154271103407909	-0.005580180839649632	0.7106891458324138	106.77361	106.77361	151.0
154.0		0.5869774446234733	-0.005632428280411659	0.8181554764870934	108.89494	108.89494	154.0
157.0		0.34147638080551873	-0.005648099923915454	0.9186600232413159	111.01627	111.01627	157.0
160.0		0.17924614365478836	-0.005652459448733401	1.0062171910978468	113.1376	113.1376	160.0
163.0		0.08365091539523953	-0.005653584509054557	1.0751852236806005	115.25893	115.25893	163.0
166.0		0.033146507210046194	-0.0056538539360241795	1.120864167892541	117.38026	117.38026	166.0
169.0		0.009135997741101978	-0.005653913823346175	1.1400248499654166	119.50159000000001	119.50159000000001	169.0
172.0		-0.0011625007059178445	-0.005653926181215702	1.1312862710818121	121.62292000000001	121.62292000000001	172.0
175.0		-0.005155203624933661	-0.005653928549000338	1.0952801695243282	123.74425000000001	123.74425000000001	175.0
178.0		-0.0065563975642514575	-0.005653928970304927	1.0345755149922278	125.86558000000001	125.86558000000001	178.0
181.0		-0.007001996459553662	-0.005653929039929589	0.9533754683579901	127.98691000000001	127.98691000000001	181.0
184.0		-0.0071305190771044375	-0.005653929050617522	0.8570364542317584	130.10824	130.10824	184.0
187.0		-0.0071641628609646	-0.00565392905214169	0.7514857329920813	132.22957	132.22957	187.0
190.0		-0.007172160536532918	-0.005653929052343629	0.6426251310566579	134.3509	134.3509	190.0
193.0		-0.0071738877936430995	-0.005653929052368488	0.5358030962404278	136.47223	136.47223	193.0
196.0		-0.007174226833880467	-0.005653929052371332	0.4354175628927432	138.59356	138.59356	196.0
199.0		-0.007174287338225384	-0.005653929052371634	0.34468371608447723	140.71489	140.71489	199.0
202.0		-0.007174297157546871	-0.0056539290523716645	0.26557037376274223	142.83622	142.83622	202.0
205.0		-0.007174298607109813	-0.005653929052371667	0.19888258347848115	144.95755	144.95755	205.0
208.0		-0.007174298801798239	-0.005653929052371667	0.14445046829074837	147.07888	147.07888	208.0
211.0		-0.007174298825592135	-0.005653929052371667	0.10137707264871426	149.20021	149.20021	211.0
214.0		-0.0071742988282386755	-0.005653929052371667	0.0683001718940736	151.32154	151.32154	214.0
217.0		-0.007174298828506614	-0.005653929052371667	0.043632138144742885	153.44287	153.44287	217.0
220.0		-0.007174298828531308	-0.005653929052371667	0.02575461393205365	155.5642	155.5642	220.0
223.0		-0.00717429882853338	-0.005653929052371667	0.013157694782325827	157.68553	157.68553	223.0
226.0		-0.007174298828533538	-0.005653929052371667	0.004524149459117326	159.80686	159.80686	226.0
229.0		-0.007174298828533549	-0.005653929052371667	-0.001233381360053758	161.92819	161.92819	229.0
232.0		-0.00717429882853355	-0.005653929052371667	-0.004970497826198366	164.04952	164.04952	232.0
235.0		-0.00717429882853355	-0.005653929052371667	-0.007332076133258779	166.17085	166.17085	235.0
238.0		-0.00717429882853355	-0.005653929052371667	-0.00878529184874283	168.29218	168.29218	238.0
241.0		-0.00717429882853355	-0.005653929052371667	-0.009656263004858324	170.41351	170.41351	241.0
244.0		-0.00717429882853355	-0.005653929052371667	-0.010164769800139813	172.53484	172.53484	244.0
247.0		-0.00717429882853355	-0.005653929052371667	-0.010454019902323463	174.65617	174.65617	247.0
250.0		-0.00717429882853355	-0.005653929052371667	-0.010614341127285012	176.7775	176.7775	250.0
253.0		-0.00717429882853355	-0.005653929052371667	-0.010700937530192063	178.89883	178.89883	253.0
256.0		-0.00717429882853355	-0.005653929052371667	-0.01074652496278783	181.02016	181.02016	256.0
259.0		-0.00717429882853355	-0.005653929052371667	-0.010769916959070952	183.14149	183.14149	259.0
262.0		-0.00717429882853355	-0.005653929052371667	-0.01078161741145554	185.26282	185.26282	262.0
265.0		-0.00717429882853355	-0.005653929052371667	-0.010787322784374881	187.38415	187.38415	265.0
268.0		-0.00717429882853355	-0.005653929052371667	-0.01079003510568563	189.50548	189.50548	268.0
271.0		-0.00717429882853355	-0.005653929052371667	-0.010791292295730863	191.62681	191.62681	271.0
274.0		-0.00717429882853355	-0.005653929052371667	-0.010791860478435136	193.74814	193.74814	274.0
277.0		-0.00717429882853355	-0.005653929052371667	-0.01079211087295632	195.86947	195.86947	277.0
280.0		-0.00717429882853355	-0.005653929052371667	-0.010792218477830098	197.9908	197.9908	280.0
283.0		-0.00717429882853355	-0.005653929052371667	-0.010792263572816554	200.11213	200.11213	283.0
286.0		-0.00717429882853355	-0.005653929052371667	-0.010792282003063897	202.23346	202.23346	286.0
289.0		-0.00717429882853355	-0.005653929052371667	-0.010792289349161408	204.35479	204.35479	289.0
292.0		-0.00717429882853355	-0.005653929052371667	-0.010792292204907957	206.47612	206.47612	292.0
RTBT_Diag:WS21

Name	X Fit	X RMS	Y Fit	Y RMS	Z Fit	Z RMS
-------	-----	-----	-----	-----	-----	-----
Area	39.15441340258353	36.87754967141927	37.73734343590824	36.367306315104166	34.53812583594682	36.43894581923828
Ampl	1.517493436039912	1.5189453124999999	1.5832216256604987	1.5673828125	1.8569713910223635	1.9
Mean	96.9059047419192	96.6929676802082	92.55582124898778	92.59955707269664	107.39395319066253	107.25916896409235
Sigma	10.293521276355794	9.391622718585227	9.509105738959647	9.039558964413692	7.4199951320727315	8.4126063615715
Offset	0.006813873642374383	0.0074707031249999995	-0.0032225841635628045	-0.002880859375	0.012498902082473017	0.005078124999999999
Slope	0.0	0.0	0.0	0.0	0.0	0.0

Position	X Raw	Y Raw	Z Raw
--------	-----	-----	-----
25.0		0.0080078125	-0.00263671875	0.00546875	17.67775	17.67775	25.0
28.0		0.00693359375	-0.003125	0.0046875	19.79908	19.79908	28.0
31.0		0.00771484375	-0.00234375	0.0056640625	21.92041	21.92041	31.0
34.0		0.00888671875	-0.00166015625	0.005859375	24.04174	24.04174	34.0
37.0		0.00810546875	-0.00166015625	0.00634765625	26.16307	26.16307	37.0
40.0		0.00869140625	-8.7890625E-4	0.0064453125	28.2844	28.2844	40.0
43.0		0.00888671875	-0.00146484375	0.00634765625	30.405730000000002	30.405730000000002	43.0
46.0		0.00830078125	-0.0017578125	0.00595703125	32.52706	32.52706	46.0
49.0		0.008984375	-8.7890625E-4	0.00654296875	34.64839	34.64839	49.0
52.0		0.00810546875	-0.00126953125	0.005859375	36.76972	36.76972	52.0
55.0		0.00888671875	-5.859375E-4	0.00634765625	38.89105	38.89105	55.0
58.0		0.00947265625	6.8359375E-4	0.00654296875	41.01238	41.01238	58.0
61.0		0.0080078125	0.001171875	0.00576171875	43.13371	43.13371	61.0
64.0		0.0078125	0.005859375	0.00595703125	45.25504	45.25504	64.0
67.0		0.008203125	0.0203125	0.00615234375	47.37637	47.37637	67.0
70.0		0.00966796875	0.06171875	0.00634765625	49.4977	49.4977	70.0
73.0		0.01015625	0.14072265625	0.00732421875	51.61903	51.61903	73.0
76.0		0.00908203125	0.28642578125	0.00693359375	53.74036	53.74036	76.0
79.0		0.008984375	0.53408203125	0.00712890625	55.86169	55.86169	79.0
82.0		0.0103515625	0.86298828125	0.007421875	57.98302	57.98302	82.0
85.0		0.01142578125	1.1794921875	0.00810546875	60.104350000000004	60.104350000000004	85.0
88.0		0.01259765625	1.4115234375	0.00869140625	62.225680000000004	62.225680000000004	88.0
91.0		0.0125	1.56103515625	0.00908203125	64.34701	64.34701	91.0
94.0		0.01328125	1.56162109375	0.0091796875	66.46834	66.46834	94.0
97.0		0.01826171875	1.40986328125	0.01005859375	68.58967	68.58967	97.0
100.0		0.02431640625	1.16318359375	0.00986328125	70.711	70.711	100.0
103.0		0.04013671875	0.86572265625	0.011328125	72.83233	72.83233	103.0
106.0		0.07939453125	0.55947265625	0.01318359375	74.95366	74.95366	106.0
109.0		0.16455078125	0.298828125	0.01640625	77.07499	77.07499	109.0
112.0		0.3146484375	0.1521484375	0.02451171875	79.19632	79.19632	112.0
115.0		0.50087890625	0.07158203125	0.0359375	81.31765	81.31765	115.0
118.0		0.68974609375	0.0294921875	0.05556640625	83.43898	83.43898	118.0
121.0		0.8689453125	0.011328125	0.08984375	85.56031	85.56031	121.0
124.0		1.03134765625	0.003125	0.15087890625	87.68164	87.68164	124.0
127.0		1.197265625	0.001171875	0.23583984375	89.80297	89.80297	127.0
130.0		1.343359375	7.8125E-4	0.34541015625	91.9243	91.9243	130.0
133.0		1.4591796875	-0.00146484375	0.47724609375	94.04563	94.04563	133.0
136.0		1.53388671875	5.859375E-4	0.64931640625	96.16696	96.16696	136.0
139.0		1.5265625	-5.859375E-4	0.8810546875	98.28829	98.28829	139.0
142.0		1.416796875	-7.8125E-4	1.1560546875	100.40962	100.40962	142.0
145.0		1.26533203125	-2.9296875E-4	1.45849609375	102.53095	102.53095	145.0
148.0		1.0955078125	0.0	1.7537109375	104.65228	104.65228	148.0
151.0		0.925	-0.00107421875	1.91015625	106.77361	106.77361	151.0
154.0		0.7578125	-6.8359375E-4	1.85908203125	108.89494	108.89494	154.0
157.0		0.58583984375	-0.00107421875	1.64189453125	111.01627	111.01627	157.0
160.0		0.4072265625	-0.00205078125	1.3416015625	113.1376	113.1376	160.0
163.0		0.24345703125	-0.00146484375	1.04365234375	115.25893	115.25893	163.0
166.0		0.1263671875	-0.00263671875	0.78359375	117.38026	117.38026	166.0
169.0		0.06484375	-0.00126953125	0.57314453125	119.50159000000001	119.50159000000001	169.0
172.0		0.03720703125	-0.002734375	0.406640625	121.62292000000001	121.62292000000001	172.0
175.0		0.02392578125	-0.00283203125	0.28408203125	123.74425000000001	123.74425000000001	175.0
178.0		0.01806640625	-0.0029296875	0.183984375	125.86558000000001	125.86558000000001	178.0
181.0		0.01201171875	-0.003515625	0.10859375	127.98691000000001	127.98691000000001	181.0
184.0		0.01181640625	-0.00234375	0.06650390625	130.10824	130.10824	184.0
187.0		0.01103515625	-0.002734375	0.0408203125	132.22957	132.22957	187.0
190.0		0.01103515625	-0.0017578125	0.02763671875	134.3509	134.3509	190.0
193.0		0.0109375	-0.00302734375	0.01904296875	136.47223	136.47223	193.0
196.0		0.01044921875	-0.002734375	0.01435546875	138.59356	138.59356	196.0
199.0		0.009765625	-0.00361328125	0.01103515625	140.71489	140.71489	199.0
202.0		0.009375	-0.003515625	0.00927734375	142.83622	142.83622	202.0
205.0		0.00966796875	-0.0029296875	0.0091796875	144.95755	144.95755	205.0
208.0		0.00927734375	-0.00302734375	0.00849609375	147.07888	147.07888	208.0
211.0		0.009375	-0.0029296875	0.00830078125	149.20021	149.20021	211.0
214.0		0.009765625	-0.002734375	0.00849609375	151.32154	151.32154	214.0
217.0		0.0091796875	-0.003515625	0.0083984375	153.44287	153.44287	217.0
220.0		0.009765625	-0.00244140625	0.0087890625	155.5642	155.5642	220.0
223.0		0.00888671875	-0.0033203125	0.00830078125	157.68553	157.68553	223.0
226.0		0.0091796875	-0.00361328125	0.00830078125	159.80686	159.80686	226.0
229.0		0.00908203125	-0.00302734375	0.0080078125	161.92819	161.92819	229.0
232.0		0.00869140625	-0.00302734375	0.0080078125	164.04952	164.04952	232.0
235.0		0.00859375	-0.00322265625	0.00810546875	166.17085	166.17085	235.0
238.0		0.00810546875	-0.0033203125	0.00703125	168.29218	168.29218	238.0
241.0		0.007421875	-0.00380859375	0.00625	170.41351	170.41351	241.0
244.0		0.0080078125	-0.00400390625	0.00625	172.53484	172.53484	244.0
247.0		0.00830078125	-0.0029296875	0.0078125	174.65617	174.65617	247.0
250.0		0.008203125	-0.00302734375	0.007421875	176.7775	176.7775	250.0
253.0		0.0087890625	-0.00283203125	0.00732421875	178.89883	178.89883	253.0
256.0		0.00751953125	-0.00380859375	0.00673828125	181.02016	181.02016	256.0
259.0		0.00849609375	-0.0033203125	0.00732421875	183.14149	183.14149	259.0
262.0		0.00791015625	-0.0029296875	0.0068359375	185.26282	185.26282	262.0
265.0		0.00791015625	-0.0029296875	0.0072265625	187.38415	187.38415	265.0
268.0		0.00859375	-0.00283203125	0.00693359375	189.50548	189.50548	268.0
271.0		0.0080078125	-0.00341796875	0.00625	191.62681	191.62681	271.0
274.0		0.00771484375	-0.003515625	0.00712890625	193.74814	193.74814	274.0
277.0		0.008203125	-0.00341796875	0.00654296875	195.86947	195.86947	277.0
280.0		0.0080078125	-0.00322265625	0.0064453125	197.9908	197.9908	280.0
283.0		0.00732421875	-0.00380859375	0.0064453125	200.11213	200.11213	283.0
286.0		0.0076171875	-0.003125	0.00673828125	202.23346	202.23346	286.0
289.0		0.008203125	-0.0029296875	0.00673828125	204.35479	204.35479	289.0
292.0		0.00791015625	-0.0029296875	0.00625	206.47612	206.47612	292.0

Position	X Fit	Y Fit	Z Fit
--------	-----	-----	-----
25.0		0.006883540326209861	-0.0031924089292871202	0.012278695884134236	17.67775	17.67775	25.0
28.0		0.006883540327006676	-0.0031924087898392637	0.012278695884134236	19.79908	19.79908	28.0
31.0		0.00688354033061391	-0.003192407676040097	0.012278695884134236	21.92041	21.92041	31.0
34.0		0.00688354034625539	-0.003192399635182126	0.012278695884134236	24.04174	24.04174	34.0
37.0		0.0068835404112158	-0.0031923471782658998	0.012278695884134236	26.16307	26.16307	37.0
40.0		0.006883540669599989	-0.0031920380092842573	0.012278695884134236	28.2844	28.2844	40.0
43.0		0.006883541653851968	-0.0031903923134541734	0.012278695884134236	30.405730000000002	30.405730000000002	43.0
46.0		0.006883545244265451	-0.0031824835917616473	0.012278695884134236	32.52706	32.52706	46.0
49.0		0.006883557785853465	-0.003148184937721249	0.012278695884134236	34.64839	34.64839	49.0
52.0		0.006883599732735049	-0.003014021976845957	0.012278695884134236	36.76972	36.76972	52.0
55.0		0.006883734056174521	-0.0025409889194769938	0.012278695884134236	38.89105	38.89105	55.0
58.0		0.006884145841631929	-0.00103887340436892	0.012278695884134242	41.01238	41.01238	58.0
61.0		0.006885354253629603	0.0032527842652971557	0.012278695884134326	43.13371	43.13371	61.0
64.0		0.006888748446938068	0.01427034754250155	0.012278695884135275	45.25504	45.25504	64.0
67.0		0.006897872387824912	0.03964099754677098	0.0122786958841452	47.37637	47.37637	67.0
70.0		0.00692134128287618	0.09192179802038257	0.012278695884240921	49.4977	49.4977	70.0
73.0		0.006979097527441698	0.1880134199308524	0.012278695885090627	51.61903	51.61903	73.0
76.0		0.007115061416305456	0.3447840173442696	0.012278695892033965	53.74036	53.74036	76.0
79.0		0.0074211712041861244	0.5701201816151564	0.012278695944256672	55.86169	55.86169	79.0
82.0		0.008080127537477864	0.8519256831415302	0.012278696305742135	57.98302	57.98302	82.0
85.0		0.009436071284779943	1.1514663928818674	0.012278698608269974	60.104350000000004	60.104350000000004	85.0
88.0		0.012102262624068452	1.4082858909064824	0.012278712102107842	62.225680000000004	62.225680000000004	88.0
91.0		0.01710996597013271	1.5588315847172536	0.01227878484771924	64.34701	64.34701	91.0
94.0		0.02609012081222497	1.5617348497084638	0.01227914553538166	66.46834	66.46834	94.0
97.0		0.0414569923440566	1.4161708853369082	0.012280789934728102	68.58967	68.58967	97.0
100.0		0.06653237260277634	1.1622369224773232	0.012287681469591628	70.711	70.711	100.0
103.0		0.1055177697507226	0.8631135031554902	0.012314222466299611	72.83233	72.83233	103.0
106.0		0.16320545800130734	0.5797821091562545	0.012408117947141256	74.95366	74.95366	106.0
109.0		0.24433705397667013	0.351964956495503	0.01271311712230916	77.07499	77.07499	109.0
112.0		0.35258708662759514	0.19268531056347837	0.013622269975696986	79.19632	79.19632	112.0
115.0		0.4892705200731753	0.09460834714937306	0.016107472536587182	81.31765	81.31765	115.0
118.0		0.6520233291391684	0.041014723555564465	0.02233194133633066	83.43898	83.43898	118.0
121.0		0.8338322738825542	0.014897460726123631	0.03660075725231004	85.56031	85.56031	121.0
124.0		1.0228277356068425	0.0035090828536281328	0.06649654873417377	87.68164	87.68164	124.0
127.0		1.2031491788204682	-9.449047941462604E-4	0.12363943119462455	89.80297	89.80297	127.0
130.0		1.3569399383902385	-0.0025100349404721255	0.2230297259849849	91.9243	91.9243	130.0
133.0		1.4671856162169907	-0.003004850163553964	0.37977685074357576	94.04563	94.04563	133.0
136.0		1.5207933459995566	-0.003145738141144967	0.6027359473055125	96.16696	96.16696	136.0
139.0		1.5111466650974226	-0.0031818954751532966	0.8863957610780496	98.28829	98.28829	139.0
142.0		1.4394478431123265	-0.0031902648719077083	1.2046144800334448	100.40962	100.40962	142.0
145.0		1.3144716079294398	-0.0031920131004192502	1.5108430502422259	102.53095	102.53095	145.0
148.0		1.1507999251671488	-0.0031923427851781394	1.747680556321823	104.65228	104.65228	148.0
151.0		0.9660282166927847	-0.0031923989358097382	1.8639869400348468	106.77361	106.77361	151.0
154.0		0.7776813444509474	-0.003192407575509813	1.8327879978640582	108.89494	108.89494	154.0
157.0		0.6005784495750163	-0.003192408776788253	1.6614322128252181	111.01627	111.01627	157.0
160.0		0.44516458623764554	-0.003192408927756582	1.3887815270515387	113.1376	113.1376	160.0
163.0		0.31698839266746814	-0.0031924089449083012	1.0709008380032228	115.25893	115.25893	163.0
166.0		0.21717950661305624	-0.0031924089466701974	0.762436581089654	117.38026	117.38026	166.0
169.0		0.14356821746472098	-0.0031924089468338664	0.5020713018855847	119.50159000000001	119.50159000000001	169.0
172.0		0.09203169259985532	-0.0031924089468476167	0.30693762855185736	121.62292000000001	121.62292000000001	172.0
175.0		0.05772255598242862	-0.0031924089468486614	0.1756120343240238	123.74425000000001	123.74425000000001	175.0
178.0		0.03597634199539146	-0.0031924089468487334	0.09570017908133845	125.86558000000001	125.86558000000001	178.0
181.0		0.02284014434145861	-0.0031924089468487377	0.05153675423183007	127.98691000000001	127.98691000000001	181.0
184.0		0.015271607446093089	-0.003192408946848738	0.029301361411715555	130.10824	130.10824	184.0
187.0		0.01110973827084072	-0.003192408946848738	0.01907971752007999	132.22957	132.22957	187.0
190.0		0.00892435834501984	-0.003192408946848738	0.014782316895981175	134.3509	134.3509	190.0
193.0		0.007828090938365648	-0.003192408946848738	0.013127897593707067	136.47223	136.47223	193.0
196.0		0.007302539045594567	-0.003192408946848738	0.012544095917178453	138.59356	138.59356	196.0
199.0		0.007061682466292589	-0.003192408946848738	0.012355121496312847	140.71489	140.71489	199.0
202.0		0.0069561320555672325	-0.003192408946848738	0.012298973865540045	142.83622	142.83622	202.0
205.0		0.006911891701254633	-0.003192408946848738	0.01228365333428134	144.95755	144.95755	205.0
208.0		0.006894153068444405	-0.003192408946848738	0.0122798125926588	147.07888	147.07888	208.0
211.0		0.006887347893639852	-0.003192408946848738	0.012278927660499532	149.20021	149.20021	211.0
214.0		0.006884849610834873	-0.003192408946848738	0.012278740208885315	151.32154	151.32154	214.0
217.0		0.006883971832314775	-0.003192408946848738	0.012278703694498756	153.44287	153.44287	217.0
220.0		0.00688367662939723	-0.003192408946848738	0.012278697152206905	155.5642	155.5642	220.0
223.0		0.006883581592031729	-0.003192408946848738	0.01227869607383314	157.68553	157.68553	223.0
226.0		0.006883552300164612	-0.003192408946848738	0.012278695910281927	159.80686	159.80686	226.0
229.0		0.006883543656152929	-0.003192408946848738	0.01227869588745509	161.92819	161.92819	229.0
232.0		0.006883541213665549	-0.003192408946848738	0.012278695884522845	164.04952	164.04952	232.0
235.0		0.006883540552777494	-0.003192408946848738	0.012278695884176136	166.17085	166.17085	235.0
238.0		0.006883540381528047	-0.003192408946848738	0.012278695884138399	168.29218	168.29218	238.0
241.0		0.006883540339030798	-0.003192408946848738	0.012278695884134617	170.41351	170.41351	241.0
244.0		0.006883540328930241	-0.003192408946848738	0.012278695884134268	172.53484	172.53484	244.0
247.0		0.006883540326630901	-0.003192408946848738	0.012278695884134237	174.65617	174.65617	247.0
250.0		0.006883540326129537	-0.003192408946848738	0.012278695884134236	176.7775	176.7775	250.0
253.0		0.0068835403260248205	-0.003192408946848738	0.012278695884134236	178.89883	178.89883	253.0
256.0		0.00688354032600387	-0.003192408946848738	0.012278695884134236	181.02016	181.02016	256.0
259.0		0.006883540325999854	-0.003192408946848738	0.012278695884134236	183.14149	183.14149	259.0
262.0		0.006883540325999117	-0.003192408946848738	0.012278695884134236	185.26282	185.26282	262.0
265.0		0.006883540325998988	-0.003192408946848738	0.012278695884134236	187.38415	187.38415	265.0
268.0		0.006883540325998966	-0.003192408946848738	0.012278695884134236	189.50548	189.50548	268.0
271.0		0.006883540325998963	-0.003192408946848738	0.012278695884134236	191.62681	191.62681	271.0
274.0		0.006883540325998962	-0.003192408946848738	0.012278695884134236	193.74814	193.74814	274.0
277.0		0.006883540325998962	-0.003192408946848738	0.012278695884134236	195.86947	195.86947	277.0
280.0		0.006883540325998962	-0.003192408946848738	0.012278695884134236	197.9908	197.9908	280.0
283.0		0.006883540325998962	-0.003192408946848738	0.012278695884134236	200.11213	200.11213	283.0
286.0		0.006883540325998962	-0.003192408946848738	0.012278695884134236	202.23346	202.23346	286.0
289.0		0.006883540325998962	-0.003192408946848738	0.012278695884134236	204.35479	204.35479	289.0
292.0		0.006883540325998962	-0.003192408946848738	0.012278695884134236	206.47612	206.47612	292.0
RTBT_Diag:WS20

Name	X Fit	X RMS	Y Fit	Y RMS	Z Fit	Z RMS
-------	-----	-----	-----	-----	-----	-----
Area	42.26874510182859	38.59959730403646	40.78245300210484	38.179609375	37.74368815198905	36.282638140950525
Ampl	1.0067968690090026	1.0051757812500002	1.2719258596647143	1.24775390625	2.4257306261732636	2.35966796875
Mean	91.7557895563657	91.23689991253583	98.39294700599248	98.52036286650886	120.5473021108561	120.47520273620914
Sigma	16.748949147238164	14.507864712068931	12.791504062440218	11.351762865567014	6.20742998404124	5.816919187803347
Offset	-0.008028532890047199	0.001025390625	0.0016635899015077884	0.005615234375	0.0035827958015411804	9.765625E-5
Slope	0.0	0.0	0.0	0.0	0.0	0.0

Position	X Raw	Y Raw	Z Raw
--------	-----	-----	-----
25.0		0.00107421875	0.0056640625	1.953125E-4	17.67775	17.67775	25.0
28.0		9.765625E-4	0.00556640625	0.0	19.79908	19.79908	28.0
31.0		0.0015625	0.00625	7.8125E-4	21.92041	21.92041	31.0
34.0		0.00302734375	0.0068359375	0.00107421875	24.04174	24.04174	34.0
37.0		0.00244140625	0.00673828125	8.7890625E-4	26.16307	26.16307	37.0
40.0		0.0029296875	0.00751953125	9.765625E-4	28.2844	28.2844	40.0
43.0		0.00244140625	0.00732421875	9.765625E-4	30.405730000000002	30.405730000000002	43.0
46.0		0.00205078125	0.006640625	0.001171875	32.52706	32.52706	46.0
49.0		0.0029296875	0.00771484375	0.00146484375	34.64839	34.64839	49.0
52.0		0.002734375	0.00693359375	6.8359375E-4	36.76972	36.76972	52.0
55.0		0.003125	0.0083984375	0.0013671875	38.89105	38.89105	55.0
58.0		0.00341796875	0.0083984375	0.0013671875	41.01238	41.01238	58.0
61.0		0.0029296875	0.00830078125	5.859375E-4	43.13371	43.13371	61.0
64.0		0.00380859375	0.01220703125	0.001171875	45.25504	45.25504	64.0
67.0		0.00625	0.02119140625	0.001171875	47.37637	47.37637	67.0
70.0		0.0091796875	0.0447265625	0.00185546875	49.4977	49.4977	70.0
73.0		0.0134765625	0.093359375	0.00234375	51.61903	51.61903	73.0
76.0		0.019921875	0.1875	0.00224609375	53.74036	53.74036	76.0
79.0		0.0302734375	0.3462890625	0.001953125	55.86169	55.86169	79.0
82.0		0.04970703125	0.54736328125	0.00302734375	57.98302	57.98302	82.0
85.0		0.0861328125	0.748046875	0.00400390625	60.104350000000004	60.104350000000004	85.0
88.0		0.14091796875	0.93408203125	0.00419921875	62.225680000000004	62.225680000000004	88.0
91.0		0.21767578125	1.09521484375	0.00419921875	64.34701	64.34701	91.0
94.0		0.30419921875	1.20849609375	0.00478515625	66.46834	66.46834	94.0
97.0		0.38984375	1.258984375	0.00556640625	68.58967	68.58967	97.0
100.0		0.47294921875	1.25859375	0.00595703125	70.711	70.711	100.0
103.0		0.55927734375	1.20302734375	0.00517578125	72.83233	72.83233	103.0
106.0		0.6392578125	1.08876953125	0.00576171875	74.95366	74.95366	106.0
109.0		0.70888671875	0.9255859375	0.00517578125	77.07499	77.07499	109.0
112.0		0.77294921875	0.73662109375	0.00556640625	79.19632	79.19632	112.0
115.0		0.83017578125	0.54130859375	0.00517578125	81.31765	81.31765	115.0
118.0		0.8841796875	0.35400390625	0.00478515625	83.43898	83.43898	118.0
121.0		0.9310546875	0.1953125	0.00458984375	85.56031	85.56031	121.0
124.0		0.96611328125	0.0970703125	0.00380859375	87.68164	87.68164	124.0
127.0		0.99609375	0.04873046875	0.005078125	89.80297	89.80297	127.0
130.0		1.0072265625	0.0244140625	0.00498046875	91.9243	91.9243	130.0
133.0		0.9953125	0.01484375	0.005078125	94.04563	94.04563	133.0
136.0		0.9599609375	0.0111328125	0.00634765625	96.16696	96.16696	136.0
139.0		0.9083984375	0.00908203125	0.008203125	98.28829	98.28829	139.0
142.0		0.84775390625	0.0083984375	0.01240234375	100.40962	100.40962	142.0
145.0		0.78486328125	0.008203125	0.0248046875	102.53095	102.53095	145.0
148.0		0.71953125	0.00859375	0.053515625	104.65228	104.65228	148.0
151.0		0.6482421875	0.0080078125	0.12314453125	106.77361	106.77361	151.0
154.0		0.57373046875	0.008203125	0.30458984375	108.89494	108.89494	154.0
157.0		0.496484375	0.0087890625	0.69306640625	111.01627	111.01627	157.0
160.0		0.41396484375	0.00927734375	1.23466796875	113.1376	113.1376	160.0
163.0		0.3306640625	0.00927734375	1.7658203125	115.25893	115.25893	163.0
166.0		0.25107421875	0.0099609375	2.1482421875	117.38026	117.38026	166.0
169.0		0.173828125	0.0095703125	2.35986328125	119.50159000000001	119.50159000000001	169.0
172.0		0.1099609375	0.00966796875	2.37646484375	121.62292000000001	121.62292000000001	172.0
175.0		0.0662109375	0.009765625	2.15966796875	123.74425000000001	123.74425000000001	175.0
178.0		0.0408203125	0.0087890625	1.7068359375	125.86558000000001	125.86558000000001	178.0
181.0		0.0236328125	0.00712890625	1.160546875	127.98691000000001	127.98691000000001	181.0
184.0		0.01416015625	0.00615234375	0.65625	130.10824	130.10824	184.0
187.0		0.009765625	0.00625	0.31025390625	132.22957	132.22957	187.0
190.0		0.00654296875	0.00625	0.11865234375	134.3509	134.3509	190.0
193.0		0.00634765625	0.00576171875	0.048046875	136.47223	136.47223	193.0
196.0		0.005078125	0.0060546875	0.0224609375	138.59356	138.59356	196.0
199.0		0.0033203125	0.00537109375	0.01044921875	140.71489	140.71489	199.0
202.0		0.00380859375	0.00517578125	0.006640625	142.83622	142.83622	202.0
205.0		0.00341796875	0.0052734375	0.0052734375	144.95755	144.95755	205.0
208.0		0.00234375	0.0048828125	0.005078125	147.07888	147.07888	208.0
211.0		0.00185546875	0.0048828125	0.00283203125	149.20021	149.20021	211.0
214.0		0.0033203125	0.0056640625	0.00498046875	151.32154	151.32154	214.0
217.0		0.00302734375	0.005859375	0.0044921875	153.44287	153.44287	217.0
220.0		0.00302734375	0.0048828125	0.005078125	155.5642	155.5642	220.0
223.0		0.0025390625	0.00517578125	0.00380859375	157.68553	157.68553	223.0
226.0		0.0025390625	0.0052734375	0.0033203125	159.80686	159.80686	226.0
229.0		0.00234375	0.00517578125	0.00458984375	161.92819	161.92819	229.0
232.0		0.00224609375	0.00537109375	0.00419921875	164.04952	164.04952	232.0
235.0		0.003125	0.00537109375	0.00419921875	166.17085	166.17085	235.0
238.0		0.0017578125	0.00458984375	0.0029296875	168.29218	168.29218	238.0
241.0		0.00126953125	0.00458984375	0.00224609375	170.41351	170.41351	241.0
244.0		0.0013671875	0.0044921875	0.00185546875	172.53484	172.53484	244.0
247.0		0.0017578125	0.00546875	0.00302734375	174.65617	174.65617	247.0
250.0		0.00185546875	0.00498046875	0.0025390625	176.7775	176.7775	250.0
253.0		0.00234375	0.005078125	0.0025390625	178.89883	178.89883	253.0
256.0		0.00107421875	0.00498046875	0.00302734375	181.02016	181.02016	256.0
259.0		0.00107421875	0.00478515625	0.00205078125	183.14149	183.14149	259.0
262.0		0.00185546875	0.0048828125	0.0033203125	185.26282	185.26282	262.0
265.0		0.00224609375	0.00546875	0.0033203125	187.38415	187.38415	265.0
268.0		0.00126953125	0.00537109375	0.00263671875	189.50548	189.50548	268.0
271.0		0.00166015625	0.00517578125	0.003125	191.62681	191.62681	271.0
274.0		0.00234375	0.00546875	0.00244140625	193.74814	193.74814	274.0
277.0		0.0015625	0.005078125	0.0017578125	195.86947	195.86947	277.0
280.0		0.00166015625	0.00478515625	0.00224609375	197.9908	197.9908	280.0
283.0		0.0015625	0.00478515625	0.00283203125	200.11213	200.11213	283.0
286.0		0.00166015625	0.00498046875	0.00185546875	202.23346	202.23346	286.0
289.0		0.0015625	0.00517578125	0.00234375	204.35479	204.35479	289.0
292.0		5.859375E-4	0.00419921875	0.001171875	206.47612	206.47612	292.0

Position	X Fit	Y Fit	Z Fit
--------	-----	-----	-----
25.0		-0.0076387903289391315	0.0018083640802982943	0.0034924067021724304	17.67775	17.67775	25.0
28.0		-0.007596776324816845	0.001808612794097669	0.0034924067021724304	19.79908	19.79908	28.0
31.0		-0.007526545032477608	0.0018094737295187239	0.0034924067021724304	21.92041	21.92041	31.0
34.0		-0.007411113984877519	0.0018122897775486415	0.0034924067021724304	24.04174	24.04174	34.0
37.0		-0.00722458529692747	0.0018209920392204917	0.0034924067021724304	26.16307	26.16307	37.0
40.0		-0.006928257140564261	0.001846393537373901	0.0034924067021724304	28.2844	28.2844	40.0
43.0		-0.006465476620613447	0.0019164132840925445	0.0034924067021724304	30.405730000000002	30.405730000000002	43.0
46.0		-0.005755049364099581	0.0020986341395166563	0.0034924067021724304	32.52706	32.52706	46.0
49.0		-0.004683109078785023	0.0025461968958384934	0.0034924067021724304	34.64839	34.64839	49.0
52.0		-0.0030935084422257014	0.003583306784240987	0.0034924067021724304	36.76972	36.76972	52.0
55.0		-7.770350402519985E-4	0.005849596313375111	0.0034924067021724304	38.89105	38.89105	55.0
58.0		0.0025399116089680172	0.010517156418902744	0.0034924067021724304	41.01238	41.01238	58.0
61.0		0.0072061324021271845	0.019571557016098143	0.0034924067021724304	43.13371	43.13371	61.0
64.0		0.013654415520275184	0.03610130955761641	0.0034924067021724304	45.25504	45.25504	64.0
67.0		0.022406320545263026	0.0644711779262059	0.0034924067021724304	47.37637	47.37637	67.0
70.0		0.03407060420482254	0.11018524281862788	0.0034924067021724304	49.4977	49.4977	70.0
73.0		0.0493327413713137	0.17922124963920927	0.0034924067021724304	51.61903	51.61903	73.0
76.0		0.06893310629046001	0.2766961956108126	0.0034924067021724304	53.74036	53.74036	76.0
79.0		0.09363189920892559	0.40494079372394687	0.0034924067021724304	55.86169	55.86169	79.0
82.0		0.12415990649632222	0.5613879164385204	0.0034924067021724304	57.98302	57.98302	82.0
85.0		0.1611556812167423	0.736995373668762	0.0034924067021724304	60.104350000000004	60.104350000000004	85.0
88.0		0.20509165328876403	0.9160388614992959	0.0034924067021724304	62.225680000000004	62.225680000000004	88.0
91.0		0.25619385004103745	1.0778658638883922	0.0034924067021724348	64.34701	64.34701	91.0
94.0		0.3143620552962648	1.2005819037983383	0.0034924067021725167	66.46834	66.46834	94.0
97.0		0.3790990073521387	1.265848063443547	0.003492406702174017	68.58967	68.58967	97.0
100.0		0.4494582519439059	1.2633633256917365	0.00349240670219843	70.711	70.711	100.0
103.0		0.5240201788054555	1.1935264610543923	0.0034924067025516327	72.83233	72.83233	103.0
106.0		0.6009043428017038	1.0673312665882722	0.0034924067070945743	74.95366	74.95366	106.0
109.0		0.6778233452993407	0.9035330076101407	0.0034924067590341172	77.07499	77.07499	109.0
112.0		0.7521794985354892	0.7240906813493361	0.0034924072867837386	79.19632	79.19632	112.0
115.0		0.8212006239421155	0.5494064459265816	0.0034924120514695173	81.31765	81.31765	115.0
118.0		0.8821062568368859	0.3947596740544878	0.0034924502642175123	83.43898	83.43898	118.0
121.0		0.9322909784998702	0.26870152344732284	0.0034927224219857738	85.56031	85.56031	121.0
124.0		0.9695083105308139	0.17338494448976985	0.003494443169514689	87.68164	87.68164	124.0
127.0		0.9920371948635803	0.10620834165275977	0.003504097256320521	89.80297	89.80297	127.0
130.0		0.9988139045404288	0.06193467669144851	0.0035521342632362863	91.9243	91.9243	130.0
133.0		0.9895153091618348	0.03458394245452236	0.003763985898920692	94.04563	94.04563	133.0
136.0		0.9645844182638454	0.018718903984906398	0.004591413182530511	96.16696	96.16696	136.0
139.0		0.9251953906764779	0.010066559665948804	0.007450500140991942	98.28829	98.28829	139.0
142.0		0.8731618586202655	0.005625447361645852	0.0161792585047723	100.40962	100.40962	142.0
145.0		0.8107985345712561	0.003478270998835542	0.039683668637077084	102.53095	102.53095	145.0
148.0		0.7407508020393748	0.002499804278918438	0.09537550297866314	104.65228	104.65228	148.0
151.0		0.665809727990375	0.0020793106848950855	0.2111030202902752	106.77361	106.77361	151.0
154.0		0.5887303938558344	0.0019088201213863564	0.4209818686056283	108.89494	108.89494	154.0
157.0		0.5120697038622211	0.0018435776693106656	0.7506694478669987	111.01627	111.01627	157.0
160.0		0.43805629872834434	0.0018200062575843042	1.1935926801427665	113.1376	113.1376	160.0
163.0		0.368500517953541	0.0018119639131221879	1.6905333649943055	115.25893	115.25893	163.0
166.0		0.3047472611155712	0.0018093719934154063	2.1318751719488707	117.38026	117.38026	166.0
169.0		0.2476698196210888	0.0018085827902473317	2.393261145882465	119.50159000000001	119.50159000000001	169.0
172.0		0.1976988696100728	0.0018083557201454407	2.391545913251752	121.62292000000001	121.62292000000001	172.0
175.0		0.15487820642581332	0.001808293975248572	2.1272955840954912	123.74425000000001	123.74425000000001	175.0
178.0		0.11893759361495185	0.0018082781054866487	1.6844877656194162	125.86558000000001	125.86558000000001	178.0
181.0		0.08937320511927362	0.0018082742496418954	1.1876262614067807	127.98691000000001	127.98691000000001	181.0
184.0		0.06552729894001727	0.0018082733639262943	0.7458567717117993	130.10824	130.10824	184.0
187.0		0.04666061707767977	0.001808273171557068	0.41769753424108225	132.22957	132.22957	187.0
190.0		0.03201317944165294	0.0018082731320495163	0.20917420477318938	134.3509	134.3509	190.0
193.0		0.020851287559935826	0.0018082731243765934	0.09439123497460937	136.47223	136.47223	193.0
196.0		0.012500418288258132	0.0018082731229672805	0.03924460455640096	138.59356	138.59356	196.0
199.0		0.006365110842639901	0.0018082731227224604	0.01600736020605609	140.71489	140.71489	199.0
202.0		0.0019378746230226777	0.0018082731226822346	0.007391267871681342	142.83622	142.83622	202.0
205.0		-0.0012004049706353572	0.0018082731226759829	0.004573413281288309	144.95755	144.95755	205.0
208.0		-0.0033860293075049282	0.001808273122675064	0.0037591545587789873	147.07888	147.07888	208.0
211.0		-0.0048817122586696975	0.001808273122674936	0.0035509875395083315	149.20021	149.20021	211.0
214.0		-0.005887561248081662	0.0018082731226749193	0.003503856353118855	151.32154	151.32154	214.0
217.0		-0.006552373581958883	0.001808273122674917	0.0034943983426961615	153.44287	153.44287	217.0
220.0		-0.006984268107903698	0.0018082731226749169	0.003492715029271484	155.5642	155.5642	220.0
223.0		-0.007260074330262577	0.0018082731226749169	0.0034924491831473136	157.68553	157.68553	223.0
226.0		-0.0074332193933063576	0.0018082731226749169	0.003492411911231567	159.80686	159.80686	226.0
229.0		-0.007540081770543392	0.0018082731226749169	0.0034924072706405793	161.92819	161.92819	229.0
232.0		-0.0076049264814321395	0.0018082731226749169	0.0034924067573846264	164.04952	164.04952	232.0
235.0		-0.007643615108377853	0.0018082731226749169	0.0034924067069449305	166.17085	166.17085	235.0
238.0		-0.007666312349635966	0.0018082731226749169	0.0034924067025395764	168.29218	168.29218	238.0
241.0		-0.007679406097332593	0.0018082731226749169	0.0034924067021975674	170.41351	170.41351	241.0
244.0		-0.007686834142022352	0.0018082731226749169	0.003492406702173962	172.53484	172.53484	244.0
247.0		-0.007690978161059573	0.0018082731226749169	0.0034924067021725137	174.65617	174.65617	247.0
250.0		-0.0076932517995287625	0.0018082731226749169	0.0034924067021724343	176.7775	176.7775	250.0
253.0		-0.007694478639926911	0.0018082731226749169	0.0034924067021724304	178.89883	178.89883	253.0
256.0		-0.0076951297212172805	0.0018082731226749169	0.0034924067021724304	181.02016	181.02016	256.0
259.0		-0.007695469561911759	0.0018082731226749169	0.0034924067021724304	183.14149	183.14149	259.0
262.0		-0.007695644031697438	0.0018082731226749169	0.0034924067021724304	185.26282	185.26282	262.0
265.0		-0.007695732132652068	0.0018082731226749169	0.0034924067021724304	187.38415	187.38415	265.0
268.0		-0.007695775891580908	0.0018082731226749169	0.0034924067021724304	189.50548	189.50548	268.0
271.0		-0.00769579727060668	0.0018082731226749169	0.0034924067021724304	191.62681	191.62681	271.0
274.0		-0.007695807544928689	0.0018082731226749169	0.0034924067021724304	193.74814	193.74814	274.0
277.0		-0.007695812401958708	0.0018082731226749169	0.0034924067021724304	195.86947	195.86947	277.0
280.0		-0.0076958146606067685	0.0018082731226749169	0.0034924067021724304	197.9908	197.9908	280.0
283.0		-0.007695815693829245	0.0018082731226749169	0.0034924067021724304	200.11213	200.11213	283.0
286.0		-0.0076958161587870446	0.0018082731226749169	0.0034924067021724304	202.23346	202.23346	286.0
289.0		-0.00769581636461964	0.0018082731226749169	0.0034924067021724304	204.35479	204.35479	289.0
292.0		-0.007695816454259636	0.0018082731226749169	0.0034924067021724304	206.47612	206.47612	292.0

PVLoggerID = 49332765