start time: Mon May 31 21:08:18 EDT 2021

RTBT_Diag:WS24

Name	X Fit	X RMS	Y Fit	Y RMS	Z Fit	Z RMS
-------	-----	-----	-----	-----	-----	-----
Area	14.496917053361722	12.586899432237416	15.694440828465364	13.698561604817709	13.461446710840066	12.874812166436087
Ampl	0.2569995283873504	0.2589518229166667	0.30374164275008986	0.30517578124999994	0.28445825298691657	0.28479003906249994
Mean	106.43526587055264	106.62224261725213	102.31003671825084	102.69175049237967	123.76077418320651	112.07862972373421
Sigma	22.503672222081814	18.337093052057913	20.613492299061686	15.995465342509933	18.87918593303006	13.425685523535803
Offset	-0.009237668065856451	-0.0020751953125	-0.014025245743193238	-0.008076985677083332	-0.0028818316753587204	-0.004964192708333333
Slope	0.0	0.0	0.0	0.0	0.0	0.0

Position	X Raw	Y Raw	Z Raw
--------	-----	-----	-----
25.0		-0.0019938151041666665	-0.008056640625	-0.004964192708333333	17.67775	17.67775	25.0
28.0		-0.0021565755208333335	-0.008097330729166666	-0.004964192708333333	19.79908	19.79908	28.0
31.0		-0.0016682942708333333	-0.008056640625	-0.0047607421875	21.92041	21.92041	31.0
34.0		-0.0022379557291666665	-0.008015950520833334	-0.005045572916666667	24.04174	24.04174	34.0
37.0		-0.0013020833333333333	-0.007364908854166667	-0.004191080729166667	26.16307	26.16307	37.0
40.0		-0.0030110677083333335	-0.008992513020833334	-0.005900065104166667	28.2844	28.2844	40.0
43.0		-0.0022786458333333335	-0.008463541666666666	-0.0054931640625	30.405730000000002	30.405730000000002	43.0
46.0		-0.0025227864583333335	-0.008585611979166666	-0.005289713541666667	32.52706	32.52706	46.0
49.0		-0.0026448567708333335	-0.0087890625	-0.0054931640625	34.64839	34.64839	49.0
52.0		-0.0019124348958333333	-0.008138020833333334	-0.005167643229166667	36.76972	36.76972	52.0
55.0		-0.0023193359375	-0.008015950520833334	-0.0047607421875	38.89105	38.89105	55.0
58.0		-0.0022786458333333335	-0.0084228515625	-0.0052490234375	41.01238	41.01238	58.0
61.0		-0.0023193359375	-0.007649739583333333	-0.005533854166666667	43.13371	43.13371	61.0
64.0		-0.0020751953125	-0.0034586588541666665	-0.005330403645833333	45.25504	45.25504	64.0
67.0		-0.0023600260416666665	0.0133056640625	-0.005411783854166667	47.37637	47.37637	67.0
70.0		-0.0028483072916666665	0.036824544270833336	-0.005533854166666667	49.4977	49.4977	70.0
73.0		-0.0028889973958333335	0.07198079427083333	-0.005818684895833333	51.61903	51.61903	73.0
76.0		-0.0030110677083333335	0.113037109375	-0.006022135416666667	53.74036	53.74036	76.0
79.0		-0.0021565755208333335	0.14701334635416666	-0.005574544270833333	55.86169	55.86169	79.0
82.0		-0.0018310546875	0.17879231770833334	-0.0052490234375	57.98302	57.98302	82.0
85.0		-0.0013834635416666667	0.20560709635416666	-0.004964192708333333	60.104350000000004	60.104350000000004	85.0
88.0		-7.731119791666666E-4	0.23331705729166666	-0.006103515625	62.225680000000004	62.225680000000004	88.0
91.0		0.005086263020833333	0.2560221354166667	-0.006306966145833333	64.34701	64.34701	91.0
94.0		0.015706380208333332	0.2679036458333333	-0.006144205729166667	66.46834	66.46834	94.0
97.0		0.0323486328125	0.2825113932291667	-0.006062825520833333	68.58967	68.58967	97.0
100.0		0.0509033203125	0.2870686848958333	-0.005859375	70.711	70.711	100.0
103.0		0.071044921875	0.2890218098958333	-0.005777994791666667	72.83233	72.83233	103.0
106.0		0.0911865234375	0.2857259114583333	-0.00537109375	74.95366	74.95366	106.0
109.0		0.10831705729166667	0.2800699869791667	-0.004679361979166667	77.07499	77.07499	109.0
112.0		0.122314453125	0.2657470703125	-0.0059814453125	79.19632	79.19632	112.0
115.0		0.1351318359375	0.2498779296875	-0.0026448567708333335	81.31765	81.31765	115.0
118.0		0.14786783854166666	0.22774251302083334	0.01123046875	83.43898	83.43898	118.0
121.0		0.15970865885416666	0.19795735677083334	0.045206705729166664	85.56031	85.56031	121.0
124.0		0.17036946614583334	0.16849772135416666	0.0909423828125	87.68164	87.68164	124.0
127.0		0.18086751302083334	0.13985188802083334	0.14383951822916666	89.80297	89.80297	127.0
130.0		0.19234212239583334	0.10896809895833333	0.20524088541666666	91.9243	91.9243	130.0
133.0		0.203125	0.06449381510416667	0.254638671875	94.04563	94.04563	133.0
136.0		0.21455891927083334	0.0321044921875	0.2842610677083333	96.16696	96.16696	136.0
139.0		0.22452799479166666	0.0068359375	0.2893473307291667	98.28829	98.28829	139.0
142.0		0.2366943359375	-0.006022135416666667	0.2899983723958333	100.40962	100.40962	142.0
145.0		0.24568684895833334	-0.008382161458333334	0.2851969401041667	102.53095	102.53095	145.0
148.0		0.2574462890625	-0.008138020833333334	0.2773844401041667	104.65228	104.65228	148.0
151.0		0.2548014322916667	-0.008260091145833334	0.2788899739583333	106.77361	106.77361	151.0
154.0		0.2519124348958333	-0.00830078125	0.2757568359375	108.89494	108.89494	154.0
157.0		0.24430338541666666	-0.007975260416666666	0.2748616536458333	111.01627	111.01627	157.0
160.0		0.23380533854166666	-0.007731119791666667	0.27685546875	113.1376	113.1376	160.0
163.0		0.22257486979166666	-0.007975260416666666	0.2765299479166667	115.25893	115.25893	163.0
166.0		0.21142578125	-0.0079345703125	0.2819417317708333	117.38026	117.38026	166.0
169.0		0.19925944010416666	-0.007893880208333334	0.2849527994791667	119.50159000000001	119.50159000000001	169.0
172.0		0.19132486979166666	-0.0078125	0.292236328125	121.62292000000001	121.62292000000001	172.0
175.0		0.17732747395833334	-0.0081787109375	0.2936197916666667	123.74425000000001	123.74425000000001	175.0
178.0		0.16837565104166666	-0.0079345703125	0.2926025390625	125.86558000000001	125.86558000000001	178.0
181.0		0.15559895833333334	-0.008219401041666666	0.2853190104166667	127.98691000000001	127.98691000000001	181.0
184.0		0.14274088541666666	-0.008138020833333334	0.2548014322916667	130.10824	130.10824	184.0
187.0		0.13094075520833334	-0.0079345703125	0.19954427083333334	132.22957	132.22957	187.0
190.0		0.11722819010416667	-0.0078125	0.14070638020833334	134.3509	134.3509	190.0
193.0		0.1014404296875	-0.007568359375	0.08430989583333333	136.47223	136.47223	193.0
196.0		0.08447265625	-0.007609049479166667	0.0321044921875	138.59356	138.59356	196.0
199.0		0.06608072916666667	-0.0074462890625	0.0032552083333333335	140.71489	140.71489	199.0
202.0		0.045206705729166664	-0.008097330729166666	-0.004964192708333333	142.83622	142.83622	202.0
205.0		0.026448567708333332	-0.0081787109375	-0.005777994791666667	144.95755	144.95755	205.0
208.0		0.012125651041666666	-0.0076904296875	-0.005330403645833333	147.07888	147.07888	208.0
211.0		0.0031331380208333335	-0.007527669270833333	-0.005411783854166667	149.20021	149.20021	211.0
214.0		-8.138020833333334E-4	-0.007405598958333333	-0.004720052083333333	151.32154	151.32154	214.0
217.0		-0.0013427734375	-0.007568359375	-0.004557291666666667	153.44287	153.44287	217.0
220.0		-4.069010416666667E-4	-0.007161458333333333	-0.0037434895833333335	155.5642	155.5642	220.0
223.0		-0.0024007161458333335	-0.0078125	-0.005859375	157.68553	157.68553	223.0
226.0		-0.002197265625	-0.0076904296875	-0.005574544270833333	159.80686	159.80686	226.0
229.0		-0.0015055338541666667	-0.007731119791666667	-0.005330403645833333	161.92819	161.92819	229.0
232.0		-0.0015869140625	-0.00732421875	-0.0047607421875	164.04952	164.04952	232.0
235.0		-0.0015869140625	-0.007527669270833333	-0.004679361979166667	166.17085	166.17085	235.0
238.0		-0.0014241536458333333	-0.0074462890625	-0.004435221354166667	168.29218	168.29218	238.0
241.0		-8.544921875E-4	-0.007080078125	-0.003987630208333333	170.41351	170.41351	241.0
244.0		-0.0011393229166666667	-0.007364908854166667	-0.004557291666666667	172.53484	172.53484	244.0
247.0		-8.951822916666666E-4	-0.007242838541666667	-0.004150390625	174.65617	174.65617	247.0
250.0		-0.0013020833333333333	-0.007364908854166667	-0.004231770833333333	176.7775	176.7775	250.0
253.0		-7.731119791666666E-4	-0.007080078125	-0.004069010416666667	178.89883	178.89883	253.0
256.0		-0.0014241536458333333	-0.007364908854166667	-0.003987630208333333	181.02016	181.02016	256.0
259.0		-8.951822916666666E-4	-0.006917317708333333	-0.003946940104166667	183.14149	183.14149	259.0
262.0		-5.696614583333334E-4	-0.006876627604166667	-0.0037027994791666665	185.26282	185.26282	262.0
265.0		-0.001220703125	-0.007039388020833333	-0.004353841145833333	187.38415	187.38415	265.0
268.0		-0.0012613932291666667	-0.0072021484375	-0.004557291666666667	189.50548	189.50548	268.0
271.0		-9.765625E-4	-0.006876627604166667	-0.004313151041666667	191.62681	191.62681	271.0
274.0		-8.544921875E-4	-0.007080078125	-0.0038655598958333335	193.74814	193.74814	274.0
277.0		-0.00146484375	-0.006795247395833333	-0.004638671875	195.86947	195.86947	277.0
280.0		-0.0012613932291666667	-0.006998697916666667	-0.004353841145833333	197.9908	197.9908	280.0
283.0		-0.0011800130208333333	-0.006795247395833333	-0.003987630208333333	200.11213	200.11213	283.0
286.0		-9.358723958333334E-4	-0.007120768229166667	-0.004069010416666667	202.23346	202.23346	286.0
289.0		-0.0018310546875	-0.00732421875	-0.004964192708333333	204.35479	204.35479	289.0
292.0		-7.731119791666666E-4	-0.0069580078125	-0.003662109375	206.47612	206.47612	292.0

Position	X Fit	Y Fit	Z Fit
--------	-----	-----	-----
25.0		-0.009130034772173244	-0.01373015885658644	-0.0029258485626312636	17.67775	17.67775	25.0
28.0		-0.00908225529900453	-0.013540427827353247	-0.00292581412819072	19.79908	19.79908	28.0
31.0		-0.0090152512681095	-0.013232785613807998	-0.002925751527408734	21.92041	21.92041	31.0
34.0		-0.008922175373502941	-0.012745219822439412	-0.0029256391952064745	24.04174	24.04174	34.0
37.0		-0.008794108597611818	-0.01199006598745539	-0.0029254402384345465	26.16307	26.16307	37.0
40.0		-0.00861957306178883	-0.010847243514756705	-0.00292509243428956	28.2844	28.2844	40.0
43.0		-0.008383979545005471	-0.009157663327704433	-0.0029244923345541434	30.405730000000002	30.405730000000002	43.0
46.0		-0.008069018022839457	-0.006717952929940848	-0.002923470418452117	32.52706	32.52706	46.0
49.0		-0.007652007059727198	-0.0032780645337614715	-0.0029217529056615567	34.64839	34.64839	49.0
52.0		-0.007105226974769648	0.001456337545788564	-0.002918904074404965	36.76972	36.76972	52.0
55.0		-0.006395272165612726	0.007814697578112954	-0.002914240662717744	38.89105	38.89105	55.0
58.0		-0.005482469357758641	0.016143817957683264	-0.0029067071335963863	41.01238	41.01238	58.0
61.0		-0.004320420127833915	0.026780456548372078	-0.0028946972914885047	43.13371	43.13371	61.0
64.0		-0.0028557368334884035	0.04001440626904361	-0.0028758040884196367	45.25504	45.25504	64.0
67.0		-0.0010280498151374311	0.05604387233644838	-0.0028464757455905574	47.37637	47.37637	67.0
70.0		0.0012296310453229417	0.07492692323566895	-0.0028015530361364697	49.4977	49.4977	70.0
73.0		0.003990117188614525	0.09653470927568476	-0.0027336604698059443	51.61903	51.61903	73.0
76.0		0.007330727939051597	0.12051359363400728	-0.0026324242060850934	53.74036	53.74036	76.0
79.0		0.01133140049880159	0.14626387617263445	-0.0024834930761357624	55.86169	55.86169	79.0
82.0		0.016072184469112218	0.1729420434958735	-0.0022673475886921222	57.98302	57.98302	82.0
85.0		0.021630114543857104	0.19949128136189556	-0.001957896757883647	60.104350000000004	60.104350000000004	85.0
88.0		0.028075496239021863	0.22470145937789537	-0.001520885373246989	62.225680000000004	62.225680000000004	88.0
91.0		0.03546768789689065	0.24729538977479743	-9.12165788510362E-4	64.34701	64.34701	91.0
94.0		0.04385051516590834	0.26603359925679915	-7.592839707811503E-5	66.46834	66.46834	94.0
97.0		0.05324750810358353	0.2798260156185943	0.001056967676355877	68.58967	68.58967	97.0
100.0		0.063657201497524	0.2878367036283156	0.0025703705983073934	70.711	70.711	100.0
103.0		0.07504878087427325	0.2895676912810483	0.004563674867895655	72.83233	72.83233	103.0
106.0		0.08735838471696025	0.28491020358378755	0.007151837108739055	74.95366	74.95366	106.0
109.0		0.10048638273300761	0.27415597534984293	0.010464256699925198	77.07499	77.07499	109.0
112.0		0.11429593661149991	0.25796700728405814	0.014642210506226919	79.19632	79.19632	112.0
115.0		0.12861311108415505	0.23730812442095067	0.019834568647788042	81.31765	81.31765	115.0
118.0		0.14322873873806385	0.21335188855874784	0.02619160032868305	83.43898	83.43898	118.0
121.0		0.15790215374322714	0.18736888173068986	0.03385680943212862	85.56031	85.56031	121.0
124.0		0.17236680175065963	0.16061757006368316	0.04295691753157405	87.68164	87.68164	124.0
127.0		0.186337612343227	0.1342468119968619	0.05359032869114921	89.80297	89.80297	127.0
130.0		0.19951989520115584	0.10922099123147329	0.06581464953192957	91.9243	91.9243	130.0
133.0		0.2116194015038163	0.08627347185383649	0.07963407546024812	94.04563	94.04563	133.0
136.0		0.2223530883922286	0.06588947748891817	0.09498765960267289	96.16696	96.16696	136.0
139.0		0.23146004636202067	0.04831541847008633	0.11173962181050846	98.28829	98.28829	139.0
142.0		0.2387120054543308	0.03358874019566854	0.12967289934648532	100.40962	100.40962	142.0
145.0		0.24392283175264934	0.021580839779735864	0.14848706318521365	102.53095	102.53095	145.0
148.0		0.24695646342700422	0.012045476581382568	0.1678015103558289	104.65228	104.65228	148.0
151.0		0.24773281419050164	0.0046661120335025116	0.18716449525992765	106.77361	106.77361	151.0
154.0		0.24623128665031196	-9.026635891077085E-4	0.20606810146328233	108.89494	108.89494	154.0
157.0		0.24249168040647506	-0.005002474474371018	0.2239687183751465	111.01627	111.01627	157.0
160.0		0.2366124390126426	-0.00794826551800253	0.240312028140665	113.1376	113.1376	160.0
163.0		0.22874634358260074	-0.010014682989006625	0.2545609902795088	115.25893	115.25893	163.0
166.0		0.21909391600074765	-0.011430264351126967	0.2662249001251442	117.38026	117.38026	166.0
169.0		0.20789492928526415	-0.012377498909229862	0.27488734959972394	119.50159000000001	119.50159000000001	169.0
172.0		0.1954185265346645	-0.012996764888717267	0.28023087673106273	121.62292000000001	121.62292000000001	172.0
175.0		0.18195251582723743	-0.013392380290930895	0.28205627170193553	123.74425000000001	123.74425000000001	175.0
178.0		0.16779243270070285	-0.013639390502876344	0.28029490289007514	125.86558000000001	125.86558000000001	178.0
181.0		0.1532309444018227	-0.013790142672630958	0.2750129996122746	127.98691000000001	127.98691000000001	181.0
184.0		0.13854811450761606	-0.013880086916289327	0.26640751897992976	130.10824	130.10824	184.0
187.0		0.12400295936575191	-0.013932554677449865	0.25479395647050596	132.22957	132.22957	187.0
190.0		0.10982661790664675	-0.013962481743066217	0.24058715195712854	134.3509	134.3509	190.0
193.0		0.09621733383545336	-0.013979174452898624	0.22427671888574843	136.47223	136.47223	193.0
196.0		0.0833373243468882	-0.013988280197776396	0.20639912353855344	138.59356	138.59356	196.0
199.0		0.07131149191505685	-0.01399313824251089	0.18750862670870413	140.71489	140.71489	199.0
202.0		0.060227833446847415	-0.013995673333064552	0.1681492619038482	142.83622	142.83622	202.0
205.0		0.05013932008409941	-0.013996967342189874	0.14882978005061873	144.95755	144.95755	205.0
208.0		0.04106696470371775	-0.013997613467533112	0.1300030816586677	147.07888	147.07888	208.0
211.0		0.03300376374511419	-0.01399792907949022	0.11205114095070588	149.20021	149.20021	211.0
214.0		0.025919194194669953	-0.013998079902366973	0.09527586754168543	151.32154	151.32154	214.0
217.0		0.019763962341276017	-0.0139981504165294	0.07989581326103015	153.44287	153.44287	217.0
220.0		0.014474733938517633	-0.013998182671575527	0.06604816853399895	155.5642	155.5642	220.0
223.0		0.009978620589878617	-0.013998197107569828	0.05379514297023679	157.68553	157.68553	223.0
226.0		0.006197249267273365	-0.013998203429327281	0.043133608836944996	159.80686	159.80686	226.0
229.0		0.003050295955078875	-0.013998206138173644	0.034006806061574135	161.92819	161.92819	229.0
232.0		4.584162546492996E-4	-0.0139982072739654	0.026316949671416283	164.04952	164.04952	232.0
235.0		-0.00165444789559545	-0.013998207739972311	0.01993771993424778	166.17085	166.17085	235.0
238.0		-0.0033593676610425153	-0.013998207927073281	0.01472582024537251	168.29218	168.29218	238.0
241.0		-0.004721285556361353	-0.013998208000585542	0.01053102493603249	170.41351	170.41351	241.0
244.0		-0.005798364686129216	-0.013998208028850798	0.0072043784838252325	172.53484	172.53484	244.0
247.0		-0.006641749375232249	-0.013998208039486454	0.0046044248990096005	174.65617	174.65617	247.0
250.0		-0.007295653363283095	-0.013998208043402988	0.002601524794011423	176.7775	176.7775	250.0
253.0		-0.007797693666731073	-0.013998208044814464	0.0010804492091601521	178.89883	178.89883	253.0
256.0		-0.008179394720605093	-0.013998208045312302	-5.8477805793407615E-5	181.02016	181.02016	256.0
259.0		-0.008466796949151586	-0.013998208045484151	-8.993774409876069E-4	183.14149	183.14149	259.0
262.0		-0.008681115077599744	-0.01399820804554221	-0.001511643050298949	185.26282	185.26282	262.0
265.0		-0.008839403110177557	-0.013998208045561407	-0.0019513088446930559	187.38415	187.38415	265.0
268.0		-0.008955194054546511	-0.01399820804556762	-0.0022627158024751135	189.50548	189.50548	268.0
271.0		-0.00903909253587989	-0.013998208045569588	-0.002480280793741135	191.62681	191.62681	271.0
274.0		-0.009099307033856073	-0.013998208045570198	-0.002630226491279911	193.74814	193.74814	274.0
277.0		-0.009142115427244675	-0.013998208045570382	-0.002732177109362091	195.86947	195.86947	277.0
280.0		-0.009172262846709966	-0.013998208045570438	-0.0028005652499888244	197.9908	197.9908	280.0
283.0		-0.009193294640457242	-0.013998208045570453	-0.0028458267507768848	200.11213	200.11213	283.0
286.0		-0.009207829748088526	-0.013998208045570459	-0.0028753833608072864	202.23346	202.23346	286.0
289.0		-0.009217781190881017	-0.01399820804557046	-0.0028944281626839797	204.35479	204.35479	289.0
292.0		-0.009224530963569217	-0.01399820804557046	-0.002906537256349293	206.47612	206.47612	292.0
RTBT_Diag:WS23

Name	X Fit	X RMS	Y Fit	Y RMS	Z Fit	Z RMS
-------	-----	-----	-----	-----	-----	-----
Area	15.294552720746772	13.500828173733181	15.815924391245806	13.397138807508682	13.076412517087252	13.195246321248373
Ampl	0.40498472319757167	0.4181315104166667	0.28017683327945814	0.26696777343750006	0.18929110842600244	0.20060221354166666
Mean	102.09005936387237	101.60621524809221	101.33377680986246	101.65757213975175	97.28217104004372	115.42780673378097
Sigma	15.066355323131459	12.25239807704965	22.52020936008934	16.607059837475905	27.559317880353316	19.251916365404995
Offset	-0.011850500459770232	-0.01055908203125	-0.012287501608677039	-0.004618326822916666	-0.0028863829714643164	-0.00396728515625
Slope	0.0	0.0	0.0	0.0	0.0	0.0

Position	X Raw	Y Raw	Z Raw
--------	-----	-----	-----
25.0		-0.010538736979166666	-0.004638671875	-0.0038655598958333335	17.67775	17.67775	25.0
28.0		-0.010579427083333334	-0.004597981770833333	-0.004069010416666667	19.79908	19.79908	28.0
31.0		-0.0107421875	-0.004964192708333333	-0.0040283203125	21.92041	21.92041	31.0
34.0		-0.0107421875	-0.004638671875	-0.004069010416666667	24.04174	24.04174	34.0
37.0		-0.010660807291666666	-0.004191080729166667	-0.0038655598958333335	26.16307	26.16307	37.0
40.0		-0.011311848958333334	-0.0052490234375	-0.004150390625	28.2844	28.2844	40.0
43.0		-0.010660807291666666	-0.004801432291666667	-0.004191080729166667	30.405730000000002	30.405730000000002	43.0
46.0		-0.010945638020833334	-0.004842122395833333	-0.004191080729166667	32.52706	32.52706	46.0
49.0		-0.01123046875	-0.005045572916666667	-0.0042724609375	34.64839	34.64839	49.0
52.0		-0.010986328125	-0.005045572916666667	-0.004638671875	36.76972	36.76972	52.0
55.0		-0.011271158854166666	-0.005086263020833333	-0.004353841145833333	38.89105	38.89105	55.0
58.0		-0.010904947916666666	-0.0048828125	-0.004313151041666667	41.01238	41.01238	58.0
61.0		-0.011433919270833334	-0.004435221354166667	-0.004679361979166667	43.13371	43.13371	61.0
64.0		-0.011637369791666666	0.0020751953125	-0.004435221354166667	45.25504	45.25504	64.0
67.0		-0.011067708333333334	0.025349934895833332	-0.0045166015625	47.37637	47.37637	67.0
70.0		-0.0113525390625	0.055419921875	-0.004150390625	49.4977	49.4977	70.0
73.0		-0.011637369791666666	0.09444173177083333	-0.004801432291666667	51.61903	51.61903	73.0
76.0		-0.011474609375	0.13863118489583334	-0.004557291666666667	53.74036	53.74036	76.0
79.0		-0.011474609375	0.18094889322916666	-0.004679361979166667	55.86169	55.86169	79.0
82.0		-0.010945638020833334	0.21256510416666666	-0.004150390625	57.98302	57.98302	82.0
85.0		-0.011474609375	0.23075358072916666	-0.0045166015625	60.104350000000004	60.104350000000004	85.0
88.0		-0.011433919270833334	0.24173990885416666	-0.004353841145833333	62.225680000000004	62.225680000000004	88.0
91.0		-0.011881510416666666	0.24650065104166666	-0.004842122395833333	64.34701	64.34701	91.0
94.0		-0.0111083984375	0.2519938151041667	-0.004150390625	66.46834	66.46834	94.0
97.0		-0.011067708333333334	0.2559814453125	-0.004109700520833333	68.58967	68.58967	97.0
100.0		-0.008504231770833334	0.2564290364583333	-0.0030924479166666665	70.711	70.711	100.0
103.0		0.0023600260416666665	0.2577311197916667	7.731119791666666E-4	72.83233	72.83233	103.0
106.0		0.03271484375	0.2566324869791667	0.013224283854166666	74.95366	74.95366	106.0
109.0		0.0748291015625	0.2510986328125	0.0325927734375	77.07499	77.07499	109.0
112.0		0.1190185546875	0.24654134114583334	0.0506591796875	79.19632	79.19632	112.0
115.0		0.15625	0.2393798828125	0.0770263671875	81.31765	81.31765	115.0
118.0		0.18827311197916666	0.22896321614583334	0.10262044270833333	83.43898	83.43898	118.0
121.0		0.21659342447916666	0.20963541666666666	0.131103515625	85.56031	85.56031	121.0
124.0		0.2432861328125	0.1805419921875	0.16068522135416666	87.68164	87.68164	124.0
127.0		0.2685546875	0.1422119140625	0.182373046875	89.80297	89.80297	127.0
130.0		0.2923177083333333	0.10160319010416667	0.19925944010416666	91.9243	91.9243	130.0
133.0		0.3177083333333333	0.057535807291666664	0.20552571614583334	94.04563	94.04563	133.0
136.0		0.3450520833333333	0.023681640625	0.20646158854166666	96.16696	96.16696	136.0
139.0		0.3749186197916667	0.004475911458333333	0.2069091796875	98.28829	98.28829	139.0
142.0		0.3971761067708333	-0.003173828125	0.20625813802083334	100.40962	100.40962	142.0
145.0		0.3970133463541667	-0.004597981770833333	0.20170084635416666	102.53095	102.53095	145.0
148.0		0.3895670572916667	-0.004353841145833333	0.19600423177083334	104.65228	104.65228	148.0
151.0		0.35986328125	-0.004353841145833333	0.19677734375	106.77361	106.77361	151.0
154.0		0.3336588541666667	-0.004801432291666667	0.19474283854166666	108.89494	108.89494	154.0
157.0		0.3063557942708333	-0.0045166015625	0.19376627604166666	111.01627	111.01627	157.0
160.0		0.2830403645833333	-0.004109700520833333	0.1943359375	113.1376	113.1376	160.0
163.0		0.254150390625	-0.003987630208333333	0.19266764322916666	115.25893	115.25893	163.0
166.0		0.22847493489583334	-0.004557291666666667	0.1944580078125	117.38026	117.38026	166.0
169.0		0.19368489583333334	-0.004231770833333333	0.195068359375	119.50159000000001	119.50159000000001	169.0
172.0		0.15836588541666666	-0.004109700520833333	0.19576009114583334	121.62292000000001	121.62292000000001	172.0
175.0		0.1158447265625	-0.004231770833333333	0.19698079427083334	123.74425000000001	123.74425000000001	175.0
178.0		0.07014973958333333	-0.004109700520833333	0.19852701822916666	125.86558000000001	125.86558000000001	178.0
181.0		0.0311279296875	-0.004191080729166667	0.200439453125	127.98691000000001	127.98691000000001	181.0
184.0		0.0021565755208333335	-0.004475911458333333	0.200927734375	130.10824	130.10824	184.0
187.0		-0.009847005208333334	-0.004150390625	0.20308430989583334	132.22957	132.22957	187.0
190.0		-0.011311848958333334	-0.004109700520833333	0.20263671875	134.3509	134.3509	190.0
193.0		-0.011759440104166666	-0.0037434895833333335	0.20157877604166666	136.47223	136.47223	193.0
196.0		-0.010986328125	-0.003946940104166667	0.200927734375	138.59356	138.59356	196.0
199.0		-0.010904947916666666	-0.004109700520833333	0.1917724609375	140.71489	140.71489	199.0
202.0		-0.011474609375	-0.004231770833333333	0.1763916015625	142.83622	142.83622	202.0
205.0		-0.011311848958333334	-0.003946940104166667	0.14937337239583334	144.95755	144.95755	205.0
208.0		-0.011433919270833334	-0.0040283203125	0.117431640625	147.07888	147.07888	208.0
211.0		-0.010945638020833334	-0.0037434895833333335	0.0845947265625	149.20021	149.20021	211.0
214.0		-0.01123046875	-0.004231770833333333	0.057047526041666664	151.32154	151.32154	214.0
217.0		-0.011433919270833334	-0.003946940104166667	0.031331380208333336	153.44287	153.44287	217.0
220.0		-0.010945638020833334	-0.0040283203125	0.010701497395833334	155.5642	155.5642	220.0
223.0		-0.011189778645833334	-0.0037841796875	-9.358723958333334E-4	157.68553	157.68553	223.0
226.0		-0.0107421875	-0.0037434895833333335	-0.0040283203125	159.80686	159.80686	226.0
229.0		-0.0113525390625	-0.003946940104166667	-0.005086263020833333	161.92819	161.92819	229.0
232.0		-0.010660807291666666	-0.0038248697916666665	-0.004557291666666667	164.04952	164.04952	232.0
235.0		-0.011149088541666666	-0.004191080729166667	-0.005330403645833333	166.17085	166.17085	235.0
238.0		-0.011474609375	-0.0040283203125	-0.0054931640625	168.29218	168.29218	238.0
241.0		-0.0111083984375	-0.004109700520833333	-0.004923502604166667	170.41351	170.41351	241.0
244.0		-0.010823567708333334	-0.0038248697916666665	-0.004720052083333333	172.53484	172.53484	244.0
247.0		-0.011149088541666666	-0.003987630208333333	-0.005167643229166667	174.65617	174.65617	247.0
250.0		-0.010986328125	-0.003987630208333333	-0.004801432291666667	176.7775	176.7775	250.0
253.0		-0.0111083984375	-0.004069010416666667	-0.004923502604166667	178.89883	178.89883	253.0
256.0		-0.011027018229166666	-0.004191080729166667	-0.004638671875	181.02016	181.02016	256.0
259.0		-0.010782877604166666	-0.0037434895833333335	-0.0047607421875	183.14149	183.14149	259.0
262.0		-0.010579427083333334	-0.003946940104166667	-0.005086263020833333	185.26282	185.26282	262.0
265.0		-0.010945638020833334	-0.003946940104166667	-0.004842122395833333	187.38415	187.38415	265.0
268.0		-0.010782877604166666	-0.0038248697916666665	-0.004720052083333333	189.50548	189.50548	268.0
271.0		-0.010782877604166666	-0.0037434895833333335	-0.004842122395833333	191.62681	191.62681	271.0
274.0		-0.010986328125	-0.004150390625	-0.0047607421875	193.74814	193.74814	274.0
277.0		-0.0106201171875	-0.0038248697916666665	-0.00439453125	195.86947	195.86947	277.0
280.0		-0.010335286458333334	-0.0038248697916666665	-0.00439453125	197.9908	197.9908	280.0
283.0		-0.010498046875	-0.00390625	-0.00439453125	200.11213	200.11213	283.0
286.0		-0.010579427083333334	-0.0038655598958333335	-0.0045166015625	202.23346	202.23346	286.0
289.0		-0.010457356770833334	-0.003946940104166667	-0.00439453125	204.35479	204.35479	289.0
292.0		-0.010498046875	-0.004069010416666667	-0.004638671875	206.47612	206.47612	292.0

Position	X Fit	Y Fit	Z Fit
--------	-----	-----	-----
25.0		-0.01185043864012257	-0.011383479462375355	1.0685334840213707E-4	17.67775	17.67775	25.0
28.0		-0.011850365744316515	-0.010884148105782298	8.237194694660651E-4	19.79908	19.79908	28.0
31.0		-0.011850212654539243	-0.010145003108841328	0.0016896552151676259	21.92041	21.92041	31.0
34.0		-0.011849897663827417	-0.009071960709586066	0.002728681709470924	24.04174	24.04174	34.0
37.0		-0.011849262711493416	-0.007544454508384171	0.003967026331806227	26.16307	26.16307	37.0
40.0		-0.011848008823107692	-0.005412632716612114	0.005432942844999322	28.2844	28.2844	40.0
43.0		-0.01184558315114118	-0.0024963322251640857	0.007156424572107514	30.405730000000002	30.405730000000002	43.0
46.0		-0.01184098651569845	0.0014132027325137516	0.009168798033511139	32.52706	32.52706	46.0
49.0		-0.01183245432927998	0.006547851921251206	0.011502187142193964	34.64839	34.64839	49.0
52.0		-0.01181694231331275	0.013152508946122915	0.01418884183374954	36.76972	36.76972	52.0
55.0		-0.011789321482980248	0.02146974747371446	0.01726032988917818	38.89105	38.89105	55.0
58.0		-0.011741155989317763	0.031719208621195795	0.0207465966349809	41.01238	41.01238	58.0
61.0		-0.011658906499462614	0.04407238506906906	0.024674904039518206	43.13371	43.13371	61.0
64.0		-0.011521378260998503	0.058624352158717356	0.029068668245432715	45.25504	45.25504	64.0
67.0		-0.01129622849887378	0.07536490546779423	0.03394622247821772	47.37637	47.37637	67.0
70.0		-0.010935378419225913	0.09415235667191721	0.039319540164491455	49.4977	49.4977	70.0
73.0		-0.010369260247067405	0.11469374122388272	0.04519296052767157	51.61903	51.61903	73.0
76.0		-0.009499989153583289	0.13653523750837837	0.05156196540506015	53.74036	53.74036	76.0
79.0		-0.00819379847344089	0.15906606872612616	0.058412061031644646	55.86169	55.86169	79.0
82.0		-0.0062734167489646294	0.1815380192130595	0.0657178215592117	57.98302	57.98302	82.0
85.0		-0.003511478238489912	0.20310101777191544	0.07344215167277708	60.104350000000004	60.104350000000004	85.0
88.0		3.7350320439192425E-4	0.22285320845105214	0.08153582346746419	62.225680000000004	62.225680000000004	88.0
91.0		0.0057166849128995195	0.23990182795037718	0.08993733752192597	64.34701	64.34701	91.0
94.0		0.012899845230821477	0.25342937743469424	0.09857314977222312	66.46834	66.46834	94.0
97.0		0.022335691474141352	0.26275834834875555	0.1073582944593231	68.58967	68.58967	97.0
100.0		0.03444199113748812	0.2674073973445623	0.11619741939811855	70.711	70.711	100.0
103.0		0.04960499984964169	0.2671324934271794	0.12498623359843399	72.83233	72.83233	103.0
106.0		0.06813317057552486	0.2619481420662058	0.13361334954585252	74.95366	74.95366	106.0
109.0		0.09020402794563287	0.2521261170250801	0.14196248406522105	77.07499	77.07499	109.0
112.0		0.11580913487777073	0.2381718542228209	0.1499149635984074	79.19632	79.19632	112.0
115.0		0.14470390429134175	0.22078136150335184	0.15735246294471783	81.31765	81.31765	115.0
118.0		0.17637018702881993	0.20078375672332693	0.16415989204680728	83.43898	83.43898	118.0
121.0		0.20999968283542014	0.17907602987524168	0.17022833419377695	85.56031	85.56031	121.0
124.0		0.2445049766782538	0.15655714165901088	0.17545793185375314	87.68164	87.68164	124.0
127.0		0.27856231823157634	0.13406810154153193	0.17976061383742256	89.80297	89.80297	127.0
130.0		0.31068634618816465	0.11234335857231005	0.18306255997837925	91.9243	91.9243	130.0
133.0		0.3393323193678069	0.09197695980598708	0.18530630705792892	94.04563	94.04563	133.0
136.0		0.3630168011849535	0.07340482141701399	0.1864524120637544	96.16696	96.16696	136.0
139.0		0.38044400997907646	0.05690245208074431	0.18648060552212878	98.28829	98.28829	139.0
142.0		0.3906229843395491	0.042595841717052996	0.18539038778346975	100.40962	100.40962	142.0
145.0		0.39296085790217206	0.03048215546720401	0.18320104375141297	102.53095	102.53095	145.0
148.0		0.3873200358704731	0.02045641163045999	0.17995107544872674	104.65228	104.65228	148.0
151.0		0.3740316035819131	0.012340425941584196	0.17569707574859816	106.77361	106.77361	151.0
154.0		0.35386314971045985	0.0059108470988317886	0.17051208930433423	108.89494	108.89494	154.0
157.0		0.32794535362743926	9.239221090104454E-4	0.16448352700077387	111.01627	111.01627	157.0
160.0		0.2976671023319714	-0.0028644577578739623	0.1577107170975889	113.1376	113.1376	160.0
163.0		0.26455265899071406	-0.0056840163507886465	0.15030218882709967	115.25893	115.25893	163.0
166.0		0.23013593661566054	-0.007740533082294746	0.14237279200154904	117.38026	117.38026	166.0
169.0		0.19584611514803726	-0.009210837447826387	0.1340407589244308	119.50159000000001	119.50159000000001	169.0
172.0		0.1629159987280092	-0.010241444526361537	0.12542481263479568	121.62292000000001	121.62292000000001	172.0
175.0		0.1323203054608444	-0.010949823692843624	0.11664141857544372	123.74425000000001	123.74425000000001	175.0
178.0		0.10474635500003496	-0.011427344008413009	0.10780226575089862	125.86558000000001	125.86558000000001	178.0
181.0		0.08059520098871772	-0.01174308439855536	0.09901204911764358	127.98691000000001	127.98691000000001	181.0
184.0		0.06000780616126296	-0.011947885741147645	0.09036660825868721	130.10824	130.10824	184.0
187.0		0.04290876419765202	-0.012078216312545367	0.08195145934456426	132.22957	132.22957	187.0
190.0		0.029059417521948853	-0.012159595289794708	0.07384073898911823	134.3509	134.3509	190.0
193.0		0.01811282299137876	-0.012209457089055423	0.06609656083120255	136.47223	136.47223	193.0
196.0		0.009664518271705332	-0.012239438160266788	0.058768769362486414	138.59356	138.59356	196.0
199.0		0.003295007618554965	-0.012257130298058166	0.051895061372444096	140.71489	140.71489	199.0
202.0		-0.0013980928422049083	-0.012267377259961777	0.045501433906444996	142.83622	142.83622	202.0
205.0		-0.004778550142210857	-0.012273202539479422	0.03960290914575645	144.95755	144.95755	205.0
208.0		-0.0071596408372409225	-0.01227645317490685	0.03420448123549812	147.07888	147.07888	208.0
211.0		-0.008800105711796645	-0.012278233792548512	0.02930222773988843	149.20021	149.20021	211.0
214.0		-0.009905812054362107	-0.01227919130256688	0.024884528864877985	151.32154	151.32154	214.0
217.0		-0.010635058073189447	-0.012279696782613658	0.020933340499581364	153.44287	153.44287	217.0
220.0		-0.011105752876311083	-0.012279958763221582	0.017425472041499038	155.5642	155.5642	220.0
223.0		-0.01140312289600941	-0.012280092070502277	0.014333826385046341	157.68553	157.68553	223.0
226.0		-0.011587031370596771	-0.012280158670194607	0.011628566851062514	159.80686	159.80686	226.0
229.0		-0.011698384244178649	-0.012280191339298762	0.009278183716638962	161.92819	161.92819	229.0
232.0		-0.0117643987596374	-0.012280207074089724	0.007250440914388076	164.04952	164.04952	232.0
235.0		-0.011802721321357445	-0.012280214515491347	0.005513191018210118	166.17085	166.17085	235.0
238.0		-0.011824507527605914	-0.01228021797113564	0.004035053507600269	168.29218	168.29218	238.0
241.0		-0.011836637287974069	-0.012280219546908631	0.0027859572785941897	170.41351	170.41351	241.0
244.0		-0.011843251756711859	-0.01228022025250735	0.0017375533055251236	172.53484	172.53484	244.0
247.0		-0.011846784693519108	-0.012280220562770375	8.635071920904806E-4	174.65617	174.65617	247.0
250.0		-0.01184863310500261	-0.012280220696743732	1.3968409052670305E-4	176.7775	176.7775	250.0
253.0		-0.011849580443185764	-0.012280220753554493	-4.557598213676727E-4	178.89883	178.89883	253.0
256.0		-0.011850056079417018	-0.012280220777212254	-9.423643264128687E-4	181.02016	181.02016	256.0
259.0		-0.011850290031339767	-0.012280220786887328	-0.001337415634595608	183.14149	183.14149	259.0
262.0		-0.011850402771064805	-0.012280220790773113	-0.0016560459767375317	185.26282	185.26282	262.0
265.0		-0.01185045599923719	-0.0122802207923058	-0.0019113690796336456	187.38415	187.38415	265.0
268.0		-0.011850480621886142	-0.012280220792899522	-0.002114639713208974	189.50548	189.50548	268.0
271.0		-0.011850491782034824	-0.0122802207931254	-0.0022754271290980864	191.62681	191.62681	271.0
274.0		-0.011850496738357561	-0.012280220793209798	-0.002401793914100148	193.74814	193.74814	274.0
277.0		-0.01185049889518354	-0.012280220793240768	-0.002500473465028091	195.86947	195.86947	277.0
280.0		-0.01185049981488593	-0.01228022079325193	-0.0025770408795548756	197.9908	197.9908	280.0
283.0		-0.01185050019918227	-0.012280220793255883	-0.0026360734982458045	200.11213	200.11213	283.0
286.0		-0.011850500356537537	-0.012280220793257256	-0.00268129859314956	202.23346	202.23346	286.0
289.0		-0.011850500419677047	-0.012280220793257725	-0.0027157267621545885	204.35479	204.35479	289.0
292.0		-0.01185050044450462	-0.012280220793257883	-0.0027417704537260556	206.47612	206.47612	292.0
RTBT_Diag:WS21

Name	X Fit	X RMS	Y Fit	Y RMS	Z Fit	Z RMS
-------	-----	-----	-----	-----	-----	-----
Area	15.553382613363599	13.720795892686631	15.992483232251878	13.517430284288196	12.990944609992072	13.596514558268229
Ampl	0.42191272509984684	0.4287516276041667	0.28094124026447675	0.26367187499999994	0.17570075134155744	0.18693033854166666
Mean	97.55829362038993	97.4239427790773	102.03851322434127	100.81116995150876	97.92450472593809	118.06498981401613
Sigma	14.706600580162311	11.974121130587049	22.709651754758628	16.599155088105874	29.496954496250467	20.73993126416093
Offset	0.0032510825943440585	0.00482177734375	-0.012531319267540905	-0.004231770833333334	0.00557500962857988	0.00360107421875
Slope	0.0	0.0	0.0	0.0	0.0	0.0

Position	X Raw	Y Raw	Z Raw
--------	-----	-----	-----
25.0		0.004842122395833333	-0.00439453125	0.0035807291666666665	17.67775	17.67775	25.0
28.0		0.004801432291666667	-0.004069010416666667	0.0036214192708333335	19.79908	19.79908	28.0
31.0		0.004475911458333333	-0.0037841796875	0.0033772786458333335	21.92041	21.92041	31.0
34.0		0.0045166015625	-0.0042724609375	0.0029703776041666665	24.04174	24.04174	34.0
37.0		0.0048828125	-0.00390625	0.0035807291666666665	26.16307	26.16307	37.0
40.0		0.00439453125	-0.004475911458333333	0.0030110677083333335	28.2844	28.2844	40.0
43.0		0.004923502604166667	-0.004231770833333333	0.0030517578125	30.405730000000002	30.405730000000002	43.0
46.0		0.004435221354166667	-0.00439453125	0.00341796875	32.52706	32.52706	46.0
49.0		0.004475911458333333	-0.004313151041666667	0.0030924479166666665	34.64839	34.64839	49.0
52.0		0.0048828125	-0.004353841145833333	0.0032145182291666665	36.76972	36.76972	52.0
55.0		0.00439453125	-0.004353841145833333	0.0034993489583333335	38.89105	38.89105	55.0
58.0		0.004191080729166667	-0.004313151041666667	0.0029703776041666665	41.01238	41.01238	58.0
61.0		0.00439453125	-0.0025634765625	0.0032552083333333335	43.13371	43.13371	61.0
64.0		0.004679361979166667	0.007771809895833333	0.0033365885416666665	45.25504	45.25504	64.0
67.0		0.0045166015625	0.034220377604166664	0.0032145182291666665	47.37637	47.37637	67.0
70.0		0.004679361979166667	0.06722005208333333	0.0032958984375	49.4977	49.4977	70.0
73.0		0.004435221354166667	0.1083984375	0.0028889973958333335	51.61903	51.61903	73.0
76.0		0.004353841145833333	0.1534423828125	0.0034586588541666665	53.74036	53.74036	76.0
79.0		0.0042724609375	0.1932373046875	0.0029703776041666665	55.86169	55.86169	79.0
82.0		0.004964192708333333	0.2213134765625	0.0037434895833333335	57.98302	57.98302	82.0
85.0		0.004353841145833333	0.23665364583333334	0.0032145182291666665	60.104350000000004	60.104350000000004	85.0
88.0		0.00439453125	0.24532063802083334	0.003173828125	62.225680000000004	62.225680000000004	88.0
91.0		0.0038655598958333335	0.2471923828125	0.0034993489583333335	64.34701	64.34701	91.0
94.0		0.004964192708333333	0.2509358723958333	0.0034586588541666665	66.46834	66.46834	94.0
97.0		0.010416666666666666	0.2540283203125	0.0033365885416666665	68.58967	68.58967	97.0
100.0		0.029256184895833332	0.2552083333333333	0.005045572916666667	70.711	70.711	100.0
103.0		0.06941731770833333	0.2565511067708333	0.010050455729166666	72.83233	72.83233	103.0
106.0		0.12162272135416667	0.2554117838541667	0.021484375	74.95366	74.95366	106.0
109.0		0.16605631510416666	0.2516276041666667	0.039265950520833336	77.07499	77.07499	109.0
112.0		0.20414225260416666	0.2501627604166667	0.057047526041666664	79.19632	79.19632	112.0
115.0		0.23697916666666666	0.24361165364583334	0.080810546875	81.31765	81.31765	115.0
118.0		0.268310546875	0.2330322265625	0.10384114583333333	83.43898	83.43898	118.0
121.0		0.2984619140625	0.21158854166666666	0.1282958984375	85.56031	85.56031	121.0
124.0		0.3259684244791667	0.177490234375	0.15474446614583334	87.68164	87.68164	124.0
127.0		0.3535970052083333	0.13448079427083334	0.1768798828125	89.80297	89.80297	127.0
130.0		0.3821614583333333	0.09114583333333333	0.1939697265625	91.9243	91.9243	130.0
133.0		0.4075520833333333	0.0478515625	0.20235188802083334	94.04563	94.04563	133.0
136.0		0.42724609375	0.016153971354166668	0.205810546875	96.16696	96.16696	136.0
139.0		0.4383951822916667	0.0013834635416666667	0.20585123697916666	98.28829	98.28829	139.0
142.0		0.4161376953125	-0.003987630208333333	0.20414225260416666	100.40962	100.40962	142.0
145.0		0.3848876953125	-0.004313151041666667	0.20121256510416666	102.53095	102.53095	145.0
148.0		0.3538818359375	-0.004557291666666667	0.19742838541666666	104.65228	104.65228	148.0
151.0		0.3286539713541667	-0.004231770833333333	0.19783528645833334	106.77361	106.77361	151.0
154.0		0.3004557291666667	-0.004191080729166667	0.19571940104166666	108.89494	108.89494	154.0
157.0		0.2725423177083333	-0.004353841145833333	0.19482421875	111.01627	111.01627	157.0
160.0		0.24320475260416666	-0.004231770833333333	0.19405110677083334	113.1376	113.1376	160.0
163.0		0.20833333333333334	-0.0042724609375	0.19189453125	115.25893	115.25893	163.0
166.0		0.170654296875	-0.004475911458333333	0.19413248697916666	117.38026	117.38026	166.0
169.0		0.1268310546875	-0.004475911458333333	0.1951904296875	119.50159000000001	119.50159000000001	169.0
172.0		0.082275390625	-0.0042724609375	0.195068359375	121.62292000000001	121.62292000000001	172.0
175.0		0.040242513020833336	-0.00439453125	0.19571940104166666	123.74425000000001	123.74425000000001	175.0
178.0		0.015543619791666666	-0.0038655598958333335	0.19685872395833334	125.86558000000001	125.86558000000001	178.0
181.0		0.005126953125	-0.004231770833333333	0.197509765625	127.98691000000001	127.98691000000001	181.0
184.0		0.003987630208333333	-0.0045166015625	0.1983642578125	130.10824	130.10824	184.0
187.0		0.004109700520833333	-0.0042724609375	0.20027669270833334	132.22957	132.22957	187.0
190.0		0.0045166015625	-0.0038248697916666665	0.20186360677083334	134.3509	134.3509	190.0
193.0		0.004353841145833333	-0.003946940104166667	0.2027587890625	136.47223	136.47223	193.0
196.0		0.003987630208333333	-0.004150390625	0.20389811197916666	138.59356	138.59356	196.0
199.0		0.00439453125	-0.004313151041666667	0.203125	140.71489	140.71489	199.0
202.0		0.004435221354166667	-0.0038248697916666665	0.20161946614583334	142.83622	142.83622	202.0
205.0		0.0045166015625	-0.0040283203125	0.19466145833333334	144.95755	144.95755	205.0
208.0		0.004069010416666667	-0.0040283203125	0.17923990885416666	147.07888	147.07888	208.0
211.0		0.004109700520833333	-0.004069010416666667	0.15266927083333334	149.20021	149.20021	211.0
214.0		0.0038655598958333335	-0.004638671875	0.12284342447916667	151.32154	151.32154	214.0
217.0		0.004069010416666667	-0.004150390625	0.09708658854166667	153.44287	153.44287	217.0
220.0		0.004475911458333333	-0.0038655598958333335	0.072509765625	155.5642	155.5642	220.0
223.0		0.004435221354166667	-0.003987630208333333	0.049560546875	157.68553	157.68553	223.0
226.0		0.004109700520833333	-0.003946940104166667	0.0277099609375	159.80686	159.80686	226.0
229.0		0.004557291666666667	-0.0038248697916666665	0.0133056640625	161.92819	161.92819	229.0
232.0		0.004475911458333333	-0.0037434895833333335	0.006184895833333333	164.04952	164.04952	232.0
235.0		0.0038655598958333335	-0.004231770833333333	0.00341796875	166.17085	166.17085	235.0
238.0		0.004313151041666667	-0.004191080729166667	0.0030110677083333335	168.29218	168.29218	238.0
241.0		0.004638671875	-0.0040283203125	0.002685546875	170.41351	170.41351	241.0
244.0		0.004313151041666667	-0.004109700520833333	0.0028483072916666665	172.53484	172.53484	244.0
247.0		0.005045572916666667	-0.00390625	0.0030924479166666665	174.65617	174.65617	247.0
250.0		0.004353841145833333	-0.0040283203125	0.0029703776041666665	176.7775	176.7775	250.0
253.0		0.004638671875	-0.0040283203125	0.0028483072916666665	178.89883	178.89883	253.0
256.0		0.004231770833333333	-0.004109700520833333	0.0027669270833333335	181.02016	181.02016	256.0
259.0		0.004842122395833333	-0.0037841796875	0.0029703776041666665	183.14149	183.14149	259.0
262.0		0.004720052083333333	-0.003987630208333333	0.0028483072916666665	185.26282	185.26282	262.0
265.0		0.004191080729166667	-0.003987630208333333	0.0031331380208333335	187.38415	187.38415	265.0
268.0		0.004231770833333333	-0.003987630208333333	0.0023193359375	189.50548	189.50548	268.0
271.0		0.00439453125	-0.003946940104166667	0.0030110677083333335	191.62681	191.62681	271.0
274.0		0.004353841145833333	-0.004069010416666667	0.0024820963541666665	193.74814	193.74814	274.0
277.0		0.0050048828125	-0.0037027994791666665	0.0030517578125	195.86947	195.86947	277.0
280.0		0.0048828125	-0.0038655598958333335	0.0031331380208333335	197.9908	197.9908	280.0
283.0		0.004964192708333333	-0.0037027994791666665	0.0029296875	200.11213	200.11213	283.0
286.0		0.0048828125	-0.004109700520833333	0.0026448567708333335	202.23346	202.23346	286.0
289.0		0.0047607421875	-0.004150390625	0.00341796875	204.35479	204.35479	289.0
292.0		0.004313151041666667	-0.003946940104166667	0.0030110677083333335	206.47612	206.47612	292.0

Position	X Fit	Y Fit	Z Fit
--------	-----	-----	-----
25.0		0.0032512481166999544	-0.011664322717013864	0.009878712421575665	17.67775	17.67775	25.0
28.0		0.0032514411834924733	-0.011172874914124662	0.010803173247269378	19.79908	19.79908	28.0
31.0		0.003251843448868398	-0.010447362461606588	0.01189155885729138	21.92041	21.92041	31.0
34.0		0.003252663733569151	-0.009396608283374045	0.013165362915018412	24.04174	24.04174	34.0
37.0		0.0032543007170458176	-0.007903880636091924	0.014647297776845425	26.16307	26.16307	37.0
40.0		0.003257497630168262	-0.0058241429782567985	0.01636102488152547	28.2844	28.2844	40.0
43.0		0.0032636070706007023	-0.002982957717129685	0.01833080528902085	30.405730000000002	30.405730000000002	43.0
46.0		0.003275031411173815	8.220453559676585E-4	0.020581066696880854	32.52706	32.52706	46.0
49.0		0.0032959336378398873	0.005816183266911844	0.023135885844794212	34.64839	34.64839	49.0
52.0		0.0033333494771898967	0.012238360350613634	0.026018388333449997	36.76972	36.76972	52.0
55.0		0.003398871397754083	0.020326754656434992	0.02925007147364767	38.89105	38.89105	55.0
58.0		0.003511111737309448	0.03029944778149256	0.032850059750140805	41.01238	41.01238	58.0
61.0		0.0036991738997769743	0.042330565949105246	0.03683430669859313	43.13371	43.13371	61.0
64.0		0.004007349351035209	0.05652331161755157	0.04121476128372388	45.25504	45.25504	64.0
67.0		0.004501190508541952	0.07288212086763396	0.04599852103084182	47.37637	47.37637	67.0
70.0		0.005274959056541728	0.09128694590492246	0.05118699797543139	49.4977	49.4977	70.0
73.0		0.0064601917922328155	0.11147317494467955	0.056775126715368246	51.61903	51.61903	73.0
76.0		0.008234749319002841	0.13302080841045696	0.06275064623436166	53.74036	53.74036	76.0
79.0		0.01083122717281123	0.15535609339620218	0.06909348848186446	55.86169	55.86169	79.0
82.0		0.014543059656230255	0.17776783161396392	0.07577530673986081	57.98302	57.98302	82.0
85.0		0.019726122916191472	0.19943907005619516	0.08275917541973982	60.104350000000004	60.104350000000004	85.0
88.0		0.02679327939678972	0.21949301456176276	0.08999949001018191	62.225680000000004	62.225680000000004	88.0
91.0		0.036199266879105886	0.2370500239058041	0.09744209140816934	64.34701	64.34701	91.0
94.0		0.04841379194101818	0.25129075378219273	0.1050246328595917	66.46834	66.46834	94.0
97.0		0.06388176967737273	0.2615192394037037	0.11267720035012334	68.58967	68.58967	97.0
100.0		0.08297139514050764	0.2672191901577765	0.1203231887454768	70.711	70.711	100.0
103.0		0.10591302957597806	0.2680971660658668	0.127880426590077	72.83233	72.83233	103.0
106.0		0.13273445463013936	0.26410761082532125	0.13526253261426666	74.95366	74.95366	106.0
109.0		0.16320044239586826	0.25545676879513013	0.14238047710814722	77.07499	77.07499	109.0
112.0		0.19676625100120976	0.242585017132473	0.14914431186601454	79.19632	79.19632	112.0
115.0		0.23255502369125206	0.22612971985598984	0.1554650238702232	81.31765	81.31765	115.0
118.0		0.26936771976921264	0.20687296502909755	0.16125646073127592	83.43898	83.43898	118.0
121.0		0.3057309926697663	0.1856801461414177	0.16643727055092572	85.56031	85.56031	121.0
124.0		0.3399835902096236	0.1634360801095902	0.1709327956740654	87.68164	87.68164	124.0
127.0		0.37039602887685835	0.14098515678004195	0.1746768589943567	89.80297	89.80297	127.0
130.0		0.3953124636563745	0.11908098409779624	0.17761338321443682	91.9243	91.9243	130.0
133.0		0.41329896842990055	0.09834935266426133	0.17969778774337644	94.04563	94.04563	133.0
136.0		0.42327990187413433	0.07926639364270337	0.1808981146187726	96.16696	96.16696	136.0
139.0		0.4246443598325552	0.06215186144691574	0.18119584371602218	98.28829	98.28829	139.0
142.0		0.4173080688718935	0.047175812944359796	0.1805863681823374	100.40962	100.40962	142.0
145.0		0.40172200175863365	0.03437577038191235	0.17907911303787555	102.53095	102.53095	145.0
148.0		0.3788264901894306	0.023680834345739345	0.1766972926766672	104.65228	104.65228	148.0
151.0		0.3499573270053723	0.014939142152559861	0.1734773159874075	106.77361	106.77361	151.0
154.0		0.3167168940537312	0.00794545074425927	0.16946786039909104	108.89494	108.89494	154.0
157.0		0.2808275848373067	0.002466315834937916	0.1647286477620507	111.01627	111.01627	157.0
160.0		0.24398607239270442	-0.0017388206102977415	0.1593289650792623	113.1376	113.1376	160.0
163.0		0.20773527343854484	-0.004901481614324486	0.1533459812674087	115.25893	115.25893	163.0
166.0		0.1733667282076661	-0.007233062929709839	0.14686291702047577	117.38026	117.38026	166.0
169.0		0.1418605130151635	-0.00891836497703268	0.13996712826179364	119.50159000000001	119.50159000000001	169.0
172.0		0.11386386092262717	-0.010112969359601199	0.13274816452596855	121.62292000000001	121.62292000000001	172.0
175.0		0.08970443203310204	-0.010943523544068244	0.12529586196406808	123.74425000000001	123.74425000000001	175.0
178.0		0.06943040973387743	-0.011509994982012661	0.11769852669146202	125.86558000000001	125.86558000000001	178.0
181.0		0.052867667847978014	-0.011889060927268177	0.11004125818444199	127.98691000000001	127.98691000000001	181.0
184.0		0.039684121438477486	-0.012137964913085525	0.10240445475375355	130.10824	130.10824	184.0
187.0		0.029452689260490727	-0.012298354804041803	0.09486253421806541	132.22957	132.22957	187.0
190.0		0.02170652454103085	-0.012399790978856648	0.08748289324129202	134.3509	134.3509	190.0
193.0		0.01598274097900579	-0.012462758669726376	0.08032511886520259	136.47223	136.47223	193.0
196.0		0.011853281997520823	-0.012501128176198499	0.07344045602439371	138.59356	138.59356	196.0
199.0		0.008943516996579538	-0.0125240806448374	0.06687152569308007	140.71489	140.71489	199.0
202.0		0.006940438599629133	-0.01253756020244973	0.060652280138556613	142.83622	142.83622	202.0
205.0		0.0055929758470726594	-0.012545332522502266	0.05480817482427221	144.95755	144.95755	205.0
208.0		0.004707036503722597	-0.012549732779199177	0.049356531010684886	147.07888	147.07888	208.0
211.0		0.004137609986776848	-0.01255217890704494	0.044307059150841335	149.20021	149.20021	211.0
214.0		0.003779772103038574	-0.012553514191573759	0.039662510790844846	151.32154	151.32154	214.0
217.0		0.0035598797037197727	-0.012554229972541756	0.03541942580577396	153.44287	153.44287	217.0
220.0		0.003427731015846464	-0.012554606775979185	0.03156894230487051	155.5642	155.5642	220.0
223.0		0.0033500541271841806	-0.012554801577966934	0.02809763824841055	157.68553	157.68553	223.0
226.0		0.0033053919728395146	-0.01255490048564796	0.024988376517296906	159.80686	159.80686	226.0
229.0		0.0032802705293126506	-0.01255494980734514	0.022221128627796346	161.92819	161.92819	229.0
232.0		0.003266446297512602	-0.012554973963603833	0.019773756243956556	164.04952	164.04952	232.0
235.0		0.003259003091576876	-0.0125549855838801	0.01762273387200397	166.17085	166.17085	235.0
238.0		0.0032550817930763333	-0.01255499107434394	0.015743800405879065	168.29218	168.29218	238.0
241.0		0.0032530602811964597	-0.012554993622449344	0.01411253133991847	170.41351	170.41351	241.0
244.0		0.003252040463232166	-0.012554994784033921	0.012704827316091395	172.53484	172.53484	244.0
247.0		0.00325153697371855	-0.012554995304171356	0.011497318108701011	174.65617	174.65617	247.0
250.0		0.0032512936977071093	-0.012554995532956277	0.010467684086426635	176.7775	176.7775	250.0
253.0		0.0032511786528208065	-0.012554995631808489	0.009594899583683378	178.89883	178.89883	253.0
256.0		0.003251125403852371	-0.012554995673765282	0.00885940444720185	181.02016	181.02016	256.0
259.0		0.0032511012800187987	-0.012554995691258994	0.008243211314548103	183.14149	183.14149	259.0
262.0		0.003251090582404287	-0.012554995698424252	0.007729956966983281	185.26282	185.26282	262.0
265.0		0.003251085938895479	-0.012554995701307338	0.007304906434630109	187.38415	187.38415	265.0
268.0		0.00325108396585231	-0.012554995702446973	0.006954918483665875	189.50548	189.50548	268.0
271.0		0.003251083145180892	-0.012554995702889522	0.006668380755359655	191.62681	191.62681	271.0
274.0		0.003251082811020414	-0.012554995703058352	0.006435122228490809	193.74814	193.74814	274.0
277.0		0.0032510826778205278	-0.012554995703121626	0.00624630991047773	195.86947	195.86947	277.0
280.0		0.0032510826258418876	-0.012554995703144925	0.006094335793001873	197.9908	197.9908	280.0
283.0		0.003251082605984278	-0.012554995703153353	0.005972699191635318	200.11213	200.11213	283.0
286.0		0.003251082598557197	-0.012554995703156348	0.005875888673318881	202.23346	202.23346	286.0
289.0		0.0032510825958375895	-0.012554995703157393	0.005799266898081429	204.35479	204.35479	289.0
292.0		0.003251082594862604	-0.012554995703157752	0.005738960890105629	206.47612	206.47612	292.0
RTBT_Diag:WS20

Name	X Fit	X RMS	Y Fit	Y RMS	Z Fit	Z RMS
-------	-----	-----	-----	-----	-----	-----
Area	16.165389820735857	14.122490920003255	16.165896336145025	13.985076226128475	13.613765742926228	13.364084562649197
Ampl	0.2914129023795659	0.2920328776041667	0.31661957581916533	0.3055826822916667	0.2816491849945543	0.28348795572916663
Mean	89.48112890054959	89.87578373871261	102.42130091026216	102.82647838208764	141.10801819475554	127.62572906039028
Sigma	22.130308665134393	18.02554762301425	20.369111835202204	15.497283150469707	19.283232615918646	13.736928793989179
Offset	-0.009168287044619462	-8.544921875E-4	-0.00356178804385052	0.00335693359375	0.004052531798460467	-7.527669270833333E-4
Slope	0.0	0.0	0.0	0.0	0.0	0.0

Position	X Raw	Y Raw	Z Raw
--------	-----	-----	-----
25.0		-0.0010579427083333333	0.003173828125	-7.731119791666666E-4	17.67775	17.67775	25.0
28.0		-6.510416666666666E-4	0.0035400390625	-7.32421875E-4	19.79908	19.79908	28.0
31.0		-7.32421875E-4	0.0031331380208333335	-7.731119791666666E-4	21.92041	21.92041	31.0
34.0		-0.001220703125	0.0032145182291666665	-0.0010986328125	24.04174	24.04174	34.0
37.0		-8.544921875E-4	0.0028889973958333335	-6.103515625E-4	26.16307	26.16307	37.0
40.0		-0.001220703125	0.0029703776041666665	-8.138020833333334E-4	28.2844	28.2844	40.0
43.0		-8.544921875E-4	0.0031331380208333335	-8.138020833333334E-4	30.405730000000002	30.405730000000002	43.0
46.0		-6.510416666666666E-4	0.0033772786458333335	-5.289713541666666E-4	32.52706	32.52706	46.0
49.0		-0.0011393229166666667	0.0030924479166666665	-8.544921875E-4	34.64839	34.64839	49.0
52.0		-0.0013020833333333333	0.0027669270833333335	-8.544921875E-4	36.76972	36.76972	52.0
55.0		-0.0013020833333333333	0.0025227864583333335	-0.0010986328125	38.89105	38.89105	55.0
58.0		-0.0013020833333333333	0.0027669270833333335	-0.0011800130208333333	41.01238	41.01238	58.0
61.0		-0.001220703125	0.0028889973958333335	-0.0011800130208333333	43.13371	43.13371	61.0
64.0		4.069010416666667E-4	0.004353841145833333	-0.0011800130208333333	45.25504	45.25504	64.0
67.0		0.005330403645833333	0.0177001953125	-7.731119791666666E-4	47.37637	47.37637	67.0
70.0		0.015706380208333332	0.040242513020833336	-6.510416666666666E-4	49.4977	49.4977	70.0
73.0		0.031534830729166664	0.07670084635416667	-8.951822916666666E-4	51.61903	51.61903	73.0
76.0		0.053019205729166664	0.12325032552083333	-5.696614583333334E-4	53.74036	53.74036	76.0
79.0		0.0750732421875	0.15934244791666666	-6.103515625E-4	55.86169	55.86169	79.0
82.0		0.09785970052083333	0.1932373046875	-6.103515625E-4	57.98302	57.98302	82.0
85.0		0.11600748697916667	0.22151692708333334	-8.544921875E-4	60.104350000000004	60.104350000000004	85.0
88.0		0.13232421875	0.2511393229166667	-8.951822916666666E-4	62.225680000000004	62.225680000000004	88.0
91.0		0.14790852864583334	0.2757975260416667	-0.0010579427083333333	64.34701	64.34701	91.0
94.0		0.16324869791666666	0.2891438802083333	-8.951822916666666E-4	66.46834	66.46834	94.0
97.0		0.17850748697916666	0.30419921875	-6.510416666666666E-4	68.58967	68.58967	97.0
100.0		0.19222005208333334	0.309814453125	-4.8828125E-4	70.711	70.711	100.0
103.0		0.20345052083333334	0.3122965494791667	-6.917317708333334E-4	72.83233	72.83233	103.0
106.0		0.21610514322916666	0.3084716796875	-6.917317708333334E-4	74.95366	74.95366	106.0
109.0		0.22900390625	0.3026936848958333	-8.544921875E-4	77.07499	77.07499	109.0
112.0		0.244384765625	0.2926839192708333	-6.103515625E-4	79.19632	79.19632	112.0
115.0		0.2580159505208333	0.2756754557291667	-6.917317708333334E-4	81.31765	81.31765	115.0
118.0		0.2714029947916667	0.249755859375	-8.138020833333334E-4	83.43898	83.43898	118.0
121.0		0.28173828125	0.21761067708333334	-8.951822916666666E-4	85.56031	85.56031	121.0
124.0		0.2890625	0.1864013671875	-7.731119791666666E-4	87.68164	87.68164	124.0
127.0		0.2903238932291667	0.155029296875	-9.358723958333334E-4	89.80297	89.80297	127.0
130.0		0.2860514322916667	0.1185302734375	-0.0016682942708333333	91.9243	91.9243	130.0
133.0		0.2799072265625	0.0712890625	-9.765625E-4	94.04563	94.04563	133.0
136.0		0.2701416015625	0.036580403645833336	3.662109375E-4	96.16696	96.16696	136.0
139.0		0.257080078125	0.014444986979166666	0.0125732421875	98.28829	98.28829	139.0
142.0		0.241455078125	0.004597981770833333	0.042805989583333336	100.40962	100.40962	142.0
145.0		0.22806803385416666	0.0027669270833333335	0.09326171875	102.53095	102.53095	145.0
148.0		0.21297200520833334	0.0034993489583333335	0.144287109375	104.65228	104.65228	148.0
151.0		0.20393880208333334	0.0028483072916666665	0.20487467447916666	106.77361	106.77361	151.0
154.0		0.19071451822916666	0.0030110677083333335	0.2557373046875	108.89494	108.89494	154.0
157.0		0.17826334635416666	0.0030110677083333335	0.2851155598958333	111.01627	111.01627	157.0
160.0		0.16438802083333334	0.0030110677083333335	0.2942301432291667	113.1376	113.1376	160.0
163.0		0.14921061197916666	0.0030517578125	0.2958577473958333	115.25893	115.25893	163.0
166.0		0.1337890625	0.0027262369791666665	0.2957763671875	117.38026	117.38026	166.0
169.0		0.1160888671875	0.0028076171875	0.289794921875	119.50159000000001	119.50159000000001	169.0
172.0		0.097412109375	0.0032145182291666665	0.2880045572916667	121.62292000000001	121.62292000000001	172.0
175.0		0.07731119791666667	0.0028076171875	0.2848714192708333	123.74425000000001	123.74425000000001	175.0
178.0		0.056111653645833336	0.0028483072916666665	0.2838134765625	125.86558000000001	125.86558000000001	178.0
181.0		0.03662109375	0.0030517578125	0.281982421875	127.98691000000001	127.98691000000001	181.0
184.0		0.020914713541666668	0.0031331380208333335	0.2831217447916667	130.10824	130.10824	184.0
187.0		0.0081787109375	0.0029703776041666665	0.2845865885416667	132.22957	132.22957	187.0
190.0		0.0024820963541666665	0.0029703776041666665	0.2883707682291667	134.3509	134.3509	190.0
193.0		-6.510416666666666E-4	0.0030517578125	0.2930094401041667	136.47223	136.47223	193.0
196.0		-0.0013834635416666667	0.0031331380208333335	0.2998860677083333	138.59356	138.59356	196.0
199.0		-0.001220703125	0.0030110677083333335	0.3027750651041667	140.71489	140.71489	199.0
202.0		-0.0010172526041666667	0.0032958984375	0.3022054036458333	142.83622	142.83622	202.0
205.0		-0.0011393229166666667	0.0033772786458333335	0.2912190755208333	144.95755	144.95755	205.0
208.0		-8.951822916666666E-4	0.0033772786458333335	0.2528483072916667	147.07888	147.07888	208.0
211.0		-0.0011393229166666667	0.0032145182291666665	0.184326171875	149.20021	149.20021	211.0
214.0		-0.0013427734375	0.0029296875	0.12357584635416667	151.32154	151.32154	214.0
217.0		-0.0015869140625	0.0032145182291666665	0.07063802083333333	153.44287	153.44287	217.0
220.0		-0.0013834635416666667	0.0034586588541666665	0.024861653645833332	155.5642	155.5642	220.0
223.0		-0.0013427734375	0.0032145182291666665	0.0032145182291666665	157.68553	157.68553	223.0
226.0		-0.0014241536458333333	0.0034993489583333335	-0.0010986328125	159.80686	159.80686	226.0
229.0		-0.0012613932291666667	0.003173828125	-0.0016276041666666667	161.92819	161.92819	229.0
232.0		-0.0011800130208333333	0.0033365885416666665	-9.358723958333334E-4	164.04952	164.04952	232.0
235.0		-0.0013020833333333333	0.0031331380208333335	-0.0016276041666666667	166.17085	166.17085	235.0
238.0		-0.001220703125	0.0033365885416666665	-0.0015055338541666667	168.29218	168.29218	238.0
241.0		-9.358723958333334E-4	0.0036214192708333335	-0.0011393229166666667	170.41351	170.41351	241.0
244.0		-0.0011393229166666667	0.0034586588541666665	-0.0013020833333333333	172.53484	172.53484	244.0
247.0		-9.765625E-4	0.0034586588541666665	-0.0010172526041666667	174.65617	174.65617	247.0
250.0		-0.0010986328125	0.0032958984375	-0.0011393229166666667	176.7775	176.7775	250.0
253.0		-0.0011800130208333333	0.003173828125	-0.0013427734375	178.89883	178.89883	253.0
256.0		-0.0014241536458333333	0.0032552083333333335	-0.0014241536458333333	181.02016	181.02016	256.0
259.0		-0.0013020833333333333	0.0033365885416666665	-0.0014241536458333333	183.14149	183.14149	259.0
262.0		-9.358723958333334E-4	0.003173828125	-0.0014241536458333333	185.26282	185.26282	262.0
265.0		-9.358723958333334E-4	0.0032145182291666665	-7.731119791666666E-4	187.38415	187.38415	265.0
268.0		-7.731119791666666E-4	0.0033772786458333335	-0.0010986328125	189.50548	189.50548	268.0
271.0		-6.917317708333334E-4	0.0032552083333333335	-8.138020833333334E-4	191.62681	191.62681	271.0
274.0		-0.0013020833333333333	0.0030517578125	-0.0013834635416666667	193.74814	193.74814	274.0
277.0		-0.0011800130208333333	0.0030110677083333335	-0.0011800130208333333	195.86947	195.86947	277.0
280.0		-8.951822916666666E-4	0.0032552083333333335	-7.32421875E-4	197.9908	197.9908	280.0
283.0		-0.0011393229166666667	0.00341796875	-7.32421875E-4	200.11213	200.11213	283.0
286.0		-8.951822916666666E-4	0.0032145182291666665	-9.358723958333334E-4	202.23346	202.23346	286.0
289.0		-0.0010579427083333333	0.0035400390625	-0.0010172526041666667	204.35479	204.35479	289.0
292.0		-9.358723958333334E-4	0.0032145182291666665	-0.0010579427083333333	206.47612	206.47612	292.0

Position	X Fit	Y Fit	Z Fit
--------	-----	-----	-----
25.0		-0.007659784333185721	-0.0033015500288754744	0.003934828979670706	17.67775	17.67775	25.0
28.0		-0.00711890953119486	-0.003132627591535888	0.003934829341120752	19.79908	19.79908	28.0
31.0		-0.006409568770240266	-0.0028550085977173513	0.003934830050247475	21.92041	21.92041	31.0
34.0		-0.005488673147288686	-0.0024092786899771383	0.003934831424332025	24.04174	24.04174	34.0
37.0		-0.004305260247105798	-0.001710257060644864	0.003934834054068344	26.16307	26.16307	37.0
40.0		-0.0028000299425512895	-6.396446298455602E-4	0.003934839024738316	28.2844	28.2844	40.0
43.0		-9.051676479465143E-4	9.614344143305019E-4	0.003934848304058758	30.405730000000002	30.405730000000002	43.0
46.0		0.0014554418905044358	0.0032988468318057313	0.003934865412488956	32.52706	32.52706	46.0
49.0		0.004365503403763692	0.006629180990129117	0.003934896564837111	34.64839	34.64839	49.0
52.0		0.00791499959648118	0.011258733928701251	0.003934952585929447	36.76972	36.76972	52.0
55.0		0.012198190061218271	0.017535479567149955	0.003935052077353044	38.89105	38.89105	55.0
58.0		0.017310856211449392	0.02583189174816951	0.003935226573445059	41.01238	41.01238	58.0
61.0		0.023346764754131808	0.03651715420199147	0.003935528807910603	43.13371	43.13371	61.0
64.0		0.03039337100265457	0.04991854175017955	0.003936045762296973	45.25504	45.25504	64.0
67.0		0.03852684252715896	0.06627357510865715	0.003936918937907708	47.37637	47.37637	67.0
70.0		0.047806550393768646	0.08567675449343401	0.003938375344667666	49.4977	49.4977	70.0
73.0		0.058269245259663496	0.10802691902658786	0.003940774097058379	51.61903	51.61903	73.0
76.0		0.06992320327124127	0.13298308108046106	0.003944675304204859	53.74036	53.74036	76.0
79.0		0.0827426854924365	0.15993741791690114	0.003950940171589363	55.86169	55.86169	79.0
82.0		0.09666309745003979	0.18801351080180448	0.003960873884257229	57.98302	57.98302	82.0
85.0		0.11157725552301644	0.2160956601279982	0.003976425830743865	60.104350000000004	60.104350000000004	85.0
88.0		0.12733315852177246	0.24289125999852068	0.0040004648593641185	62.225680000000004	62.225680000000004	88.0
91.0		0.1437336218993912	0.2670232579961447	0.004037150192418468	64.34701	64.34701	91.0
94.0		0.16053805713653346	0.2871444717107952	0.004092420833489796	66.46834	66.46834	94.0
97.0		0.17746657154971798	0.30206100371660705	0.004174627052326602	68.58967	68.58967	97.0
100.0		0.1942064290474428	0.31084919661709265	0.004295325870998382	70.711	70.711	100.0
103.0		0.2104207584381368	0.31295024279308475	0.004470257273160063	72.83233	72.83233	103.0
106.0		0.22575923383535987	0.30822898318880787	0.0047205078872089344	74.95366	74.95366	106.0
109.0		0.2398702945468909	0.2969882949005618	0.0050738529756902614	77.07499	77.07499	109.0
112.0		0.2524143334387454	0.2799369386597381	0.005566244786129523	79.19632	79.19632	112.0
115.0		0.2630771764586418	0.25811561077331346	0.006243385319348111	81.31765	81.31765	115.0
118.0		0.27158311315090644	0.23279192375712765	0.007162284860599676	83.43898	83.43898	118.0
121.0		0.27770672668483054	0.20533903417229724	0.00839266590996694	85.56031	85.56031	121.0
124.0		0.28128281592335513	0.1771139995099596	0.010018028632040384	87.68164	87.68164	124.0
127.0		0.2822138002136653	0.14935060298661496	0.012136153431748412	89.80297	89.80297	127.0
130.0		0.2804741436788185	0.12307780986124099	0.014858785112543528	91.9243	91.9243	130.0
133.0		0.27611151902839126	0.09907008411922066	0.0183102288299451	94.04563	94.04563	133.0
136.0		0.2692446368562746	0.07783054064186427	0.02262459874433068	96.16696	96.16696	136.0
139.0		0.2600578783803045	0.05960329968377912	0.027941503361034487	98.28829	98.28829	139.0
142.0		0.24879307032675846	0.04440814185650231	0.03440003258276883	100.40962	100.40962	142.0
145.0		0.23573891401380279	0.032088954250914736	0.04213103267233832	102.53095	102.53095	145.0
148.0		0.22121871318306327	0.022367459705342516	0.05124781403219281	104.65228	104.65228	148.0
151.0		0.20557712728054342	0.014894989434165378	0.06183562450015552	106.77361	106.77361	151.0
154.0		0.18916670399808885	0.009297093317661778	0.07394042299789802	108.89494	108.89494	154.0
157.0		0.17233491732369405	0.005208059648929122	0.08755768427274002	111.01627	111.01627	157.0
160.0		0.1554123602824226	0.0022945026500728986	0.10262213023087474	113.1376	113.1376	160.0
163.0		0.13870262418791457	2.687882233652827E-4	0.11899939028887216	115.25893	115.25893	163.0
166.0		0.12247425067467825	-0.0011059124178059085	0.13648061726898203	117.38026	117.38026	166.0
169.0		0.10695498268341709	-0.0020167042478638347	0.15478100726032049	119.50159000000001	119.50159000000001	169.0
172.0		0.09232837967553083	-0.002605958513701127	0.17354298170561164	121.62292000000001	121.62292000000001	172.0
175.0		0.07873271320475626	-0.002978297619593104	0.1923444905686029	123.74425000000001	123.74425000000001	175.0
178.0		0.066261931847372	-0.0032081223047919906	0.21071250405091055	125.86558000000001	125.86558000000001	178.0
181.0		0.05496838666102673	-0.0033467143430212206	0.2281413085133773	127.98691000000001	127.98691000000001	181.0
184.0		0.04486694373749414	-0.003428375947131471	0.24411475352002077	130.10824	130.10824	184.0
187.0		0.03594007966379434	-0.0034753960926645006	0.25813116224624466	132.22957	132.22957	187.0
190.0		0.028143556500160708	-0.003501855476817228	0.26972926919930557	134.3509	134.3509	190.0
193.0		0.021412300592085747	-0.003516408191242207	0.27851333393486877	136.47223	136.47223	193.0
196.0		0.015666157967312917	-0.0035242318832707903	0.2841755313434053	138.59356	138.59356	196.0
199.0		0.01081526128202253	-0.0035283435180982923	0.28651385415631847	140.71489	140.71489	199.0
202.0		0.006764812327057394	-0.0035304559417146087	0.2854440762132185	142.83622	142.83622	202.0
205.0		0.003419153667426098	-0.003531516995080018	0.2810047885816338	144.95755	144.95755	205.0
208.0		6.850678385994409E-4	-0.003532038078113652	0.2733550886395918	147.07888	147.07888	208.0
211.0		-0.0015257012060639983	-0.0035322882922602175	0.2627651150822897	149.20021	149.20021	211.0
214.0		-0.003294664430307407	-0.0035324057744231274	0.24960021403178115	151.32154	151.32154	214.0
217.0		-0.004695468634010836	-0.003532459713743137	0.2343000302342912	153.44287	153.44287	217.0
220.0		-0.0057933474196862535	-0.0035324839312445362	0.21735419073176182	155.5642	155.5642	220.0
223.0		-0.006645037155637299	-0.003532494564325243	0.19927645164730198	157.68553	157.68553	223.0
226.0		-0.007299051498353757	-0.003532499130044561	0.18057919820340684	159.80686	159.80686	226.0
229.0		-0.007796213744896759	-0.0035325010473574426	0.16175003208273853	161.92819	161.92819	229.0
232.0		-0.008170356975712225	-0.00353250183480721	0.1432318766661128	164.04952	164.04952	232.0
235.0		-0.008449115628477508	-0.0035325021511153423	0.12540762227099794	166.17085	166.17085	235.0
238.0		-0.008654747087478458	-0.003532502275385326	0.1085898713060751	168.29218	168.29218	238.0
241.0		-0.008804936699678446	-0.0035325023231383137	0.09301587952208273	170.41351	170.41351	241.0
244.0		-0.008913553331156968	-0.003532502341086587	0.07884737119771998	172.53484	172.53484	244.0
247.0		-0.008991334508996357	-0.003532502347685028	0.06617456955914355	174.65617	174.65617	247.0
250.0		-0.009046490023302572	-0.003532502350057849	0.055023551719520364	176.7775	176.7775	250.0
253.0		-0.009085220516687321	-0.003532502350892492	0.045365918034445896	178.89883	178.89883	253.0
256.0		-0.00911215317750866	-0.0035325023511796737	0.03712975356387095	181.02016	181.02016	256.0
259.0		-0.009130700415381512	-0.003532502351276332	0.030210938059853986	183.14149	183.14149	259.0
262.0		-0.009143349636584067	-0.0035325023513081565	0.024484007189282665	185.26282	185.26282	262.0
265.0		-0.009151893277688944	-0.003532502351318406	0.019811955056107142	187.38415	187.38415	265.0
268.0		-0.009157608410292109	-0.0035325023513216353	0.01605457058160606	189.50548	189.50548	268.0
271.0		-0.009161394776128068	-0.0035325023513226306	0.013075095503841587	191.62681	191.62681	271.0
274.0		-0.009163879282248422	-0.0035325023513229307	0.010745162643602278	193.74814	193.74814	274.0
277.0		-0.0091654939627071	-0.003532502351323019	0.008948108864196634	195.86947	195.86947	277.0
280.0		-0.009166533330957235	-0.0035325023513230447	0.007580853139910368	197.9908	197.9908	280.0
283.0		-0.00916719599824147	-0.003532502351323052	0.0065545868935164885	200.11213	200.11213	283.0
286.0		-0.009167614474990633	-0.003532502351323054	0.0057945457408141296	202.23346	202.23346	286.0
289.0		-0.009167876234809568	-0.0035325023513230547	0.005239125907401701	204.35479	204.35479	289.0
292.0		-0.00916803841442305	-0.0035325023513230547	0.0048385828146054	206.47612	206.47612	292.0

PVLoggerID = 48322569