start time: Thu Oct 21 19:52:47 EDT 2021

RTBT_Diag:WS24

Name	X Fit	X RMS	Y Fit	Y RMS	Z Fit	Z RMS
-------	-----	-----	-----	-----	-----	-----
Area	8.672766978350023	8.681324354915365	10.492703653130143	10.070152994791668	9.436125366971506	9.115011582877603
Ampl	0.7493454134311538	0.7818359375	0.8745904159221456	0.8921875	0.9068783823201029	0.8845703125
Mean	109.17913461678685	108.88663028529628	106.21568894724238	106.19540262953481	114.39350862156307	114.16875308221333
Sigma	4.617274455435208	4.819925637131382	4.786221123338734	4.565315740362686	4.1510189739252885	4.041672325625026
Offset	0.0027097131900983037	-0.00107421875	-0.006934449000117149	-0.0078125	-0.0020613866898760583	-0.004199218750000001
Slope	0.0	0.0	0.0	0.0	0.0	0.0

Position	X Raw	Y Raw	Z Raw
--------	-----	-----	-----
25.0		-8.7890625E-4	-0.0080078125	-0.0041015625	17.67775	17.67775	25.0
28.0		-0.00126953125	-0.0076171875	-0.004296875	19.79908	19.79908	28.0
31.0		-5.859375E-4	-0.007421875	-0.00390625	21.92041	21.92041	31.0
34.0		-0.00126953125	-0.00849609375	-0.0048828125	24.04174	24.04174	34.0
37.0		-0.001171875	-0.0080078125	-0.00478515625	26.16307	26.16307	37.0
40.0		-0.00107421875	-0.00791015625	-0.00458984375	28.2844	28.2844	40.0
43.0		-9.765625E-4	-0.00830078125	-0.0046875	30.405730000000002	30.405730000000002	43.0
46.0		-0.0013671875	-0.0080078125	-0.0046875	32.52706	32.52706	46.0
49.0		-5.859375E-4	-0.0076171875	-0.00400390625	34.64839	34.64839	49.0
52.0		-6.8359375E-4	-0.00732421875	-0.004296875	36.76972	36.76972	52.0
55.0		-0.00126953125	-0.007421875	-0.004296875	38.89105	38.89105	55.0
58.0		-0.00107421875	-0.0080078125	-0.00478515625	41.01238	41.01238	58.0
61.0		-0.001171875	-0.00732421875	-0.00439453125	43.13371	43.13371	61.0
64.0		-4.8828125E-4	-0.00703125	-0.00439453125	45.25504	45.25504	64.0
67.0		-3.90625E-4	-0.00712890625	-0.00380859375	47.37637	47.37637	67.0
70.0		-6.8359375E-4	-0.0064453125	-0.00322265625	49.4977	49.4977	70.0
73.0		-5.859375E-4	-0.0076171875	-0.0041015625	51.61903	51.61903	73.0
76.0		-0.001171875	-0.0078125	-0.00498046875	53.74036	53.74036	76.0
79.0		-5.859375E-4	-0.00673828125	-0.0041015625	55.86169	55.86169	79.0
82.0		-9.765625E-4	-0.00693359375	-0.00419921875	57.98302	57.98302	82.0
85.0		-7.8125E-4	-0.0064453125	-0.00400390625	60.104350000000004	60.104350000000004	85.0
88.0		9.765625E-5	-0.00341796875	-0.003515625	62.225680000000004	62.225680000000004	88.0
91.0		-2.9296875E-4	0.0017578125	-0.00380859375	64.34701	64.34701	91.0
94.0		-9.765625E-5	0.0224609375	-0.00361328125	66.46834	66.46834	94.0
97.0		4.8828125E-4	0.0896484375	-0.00419921875	68.58967	68.58967	97.0
100.0		4.8828125E-4	0.33642578125	-0.00302734375	70.711	70.711	100.0
103.0		8.7890625E-4	0.70810546875	-0.0025390625	72.83233	72.83233	103.0
106.0		0.0017578125	0.8765625	-0.00283203125	74.95366	74.95366	106.0
109.0		8.7890625E-4	0.74169921875	-0.00283203125	77.07499	77.07499	109.0
112.0		6.8359375E-4	0.3955078125	-0.0033203125	79.19632	79.19632	112.0
115.0		4.8828125E-4	0.11123046875	-0.003125	81.31765	81.31765	115.0
118.0		0.0015625	0.022265625	-0.00302734375	83.43898	83.43898	118.0
121.0		0.0021484375	0.00283203125	-0.00341796875	85.56031	85.56031	121.0
124.0		0.00341796875	-0.00302734375	-0.00400390625	87.68164	87.68164	124.0
127.0		0.00703125	-0.00419921875	-0.00244140625	89.80297	89.80297	127.0
130.0		0.01025390625	-0.00595703125	-0.003125	91.9243	91.9243	130.0
133.0		0.01728515625	-0.006640625	-0.00234375	94.04563	94.04563	133.0
136.0		0.03203125	-0.0064453125	-0.00185546875	96.16696	96.16696	136.0
139.0		0.06328125	-0.00712890625	0.00107421875	98.28829	98.28829	139.0
142.0		0.13515625	-0.00673828125	0.00830078125	100.40962	100.40962	142.0
145.0		0.26982421875	-0.00703125	0.0201171875	102.53095	102.53095	145.0
148.0		0.46513671875	-0.0068359375	0.0439453125	104.65228	104.65228	148.0
151.0		0.6875	-0.00634765625	0.125	106.77361	106.77361	151.0
154.0		0.7796875	-0.0064453125	0.38935546875	108.89494	108.89494	154.0
157.0		0.67880859375	-0.0064453125	0.666796875	111.01627	111.01627	157.0
160.0		0.46455078125	-0.00654296875	0.8607421875	113.1376	113.1376	160.0
163.0		0.2798828125	-0.00634765625	0.876171875	115.25893	115.25893	163.0
166.0		0.14599609375	-0.006640625	0.72841796875	117.38026	117.38026	166.0
169.0		0.06796875	-0.00693359375	0.38076171875	119.50159000000001	119.50159000000001	169.0
172.0		0.03623046875	-0.00712890625	0.125390625	121.62292000000001	121.62292000000001	172.0
175.0		0.0201171875	-0.00732421875	0.04267578125	123.74425000000001	123.74425000000001	175.0
178.0		0.011328125	-0.00712890625	0.017578125	125.86558000000001	125.86558000000001	178.0
181.0		0.00634765625	-0.00771484375	0.00615234375	127.98691000000001	127.98691000000001	181.0
184.0		0.0037109375	-0.0076171875	4.8828125E-4	130.10824	130.10824	184.0
187.0		0.0037109375	-0.00693359375	-7.8125E-4	132.22957	132.22957	187.0
190.0		7.8125E-4	-0.00751953125	-0.003125	134.3509	134.3509	190.0
193.0		4.8828125E-4	-0.0078125	-0.00380859375	136.47223	136.47223	193.0
196.0		1.953125E-4	-0.00712890625	-0.003125	138.59356	138.59356	196.0
199.0		-9.765625E-5	-0.00751953125	-0.00341796875	140.71489	140.71489	199.0
202.0		-1.953125E-4	-0.00771484375	-0.0033203125	142.83622	142.83622	202.0
205.0		-5.859375E-4	-0.00791015625	-0.004296875	144.95755	144.95755	205.0
208.0		-4.8828125E-4	-0.0076171875	-0.003515625	147.07888	147.07888	208.0
211.0		-7.8125E-4	-0.00771484375	-0.004296875	149.20021	149.20021	211.0
214.0		-5.859375E-4	-0.00751953125	-0.00361328125	151.32154	151.32154	214.0
217.0		-6.8359375E-4	-0.00791015625	-0.0041015625	153.44287	153.44287	217.0
220.0		-2.9296875E-4	-0.0076171875	-0.00322265625	155.5642	155.5642	220.0
223.0		-9.765625E-4	-0.00810546875	-0.0041015625	157.68553	157.68553	223.0
226.0		-0.00107421875	-0.0078125	-0.004296875	159.80686	159.80686	226.0
229.0		-0.00126953125	-0.00859375	-0.00419921875	161.92819	161.92819	229.0
232.0		-0.001171875	-0.008203125	-0.00419921875	164.04952	164.04952	232.0
235.0		-1.953125E-4	-0.00771484375	-0.0037109375	166.17085	166.17085	235.0
238.0		-0.00126953125	-0.00830078125	-0.00439453125	168.29218	168.29218	238.0
241.0		-5.859375E-4	-0.00810546875	-0.003125	170.41351	170.41351	241.0
244.0		-8.7890625E-4	-0.00791015625	-0.00400390625	172.53484	172.53484	244.0
247.0		-9.765625E-4	-0.00830078125	-0.00419921875	174.65617	174.65617	247.0
250.0		-9.765625E-4	-0.0076171875	-0.0041015625	176.7775	176.7775	250.0
253.0		-1.953125E-4	-0.0078125	-0.003515625	178.89883	178.89883	253.0
256.0		-6.8359375E-4	-0.00869140625	-0.0046875	181.02016	181.02016	256.0
259.0		-7.8125E-4	-0.00869140625	-0.004296875	183.14149	183.14149	259.0
262.0		-0.001171875	-0.00810546875	-0.00380859375	185.26282	185.26282	262.0
265.0		-4.8828125E-4	-0.00791015625	-0.0044921875	187.38415	187.38415	265.0
268.0		-0.001171875	-0.00791015625	-0.0048828125	189.50548	189.50548	268.0
271.0		-0.00146484375	-0.00810546875	-0.0048828125	191.62681	191.62681	271.0
274.0		-0.00126953125	-0.0087890625	-0.00458984375	193.74814	193.74814	274.0
277.0		-6.8359375E-4	-0.0078125	-0.00390625	195.86947	195.86947	277.0
280.0		-4.8828125E-4	-0.0078125	-0.00400390625	197.9908	197.9908	280.0
283.0		-5.859375E-4	-0.0072265625	-0.00380859375	200.11213	200.11213	283.0
286.0		-8.7890625E-4	-0.00791015625	-0.00419921875	202.23346	202.23346	286.0
289.0		-0.001171875	-0.00791015625	-0.004296875	204.35479	204.35479	289.0
292.0		-0.00126953125	-0.00810546875	-0.0041015625	206.47612	206.47612	292.0

Position	X Fit	Y Fit	Z Fit
--------	-----	-----	-----
25.0		0.002733317011858844	-0.00689694239419782	-0.0020042428904395123	17.67775	17.67775	25.0
28.0		0.002733317011858844	-0.00689694239419782	-0.0020042428904395123	19.79908	19.79908	28.0
31.0		0.002733317011858844	-0.00689694239419782	-0.0020042428904395123	21.92041	21.92041	31.0
34.0		0.002733317011858844	-0.00689694239419782	-0.0020042428904395123	24.04174	24.04174	34.0
37.0		0.002733317011858844	-0.00689694239419782	-0.0020042428904395123	26.16307	26.16307	37.0
40.0		0.002733317011858844	-0.00689694239419782	-0.0020042428904395123	28.2844	28.2844	40.0
43.0		0.002733317011858844	-0.00689694239419782	-0.0020042428904395123	30.405730000000002	30.405730000000002	43.0
46.0		0.002733317011858844	-0.00689694239419782	-0.0020042428904395123	32.52706	32.52706	46.0
49.0		0.002733317011858844	-0.00689694239419782	-0.0020042428904395123	34.64839	34.64839	49.0
52.0		0.002733317011858844	-0.00689694239419782	-0.0020042428904395123	36.76972	36.76972	52.0
55.0		0.002733317011858844	-0.00689694239419782	-0.0020042428904395123	38.89105	38.89105	55.0
58.0		0.002733317011858844	-0.00689694239419782	-0.0020042428904395123	41.01238	41.01238	58.0
61.0		0.002733317011858844	-0.00689694239419782	-0.0020042428904395123	43.13371	43.13371	61.0
64.0		0.002733317011858844	-0.006896942394197809	-0.0020042428904395123	45.25504	45.25504	64.0
67.0		0.002733317011858844	-0.006896942394195464	-0.0020042428904395123	47.37637	47.37637	67.0
70.0		0.002733317011858844	-0.0068969423938697125	-0.0020042428904395123	49.4977	49.4977	70.0
73.0		0.002733317011858844	-0.006896942363339904	-0.0020042428904395123	51.61903	51.61903	73.0
76.0		0.002733317011858844	-0.0068969404345083024	-0.0020042428904395123	53.74036	53.74036	76.0
79.0		0.002733317011858844	-0.006896858355661562	-0.0020042428904395123	55.86169	55.86169	79.0
82.0		0.002733317011858844	-0.0068945088444652925	-0.0020042428904395123	57.98302	57.98302	82.0
85.0		0.002733317011858844	-0.006849357127333602	-0.0020042428904395123	60.104350000000004	60.104350000000004	85.0
88.0		0.002733317011858844	-0.006268630430557961	-0.0020042428904395123	62.225680000000004	62.225680000000004	88.0
91.0		0.002733317011858844	-0.0012948704000419753	-0.0020042428904395123	64.34701	64.34701	91.0
94.0		0.002733317011858844	0.026831212146720868	-0.0020042428904395123	66.46834	66.46834	94.0
97.0		0.0027333170118588566	0.1302250165906468	-0.0020042428904395123	68.58967	68.58967	97.0
100.0		0.0027333170118594807	0.36953977348121547	-0.0020042428904395123	70.711	70.711	100.0
103.0		0.0027333170118851555	0.6909295921764308	-0.0020042428904395123	72.83233	72.83233	103.0
106.0		0.0027333170127394123	0.866624398051813	-0.0020042428904395123	74.95366	74.95366	106.0
109.0		0.002733317035722101	0.7314663475637068	-0.0020042428904395097	77.07499	77.07499	109.0
112.0		0.002733317535510923	0.41454447098417374	-0.0020042428904392855	79.19632	79.19632	112.0
115.0		0.002733326316557197	0.155536279978742	-0.0020042428904244016	81.31765	81.31765	115.0
118.0		0.0027334508895204244	0.03537800218332421	-0.002004242889663437	83.43898	83.43898	118.0
121.0		0.002734876780880851	5.325949590070118E-4	-0.002004242859736912	85.56031	85.56031	121.0
124.0		0.002748031962734299	-0.006015262310015509	-0.002004241954809529	87.68164	87.68164	124.0
127.0		0.0028457266877355246	-0.006826289358294277	-0.0020042209274866883	89.80297	89.80297	127.0
130.0		0.0034286533524796377	-0.0068931192457486416	-0.0020038457583792186	91.9243	91.9243	130.0
133.0		0.006216148906268143	-0.006896802698821481	-0.0019987114684589784	94.04563	94.04563	133.0
136.0		0.01685922754352884	-0.006896938947418814	-0.0019448962340724656	96.16696	96.16696	136.0
139.0		0.04912570659217762	-0.006896942336770919	-0.0015137718814188712	98.28829	98.28829	139.0
142.0		0.1261072436650708	-0.006896942393551738	0.0011181536033551824	100.40962	100.40962	142.0
145.0		0.2684056840001655	-0.0068969423941929115	0.013307350277523528	102.53095	102.53095	145.0
148.0		0.4659836455030531	-0.006896942394197795	0.05583336652671835	104.65228	104.65228	148.0
151.0		0.6568141757055683	-0.00689694239419782	0.16628560156593186	106.77361	106.77361	151.0
154.0		0.7505471545067599	-0.00689694239419782	0.3751883068796387	108.89494	108.89494	154.0
157.0		0.695045393343555	-0.00689694239419782	0.6492130508856846	111.01627	111.01627	157.0
160.0		0.5217205455185135	-0.00689694239419782	0.8640525380671708	113.1376	113.1376	160.0
163.0		0.3177675778966889	-0.00689694239419782	0.8852016745647889	115.25893	115.25893	163.0
166.0		0.1575811944731569	-0.00689694239419782	0.6980958177306129	117.38026	117.38026	166.0
169.0		0.06436429785581799	-0.00689694239419782	0.4235485281561279	119.50159000000001	119.50159000000001	169.0
172.0		0.022596061473860358	-0.00689694239419782	0.19724852016630262	121.62292000000001	121.62292000000001	172.0
175.0		0.007916849016569956	-0.00689694239419782	0.06986000823678043	123.74425000000001	123.74425000000001	175.0
178.0		0.0038286815240258934	-0.00689694239419782	0.017961205961492036	125.86558000000001	125.86558000000001	178.0
181.0		0.0029207464924701954	-0.00689694239419782	0.00226846176832853	127.98691000000001	127.98691000000001	181.0
184.0		0.0027592865059981354	-0.00689694239419782	-0.001299899745228526	130.10824	130.10824	184.0
187.0		0.0027362306487784534	-0.00689694239419782	-0.0019148046322873021	132.22957	132.22957	187.0
190.0		0.0027335817117277333	-0.00689694239419782	-0.001995494664421362	134.3509	134.3509	190.0
193.0		0.0027333364842091526	-0.00689694239419782	-0.002003583755582037	136.47223	136.47223	193.0
196.0		0.0027333181717824175	-0.00689694239419782	-0.0020042046356174804	138.59356	138.59356	196.0
199.0		0.0027333170678071226	-0.00689694239419782	-0.0020042411802048098	140.71489	140.71489	199.0
202.0		0.00273331701404404	-0.00689694239419782	-0.0020042428315439104	142.83622	142.83622	202.0
205.0		0.002733317011927954	-0.00689694239419782	-0.002004242888877201	144.95755	144.95755	205.0
208.0		0.002733317011860614	-0.00689694239419782	-0.0020042428904075886	147.07888	147.07888	208.0
211.0		0.002733317011858881	-0.00689694239419782	-0.0020042428904390097	149.20021	149.20021	211.0
214.0		0.0027333170118588445	-0.00689694239419782	-0.0020042428904395062	151.32154	151.32154	214.0
217.0		0.002733317011858844	-0.00689694239419782	-0.0020042428904395123	153.44287	153.44287	217.0
220.0		0.002733317011858844	-0.00689694239419782	-0.0020042428904395123	155.5642	155.5642	220.0
223.0		0.002733317011858844	-0.00689694239419782	-0.0020042428904395123	157.68553	157.68553	223.0
226.0		0.002733317011858844	-0.00689694239419782	-0.0020042428904395123	159.80686	159.80686	226.0
229.0		0.002733317011858844	-0.00689694239419782	-0.0020042428904395123	161.92819	161.92819	229.0
232.0		0.002733317011858844	-0.00689694239419782	-0.0020042428904395123	164.04952	164.04952	232.0
235.0		0.002733317011858844	-0.00689694239419782	-0.0020042428904395123	166.17085	166.17085	235.0
238.0		0.002733317011858844	-0.00689694239419782	-0.0020042428904395123	168.29218	168.29218	238.0
241.0		0.002733317011858844	-0.00689694239419782	-0.0020042428904395123	170.41351	170.41351	241.0
244.0		0.002733317011858844	-0.00689694239419782	-0.0020042428904395123	172.53484	172.53484	244.0
247.0		0.002733317011858844	-0.00689694239419782	-0.0020042428904395123	174.65617	174.65617	247.0
250.0		0.002733317011858844	-0.00689694239419782	-0.0020042428904395123	176.7775	176.7775	250.0
253.0		0.002733317011858844	-0.00689694239419782	-0.0020042428904395123	178.89883	178.89883	253.0
256.0		0.002733317011858844	-0.00689694239419782	-0.0020042428904395123	181.02016	181.02016	256.0
259.0		0.002733317011858844	-0.00689694239419782	-0.0020042428904395123	183.14149	183.14149	259.0
262.0		0.002733317011858844	-0.00689694239419782	-0.0020042428904395123	185.26282	185.26282	262.0
265.0		0.002733317011858844	-0.00689694239419782	-0.0020042428904395123	187.38415	187.38415	265.0
268.0		0.002733317011858844	-0.00689694239419782	-0.0020042428904395123	189.50548	189.50548	268.0
271.0		0.002733317011858844	-0.00689694239419782	-0.0020042428904395123	191.62681	191.62681	271.0
274.0		0.002733317011858844	-0.00689694239419782	-0.0020042428904395123	193.74814	193.74814	274.0
277.0		0.002733317011858844	-0.00689694239419782	-0.0020042428904395123	195.86947	195.86947	277.0
280.0		0.002733317011858844	-0.00689694239419782	-0.0020042428904395123	197.9908	197.9908	280.0
283.0		0.002733317011858844	-0.00689694239419782	-0.0020042428904395123	200.11213	200.11213	283.0
286.0		0.002733317011858844	-0.00689694239419782	-0.0020042428904395123	202.23346	202.23346	286.0
289.0		0.002733317011858844	-0.00689694239419782	-0.0020042428904395123	204.35479	204.35479	289.0
292.0		0.002733317011858844	-0.00689694239419782	-0.0020042428904395123	206.47612	206.47612	292.0
RTBT_Diag:WS23

Name	X Fit	X RMS	Y Fit	Y RMS	Z Fit	Z RMS
-------	-----	-----	-----	-----	-----	-----
Area	10.122028523952997	9.922567110807291	10.787003265989027	10.166917317708332	10.463834844829185	10.041180670084636
Ampl	1.2588259675834943	1.28349609375	0.8178847167973039	0.8082031249999999	0.6541317122899105	0.6554687499999999
Mean	102.71211250650502	102.68463211598814	103.46786427900577	103.48949933035077	117.58686381103006	117.16174331796388
Sigma	3.207834319930583	3.196179550697064	5.261611561202302	4.763842447858431	6.381690501025591	6.058082725604361
Offset	-0.00788343893132401	-0.010546875	-0.0035205018587401377	-0.0033203125000000003	-0.0028571978667165554	-0.00322265625
Slope	0.0	0.0	0.0	0.0	0.0	0.0

Position	X Raw	Y Raw	Z Raw
--------	-----	-----	-----
25.0		-0.01044921875	-0.003125	-0.0029296875	17.67775	17.67775	25.0
28.0		-0.01064453125	-0.003515625	-0.003515625	19.79908	19.79908	28.0
31.0		-0.01015625	-0.00263671875	-0.0033203125	21.92041	21.92041	31.0
34.0		-0.01083984375	-0.0033203125	-0.00341796875	24.04174	24.04174	34.0
37.0		-0.00947265625	-0.002734375	-0.003125	26.16307	26.16307	37.0
40.0		-0.0109375	-0.002734375	-0.00302734375	28.2844	28.2844	40.0
43.0		-0.0103515625	-0.002734375	-0.0033203125	30.405730000000002	30.405730000000002	43.0
46.0		-0.0103515625	-0.00244140625	-0.00322265625	32.52706	32.52706	46.0
49.0		-0.01015625	-0.0021484375	-0.00302734375	34.64839	34.64839	49.0
52.0		-0.01015625	-0.00205078125	-0.00283203125	36.76972	36.76972	52.0
55.0		-0.01044921875	-0.0025390625	-0.002734375	38.89105	38.89105	55.0
58.0		-0.00986328125	-0.00244140625	-0.003125	41.01238	41.01238	58.0
61.0		-0.0103515625	-0.0025390625	-0.0029296875	43.13371	43.13371	61.0
64.0		-0.0099609375	-0.00263671875	-0.00283203125	45.25504	45.25504	64.0
67.0		-0.0095703125	-0.00185546875	-0.00263671875	47.37637	47.37637	67.0
70.0		-0.009765625	-0.001953125	-0.0025390625	49.4977	49.4977	70.0
73.0		-0.00986328125	-0.00185546875	-0.002734375	51.61903	51.61903	73.0
76.0		-0.00966796875	-0.00185546875	-0.00283203125	53.74036	53.74036	76.0
79.0		-0.00986328125	-0.00185546875	-0.00224609375	55.86169	55.86169	79.0
82.0		-0.009765625	-9.765625E-4	-0.00244140625	57.98302	57.98302	82.0
85.0		-0.00986328125	0.0	-0.00283203125	60.104350000000004	60.104350000000004	85.0
88.0		-0.0091796875	0.00537109375	-0.0025390625	62.225680000000004	62.225680000000004	88.0
91.0		-0.00966796875	0.02119140625	-0.0021484375	64.34701	64.34701	91.0
94.0		-0.00927734375	0.09208984375	-0.00185546875	66.46834	66.46834	94.0
97.0		-0.008984375	0.35869140625	-0.0013671875	68.58967	68.58967	97.0
100.0		-0.00810546875	0.67587890625	-0.00107421875	70.711	70.711	100.0
103.0		-0.007421875	0.8015625	-9.765625E-4	72.83233	72.83233	103.0
106.0		-0.0078125	0.75205078125	-0.00126953125	74.95366	74.95366	106.0
109.0		-0.008984375	0.48564453125	-0.0017578125	77.07499	77.07499	109.0
112.0		-0.00859375	0.15146484375	-0.00185546875	79.19632	79.19632	112.0
115.0		-0.00830078125	0.0337890625	-0.00146484375	81.31765	81.31765	115.0
118.0		-0.0078125	0.00947265625	-0.0017578125	83.43898	83.43898	118.0
121.0		-0.00732421875	0.00166015625	-0.0013671875	85.56031	85.56031	121.0
124.0		-0.00458984375	-6.8359375E-4	-0.00146484375	87.68164	87.68164	124.0
127.0		0.0	-3.90625E-4	-5.859375E-4	89.80297	89.80297	127.0
130.0		0.01005859375	-0.0013671875	1.953125E-4	91.9243	91.9243	130.0
133.0		0.03310546875	-0.0015625	0.001953125	94.04563	94.04563	133.0
136.0		0.1107421875	-0.001953125	0.00478515625	96.16696	96.16696	136.0
139.0		0.441796875	-0.0015625	0.0091796875	98.28829	98.28829	139.0
142.0		0.97900390625	-0.0015625	0.0166015625	100.40962	100.40962	142.0
145.0		1.26240234375	-0.00146484375	0.0291015625	102.53095	102.53095	145.0
148.0		1.0521484375	-0.0015625	0.05703125	104.65228	104.65228	148.0
151.0		0.53427734375	-0.00234375	0.12353515625	106.77361	106.77361	151.0
154.0		0.15205078125	-0.00166015625	0.26708984375	108.89494	108.89494	154.0
157.0		0.0490234375	-0.001953125	0.40068359375	111.01627	111.01627	157.0
160.0		0.015234375	-0.00166015625	0.533203125	113.1376	113.1376	160.0
163.0		0.00400390625	-0.001953125	0.61884765625	115.25893	115.25893	163.0
166.0		-0.00224609375	-0.00205078125	0.6490234375	117.38026	117.38026	166.0
169.0		-0.00537109375	-0.00244140625	0.62744140625	119.50159000000001	119.50159000000001	169.0
172.0		-0.00673828125	-0.0025390625	0.55302734375	121.62292000000001	121.62292000000001	172.0
175.0		-0.0072265625	-0.0025390625	0.40947265625	123.74425000000001	123.74425000000001	175.0
178.0		-0.0078125	-0.0025390625	0.22763671875	125.86558000000001	125.86558000000001	178.0
181.0		-0.008203125	-0.002734375	0.10185546875	127.98691000000001	127.98691000000001	181.0
184.0		-0.00888671875	-0.00302734375	0.04736328125	130.10824	130.10824	184.0
187.0		-0.008984375	-0.00283203125	0.02275390625	132.22957	132.22957	187.0
190.0		-0.00908203125	-0.003125	0.01181640625	134.3509	134.3509	190.0
193.0		-0.00947265625	-0.00302734375	0.00654296875	136.47223	136.47223	193.0
196.0		-0.009375	-0.00283203125	0.00302734375	138.59356	138.59356	196.0
199.0		-0.0091796875	-0.00283203125	8.7890625E-4	140.71489	140.71489	199.0
202.0		-0.00927734375	-0.002734375	-2.9296875E-4	142.83622	142.83622	202.0
205.0		-0.009375	-0.00322265625	-0.0015625	144.95755	144.95755	205.0
208.0		-0.0091796875	-0.003125	-5.859375E-4	147.07888	147.07888	208.0
211.0		-0.00966796875	-0.0033203125	-0.00205078125	149.20021	149.20021	211.0
214.0		-0.00966796875	-0.003125	-8.7890625E-4	151.32154	151.32154	214.0
217.0		-0.01025390625	-0.0033203125	-0.0015625	153.44287	153.44287	217.0
220.0		-0.0091796875	-0.00244140625	-0.00126953125	155.5642	155.5642	220.0
223.0		-0.00927734375	-0.0033203125	-0.00126953125	157.68553	157.68553	223.0
226.0		-0.010546875	-0.003125	-0.0015625	159.80686	159.80686	226.0
229.0		-0.0103515625	-0.003515625	-0.0021484375	161.92819	161.92819	229.0
232.0		-0.00986328125	-0.00302734375	-0.00166015625	164.04952	164.04952	232.0
235.0		-0.0103515625	-0.00341796875	-0.0017578125	166.17085	166.17085	235.0
238.0		-0.01044921875	-0.00380859375	-0.0021484375	168.29218	168.29218	238.0
241.0		-0.00986328125	-0.00361328125	-0.00185546875	170.41351	170.41351	241.0
244.0		-0.01015625	-0.00322265625	-0.0015625	172.53484	172.53484	244.0
247.0		-0.00986328125	-0.0037109375	-0.001953125	174.65617	174.65617	247.0
250.0		-0.009765625	-0.003125	-0.001953125	176.7775	176.7775	250.0
253.0		-0.009375	-0.0025390625	-0.0017578125	178.89883	178.89883	253.0
256.0		-0.01025390625	-0.0037109375	-0.00205078125	181.02016	181.02016	256.0
259.0		-0.01015625	-0.0033203125	-0.00224609375	183.14149	183.14149	259.0
262.0		-0.01015625	-0.00341796875	-0.0017578125	185.26282	185.26282	262.0
265.0		-0.01015625	-0.0033203125	-0.0021484375	187.38415	187.38415	265.0
268.0		-0.01025390625	-0.00361328125	-0.002734375	189.50548	189.50548	268.0
271.0		-0.01015625	-0.00380859375	-0.0021484375	191.62681	191.62681	271.0
274.0		-0.0103515625	-0.00361328125	-0.00224609375	193.74814	193.74814	274.0
277.0		-0.01005859375	-0.003125	-0.00205078125	195.86947	195.86947	277.0
280.0		-0.01025390625	-0.003515625	-0.0021484375	197.9908	197.9908	280.0
283.0		-0.00966796875	-0.003515625	-0.00234375	200.11213	200.11213	283.0
286.0		-0.0099609375	-0.00341796875	-0.00263671875	202.23346	202.23346	286.0
289.0		-0.0099609375	-0.003515625	-0.00224609375	204.35479	204.35479	289.0
292.0		-0.01025390625	-0.003125	-0.0025390625	206.47612	206.47612	292.0

Position	X Fit	Y Fit	Z Fit
--------	-----	-----	-----
25.0		-0.007885975638004262	-0.0035261595348376473	-0.002894105524815074	17.67775	17.67775	25.0
28.0		-0.007885975638004262	-0.0035261595348376473	-0.002894105524815074	19.79908	19.79908	28.0
31.0		-0.007885975638004262	-0.0035261595348376473	-0.002894105524815074	21.92041	21.92041	31.0
34.0		-0.007885975638004262	-0.0035261595348376473	-0.002894105524815074	24.04174	24.04174	34.0
37.0		-0.007885975638004262	-0.0035261595348376473	-0.002894105524815074	26.16307	26.16307	37.0
40.0		-0.007885975638004262	-0.0035261595348376473	-0.002894105524815074	28.2844	28.2844	40.0
43.0		-0.007885975638004262	-0.0035261595348376473	-0.002894105524815074	30.405730000000002	30.405730000000002	43.0
46.0		-0.007885975638004262	-0.0035261595348376473	-0.002894105524815074	32.52706	32.52706	46.0
49.0		-0.007885975638004262	-0.0035261595348376473	-0.002894105524815074	34.64839	34.64839	49.0
52.0		-0.007885975638004262	-0.0035261595348376473	-0.002894105524815074	36.76972	36.76972	52.0
55.0		-0.007885975638004262	-0.003526159534837647	-0.002894105524815074	38.89105	38.89105	55.0
58.0		-0.007885975638004262	-0.0035261595348375966	-0.002894105524815074	41.01238	41.01238	58.0
61.0		-0.007885975638004262	-0.0035261595348316955	-0.002894105524815074	43.13371	43.13371	61.0
64.0		-0.007885975638004262	-0.003526159534334654	-0.002894105524815074	45.25504	45.25504	64.0
67.0		-0.007885975638004262	-0.00352615950412119	-0.002894105524815074	47.37637	47.37637	67.0
70.0		-0.007885975638004262	-0.0035261581794151014	-0.002894105524815074	49.4977	49.4977	70.0
73.0		-0.007885975638004262	-0.0035261163159974497	-0.002894105524815074	51.61903	51.61903	73.0
76.0		-0.007885975638004262	-0.0035251637481122466	-0.002894105524815074	53.74036	53.74036	76.0
79.0		-0.007885975638004262	-0.0035095806857466157	-0.002894105524815074	55.86169	55.86169	79.0
82.0		-0.007885975638004262	-0.0033267080628349953	-0.002894105524815074	57.98302	57.98302	82.0
85.0		-0.007885975638004262	-0.0017922959125427924	-0.002894105524815072	60.104350000000004	60.104350000000004	85.0
88.0		-0.007885975638004262	0.007365334186938433	-0.002894105524815044	62.225680000000004	62.225680000000004	88.0
91.0		-0.007885975638004262	0.04591114430409056	-0.0028941055248145643	64.34701	64.34701	91.0
94.0		-0.007885975638004262	0.15862383237040795	-0.0028941055248073643	66.46834	66.46834	94.0
97.0		-0.007885975638004262	0.38077695715745524	-0.0028941055247105915	68.58967	68.58967	97.0
100.0		-0.007885975638004262	0.654625079800478	-0.0028941055235472005	70.711	70.711	100.0
103.0		-0.007885975638004262	0.8109386448981344	-0.0028941055110386295	72.83233	72.83233	103.0
106.0		-0.00788597563800419	0.724779629117932	-0.0028941053907771607	74.95366	74.95366	106.0
109.0		-0.007885975637986556	0.46707178214223494	-0.002894104357071797	77.07499	77.07499	109.0
112.0		-0.00788597563521422	0.21619966678306984	-0.0028940964152781193	79.19632	79.19632	112.0
115.0		-0.007885975353951089	0.0706060613390048	-0.0028940418929817124	81.31765	81.31765	115.0
118.0		-0.007885956952192396	0.014546735956372334	-0.002893707526000447	83.43898	83.43898	118.0
121.0		-0.00788518140521886	-3.423778138183886E-4	-0.0028918764824187562	85.56031	85.56031	121.0
124.0		-0.007864163051794488	-0.003120880951523671	-0.002882927010508039	87.68164	87.68164	124.0
127.0		-0.007498905183166826	-0.0034888809991129905	-0.0028439083756458903	89.80297	89.80297	127.0
130.0		-0.0034478826585969463	-0.003523681777005086	-0.002692267388640114	91.9243	91.9243	130.0
133.0		0.024993605941661313	-0.003526040532993478	-0.0021674031003263965	94.04563	94.04563	133.0
136.0		0.1495049463447028	-0.003526155404901403	-5.512840346763434E-4	96.16696	96.16696	136.0
139.0		0.478920771032165	-0.0035261594312691142	0.003869075265088996	98.28829	98.28829	139.0
142.0		0.9649889478779745	-0.0035261595329608942	0.014587930173327119	100.40962	100.40962	142.0
145.0		1.2483781031772383	-0.0035261595348130732	0.03756927996265881	102.53095	102.53095	145.0
148.0		1.0402759650881488	-0.003526159534837415	0.08096720368589852	104.65228	104.65228	148.0
151.0		0.557180239937987	-0.0035261595348376456	0.1527348016276934	106.77361	106.77361	151.0
154.0		0.18894516540718245	-0.0035261595348376473	0.25571755648446726	108.89494	108.89494	154.0
157.0		0.036414846882098416	-0.0035261595348376473	0.3819059720010238	111.01627	111.01627	157.0
160.0		-0.0014434926406282304	-0.0035261595348376473	0.5097918307981495	113.1376	113.1376	160.0
163.0		-0.007280609277355547	-0.0035261595348376473	0.6087472832031188	115.25893	115.25893	163.0
166.0		-0.00784922145283308	-0.0035261595348376473	0.6504944676628718	117.38026	117.38026	166.0
169.0		-0.007884533792174611	-0.0035261595348376473	0.6220992673172	119.50159000000001	119.50159000000001	169.0
172.0		-0.007885939090782876	-0.0035261595348376473	0.5324197661942879	121.62292000000001	121.62292000000001	172.0
175.0		-0.007885975039436374	-0.0035261595348376473	0.40766036985614135	123.74425000000001	123.74425000000001	175.0
178.0		-0.007885975631670001	-0.0035261595348376473	0.27904952759239765	125.86558000000001	125.86558000000001	178.0
181.0		-0.007885975637960951	-0.0035261595348376473	0.17047950790124478	127.98691000000001	127.98691000000001	181.0
184.0		-0.007885975638004071	-0.0035261595348376473	0.09256841956414585	130.10824	130.10824	184.0
187.0		-0.007885975638004262	-0.0035261595348376473	0.04417240948912252	132.22957	132.22957	187.0
190.0		-0.007885975638004262	-0.0035261595348376473	0.017884690292631074	134.3509	134.3509	190.0
193.0		-0.007885975638004262	-0.0035261595348376473	0.005319955334799375	136.47223	136.47223	193.0
196.0		-0.007885975638004262	-0.0035261595348376473	1.34275584672593E-5	138.59356	138.59356	196.0
199.0		-0.007885975638004262	-0.0035261595348376473	-0.0019725518787677187	140.71489	140.71489	199.0
202.0		-0.007885975638004262	-0.0035261595348376473	-0.002632560907616498	142.83622	142.83622	202.0
205.0		-0.007885975638004262	-0.0035261595348376473	-0.0028276394305932965	144.95755	144.95755	205.0
208.0		-0.007885975638004262	-0.0035261595348376473	-0.0028789809303290765	147.07888	147.07888	208.0
211.0		-0.007885975638004262	-0.0035261595348376473	-0.002891023781037208	149.20021	149.20021	211.0
214.0		-0.007885975638004262	-0.0035261595348376473	-0.002893543263085531	151.32154	151.32154	214.0
217.0		-0.007885975638004262	-0.0035261595348376473	-0.0028940136683499778	153.44287	153.44287	217.0
220.0		-0.007885975638004262	-0.0035261595348376473	-0.0028940920875730114	155.5642	155.5642	220.0
223.0		-0.007885975638004262	-0.0035261595348376473	-0.0028941037647052742	157.68553	157.68553	223.0
226.0		-0.007885975638004262	-0.0035261595348376473	-0.0028941053183728213	159.80686	159.80686	226.0
229.0		-0.007885975638004262	-0.0035261595348376473	-0.002894105503133709	161.92819	161.92819	229.0
232.0		-0.007885975638004262	-0.0035261595348376473	-0.0028941055227761367	164.04952	164.04952	232.0
235.0		-0.007885975638004262	-0.0035261595348376473	-0.002894105524643382	166.17085	166.17085	235.0
238.0		-0.007885975638004262	-0.0035261595348376473	-0.002894105524802128	168.29218	168.29218	238.0
241.0		-0.007885975638004262	-0.0035261595348376473	-0.0028941055248142	170.41351	170.41351	241.0
244.0		-0.007885975638004262	-0.0035261595348376473	-0.002894105524815021	172.53484	172.53484	244.0
247.0		-0.007885975638004262	-0.0035261595348376473	-0.002894105524815071	174.65617	174.65617	247.0
250.0		-0.007885975638004262	-0.0035261595348376473	-0.002894105524815074	176.7775	176.7775	250.0
253.0		-0.007885975638004262	-0.0035261595348376473	-0.002894105524815074	178.89883	178.89883	253.0
256.0		-0.007885975638004262	-0.0035261595348376473	-0.002894105524815074	181.02016	181.02016	256.0
259.0		-0.007885975638004262	-0.0035261595348376473	-0.002894105524815074	183.14149	183.14149	259.0
262.0		-0.007885975638004262	-0.0035261595348376473	-0.002894105524815074	185.26282	185.26282	262.0
265.0		-0.007885975638004262	-0.0035261595348376473	-0.002894105524815074	187.38415	187.38415	265.0
268.0		-0.007885975638004262	-0.0035261595348376473	-0.002894105524815074	189.50548	189.50548	268.0
271.0		-0.007885975638004262	-0.0035261595348376473	-0.002894105524815074	191.62681	191.62681	271.0
274.0		-0.007885975638004262	-0.0035261595348376473	-0.002894105524815074	193.74814	193.74814	274.0
277.0		-0.007885975638004262	-0.0035261595348376473	-0.002894105524815074	195.86947	195.86947	277.0
280.0		-0.007885975638004262	-0.0035261595348376473	-0.002894105524815074	197.9908	197.9908	280.0
283.0		-0.007885975638004262	-0.0035261595348376473	-0.002894105524815074	200.11213	200.11213	283.0
286.0		-0.007885975638004262	-0.0035261595348376473	-0.002894105524815074	202.23346	202.23346	286.0
289.0		-0.007885975638004262	-0.0035261595348376473	-0.002894105524815074	204.35479	204.35479	289.0
292.0		-0.007885975638004262	-0.0035261595348376473	-0.002894105524815074	206.47612	206.47612	292.0
RTBT_Diag:WS21

Name	X Fit	X RMS	Y Fit	Y RMS	Z Fit	Z RMS
-------	-----	-----	-----	-----	-----	-----
Area	10.997275292299921	10.55496790094401	10.793879253214925	10.412014973958334	10.042850702467623	10.319789375813803
Ampl	0.8620275570944755	0.8516601562500001	0.8507463734190488	0.8607421875000001	0.8720556086972836	0.8940429687500001
Mean	97.11628552131286	96.91522876191216	98.10441125860946	98.0915996549709	114.92939995426454	114.63796459692307
Sigma	5.0894870438946205	4.870232154619264	5.061596426617054	4.9027960727218085	4.594337472307165	5.113597245752641
Offset	0.00835509174179736	0.00712890625	-0.0032574156680287856	-0.00302734375	0.009138819260061009	0.005175781250000001
Slope	0.0	0.0	0.0	0.0	0.0	0.0

Position	X Raw	Y Raw	Z Raw
--------	-----	-----	-----
25.0		0.0076171875	-0.0025390625	0.00576171875	17.67775	17.67775	25.0
28.0		0.006640625	-0.003515625	0.00458984375	19.79908	19.79908	28.0
31.0		0.00712890625	-0.00283203125	0.00546875	21.92041	21.92041	31.0
34.0		0.00693359375	-0.00341796875	0.00498046875	24.04174	24.04174	34.0
37.0		0.0072265625	-0.00302734375	0.00517578125	26.16307	26.16307	37.0
40.0		0.0068359375	-0.00283203125	0.005078125	28.2844	28.2844	40.0
43.0		0.00712890625	-0.003515625	0.005078125	30.405730000000002	30.405730000000002	43.0
46.0		0.007421875	-0.00283203125	0.00537109375	32.52706	32.52706	46.0
49.0		0.0080078125	-0.00283203125	0.00546875	34.64839	34.64839	49.0
52.0		0.0078125	-0.0021484375	0.005859375	36.76972	36.76972	52.0
55.0		0.00732421875	-0.0021484375	0.00478515625	38.89105	38.89105	55.0
58.0		0.007421875	-0.00244140625	0.0056640625	41.01238	41.01238	58.0
61.0		0.00732421875	-0.002734375	0.005859375	43.13371	43.13371	61.0
64.0		0.00693359375	-0.0025390625	0.0048828125	45.25504	45.25504	64.0
67.0		0.008203125	-0.00166015625	0.005859375	47.37637	47.37637	67.0
70.0		0.00830078125	-0.001953125	0.00576171875	49.4977	49.4977	70.0
73.0		0.00771484375	-0.00283203125	0.0048828125	51.61903	51.61903	73.0
76.0		0.00712890625	-0.0017578125	0.0052734375	53.74036	53.74036	76.0
79.0		0.00771484375	0.00107421875	0.0060546875	55.86169	55.86169	79.0
82.0		0.00849609375	0.00732421875	0.00615234375	57.98302	57.98302	82.0
85.0		0.00810546875	0.02568359375	0.0060546875	60.104350000000004	60.104350000000004	85.0
88.0		0.00869140625	0.0802734375	0.00576171875	62.225680000000004	62.225680000000004	88.0
91.0		0.0091796875	0.27822265625	0.006640625	64.34701	64.34701	91.0
94.0		0.00908203125	0.62373046875	0.00673828125	66.46834	66.46834	94.0
97.0		0.00888671875	0.8546875	0.00654296875	68.58967	68.58967	97.0
100.0		0.00986328125	0.79169921875	0.007421875	70.711	70.711	100.0
103.0		0.00908203125	0.517578125	0.00595703125	72.83233	72.83233	103.0
106.0		0.0099609375	0.21142578125	0.00595703125	74.95366	74.95366	106.0
109.0		0.010546875	0.0603515625	0.00576171875	77.07499	77.07499	109.0
112.0		0.01455078125	0.01748046875	0.00625	79.19632	79.19632	112.0
115.0		0.0185546875	0.0048828125	0.0064453125	81.31765	81.31765	115.0
118.0		0.02861328125	9.765625E-5	0.00751953125	83.43898	83.43898	118.0
121.0		0.05234375	-0.00126953125	0.00673828125	85.56031	85.56031	121.0
124.0		0.11865234375	-0.001953125	0.0080078125	87.68164	87.68164	124.0
127.0		0.32109375	-0.00205078125	0.0095703125	89.80297	89.80297	127.0
130.0		0.550390625	-0.00234375	0.01142578125	91.9243	91.9243	130.0
133.0		0.7259765625	-0.0015625	0.01533203125	94.04563	94.04563	133.0
136.0		0.86591796875	-0.001953125	0.01962890625	96.16696	96.16696	136.0
139.0		0.85791015625	-0.0021484375	0.02744140625	98.28829	98.28829	139.0
142.0		0.6884765625	-0.00244140625	0.041015625	100.40962	100.40962	142.0
145.0		0.4779296875	-0.00205078125	0.0681640625	102.53095	102.53095	145.0
148.0		0.25576171875	-0.002734375	0.11298828125	104.65228	104.65228	148.0
151.0		0.09033203125	-0.00322265625	0.201953125	106.77361	106.77361	151.0
154.0		0.04443359375	-0.00263671875	0.37646484375	108.89494	108.89494	154.0
157.0		0.0251953125	-0.00263671875	0.5994140625	111.01627	111.01627	157.0
160.0		0.0166015625	-0.002734375	0.834765625	113.1376	113.1376	160.0
163.0		0.0138671875	-0.00224609375	0.90439453125	115.25893	115.25893	163.0
166.0		0.010546875	-0.0033203125	0.7634765625	117.38026	117.38026	166.0
169.0		0.00966796875	-0.003125	0.50458984375	119.50159000000001	119.50159000000001	169.0
172.0		0.009375	-0.00283203125	0.27626953125	121.62292000000001	121.62292000000001	172.0
175.0		0.00869140625	-0.00302734375	0.14951171875	123.74425000000001	123.74425000000001	175.0
178.0		0.00908203125	-0.0029296875	0.085546875	125.86558000000001	125.86558000000001	178.0
181.0		0.008203125	-0.0033203125	0.05107421875	127.98691000000001	127.98691000000001	181.0
184.0		0.00712890625	-0.0041015625	0.031640625	130.10824	130.10824	184.0
187.0		0.00888671875	-0.00322265625	0.0224609375	132.22957	132.22957	187.0
190.0		0.00849609375	-0.00341796875	0.01650390625	134.3509	134.3509	190.0
193.0		0.008203125	-0.003515625	0.01396484375	136.47223	136.47223	193.0
196.0		0.00830078125	-0.003515625	0.01005859375	138.59356	138.59356	196.0
199.0		0.008984375	-0.00283203125	0.0083984375	140.71489	140.71489	199.0
202.0		0.008203125	-0.0033203125	0.0072265625	142.83622	142.83622	202.0
205.0		0.0080078125	-0.00361328125	0.00712890625	144.95755	144.95755	205.0
208.0		0.00810546875	-0.00341796875	0.00703125	147.07888	147.07888	208.0
211.0		0.007421875	-0.00361328125	0.00693359375	149.20021	149.20021	211.0
214.0		0.00849609375	-0.00361328125	0.00751953125	151.32154	151.32154	214.0
217.0		0.00791015625	-0.003515625	0.00634765625	153.44287	153.44287	217.0
220.0		0.008203125	-0.0033203125	0.00693359375	155.5642	155.5642	220.0
223.0		0.007421875	-0.00341796875	0.00673828125	157.68553	157.68553	223.0
226.0		0.00732421875	-0.00400390625	0.00673828125	159.80686	159.80686	226.0
229.0		0.0076171875	-0.00380859375	0.00634765625	161.92819	161.92819	229.0
232.0		0.007421875	-0.003515625	0.00634765625	164.04952	164.04952	232.0
235.0		0.00791015625	-0.00390625	0.0064453125	166.17085	166.17085	235.0
238.0		0.0072265625	-0.0041015625	0.00634765625	168.29218	168.29218	238.0
241.0		0.00771484375	-0.003125	0.00625	170.41351	170.41351	241.0
244.0		0.0078125	-0.00341796875	0.00634765625	172.53484	172.53484	244.0
247.0		0.00673828125	-0.00419921875	0.005859375	174.65617	174.65617	247.0
250.0		0.00791015625	-0.00390625	0.00654296875	176.7775	176.7775	250.0
253.0		0.00810546875	-0.00322265625	0.006640625	178.89883	178.89883	253.0
256.0		0.00712890625	-0.00400390625	0.00537109375	181.02016	181.02016	256.0
259.0		0.0072265625	-0.00380859375	0.0052734375	183.14149	183.14149	259.0
262.0		0.00751953125	-0.0037109375	0.00634765625	185.26282	185.26282	262.0
265.0		0.00693359375	-0.00361328125	0.00615234375	187.38415	187.38415	265.0
268.0		0.00693359375	-0.00400390625	0.0056640625	189.50548	189.50548	268.0
271.0		0.0068359375	-0.00400390625	0.005859375	191.62681	191.62681	271.0
274.0		0.00693359375	-0.00390625	0.005859375	193.74814	193.74814	274.0
277.0		0.0068359375	-0.00400390625	0.00546875	195.86947	195.86947	277.0
280.0		0.0068359375	-0.00400390625	0.00546875	197.9908	197.9908	280.0
283.0		0.00712890625	-0.00380859375	0.0048828125	200.11213	200.11213	283.0
286.0		0.00673828125	-0.003515625	0.00556640625	202.23346	202.23346	286.0
289.0		0.007421875	-0.003515625	0.00595703125	204.35479	204.35479	289.0
292.0		0.00693359375	-0.00439453125	0.0056640625	206.47612	206.47612	292.0

Position	X Fit	Y Fit	Z Fit
--------	-----	-----	-----
25.0		0.008312964682903174	-0.0033062828805758933	0.009072807125605056	17.67775	17.67775	25.0
28.0		0.008312964682903174	-0.0033062828805758933	0.009072807125605056	19.79908	19.79908	28.0
31.0		0.008312964682903174	-0.0033062828805758933	0.009072807125605056	21.92041	21.92041	31.0
34.0		0.008312964682903174	-0.0033062828805758933	0.009072807125605056	24.04174	24.04174	34.0
37.0		0.008312964682903174	-0.0033062828805758933	0.009072807125605056	26.16307	26.16307	37.0
40.0		0.008312964682903174	-0.0033062828805758933	0.009072807125605056	28.2844	28.2844	40.0
43.0		0.008312964682903174	-0.0033062828805758933	0.009072807125605056	30.405730000000002	30.405730000000002	43.0
46.0		0.008312964682903174	-0.0033062828805758933	0.009072807125605056	32.52706	32.52706	46.0
49.0		0.008312964682903174	-0.0033062828805758933	0.009072807125605056	34.64839	34.64839	49.0
52.0		0.008312964682903174	-0.0033062828805758924	0.009072807125605056	36.76972	36.76972	52.0
55.0		0.008312964682903174	-0.003306282880575739	0.009072807125605056	38.89105	38.89105	55.0
58.0		0.008312964682903174	-0.0033062828805557574	0.009072807125605056	41.01238	41.01238	58.0
61.0		0.008312964682903174	-0.0033062828787298426	0.009072807125605056	43.13371	43.13371	61.0
64.0		0.008312964682903174	-0.003306282761443417	0.009072807125605056	45.25504	45.25504	64.0
67.0		0.008312964682903174	-0.003306277468965174	0.009072807125605056	47.37637	47.37637	67.0
70.0		0.008312964682903174	-0.0033061098460720416	0.009072807125605056	49.4977	49.4977	70.0
73.0		0.008312964682903178	-0.0033023884079088042	0.009072807125605056	51.61903	51.61903	73.0
76.0		0.008312964682903322	-0.003244584410831692	0.009072807125605056	53.74036	53.74036	76.0
79.0		0.008312964682907906	-0.002618248864996127	0.009072807125605056	55.86169	55.86169	79.0
82.0		0.0083129646830302	0.002094481258330232	0.009072807125605056	57.98302	57.98302	82.0
85.0		0.008312964685769308	0.026534505803701237	0.009072807125605056	60.104350000000004	60.104350000000004	85.0
88.0		0.008312964737264937	0.11275173996110854	0.009072807125605056	62.225680000000004	62.225680000000004	88.0
91.0		0.008312965549632864	0.31441757159709144	0.009072807125605056	64.34701	64.34701	91.0
94.0		0.008312976299178822	0.6089514259018464	0.009072807125605056	66.46834	66.46834	94.0
97.0		0.008313095553849376	0.8271723932830098	0.009072807125605056	68.58967	68.58967	97.0
100.0		0.008314204086275067	0.7896194166790007	0.009072807125605056	70.711	70.711	100.0
103.0		0.0083228314573844	0.5295944122723734	0.009072807125605056	72.83233	72.83233	103.0
106.0		0.008378993091191058	0.24879198629971278	0.009072807125605088	74.95366	74.95366	106.0
109.0		0.008684396883942517	0.08064033926634226	0.009072807125606638	77.07499	77.07499	109.0
112.0		0.01006935637129338	0.016370150150329815	0.009072807125668924	79.19632	79.19632	112.0
115.0		0.015294586052505056	-5.990326760170039E-5	0.009072807127687236	81.31765	81.31765	115.0
118.0		0.03164133006579363	-0.0029292649394701575	0.009072807180455621	83.43898	83.43898	118.0
121.0		0.07383772229499606	-0.003275462746979225	0.009072808293120125	85.56031	85.56031	121.0
124.0		0.16302340954184302	-0.003304509439346169	0.009072827205549087	87.68164	87.68164	124.0
127.0		0.31537557983359643	-0.0033062110500792245	0.009073086175016634	89.80297	89.80297	127.0
130.0		0.5206164982361577	-0.003306280832666574	0.00907594054360816	91.9243	91.9243	130.0
133.0		0.7268031765451722	-0.003306282839477735	0.009101236949385196	94.04563	94.04563	133.0
136.0		0.8553598664538204	-0.0033062828799953377	0.009281231550261606	96.16696	96.16696	136.0
139.0		0.8477481291912645	-0.0033062828805701205	0.01030745088347702	98.28829	98.28829	139.0
142.0		0.7076072120780904	-0.003306282880575853	0.014982342394179777	100.40962	100.40962	142.0
145.0		0.4980081687635861	-0.0033062828805758933	0.03192793223151197	102.53095	102.53095	145.0
148.0		0.29657327072667633	-0.0033062828805758933	0.08049488600868453	104.65228	104.65228	148.0
151.0		0.15095152070417342	-0.0033062828805758933	0.1894160942660595	106.77361	106.77361	151.0
154.0		0.06764402661368413	-0.0033062828805758933	0.3770205014104872	108.89494	108.89494	154.0
157.0		0.029058297523426726	-0.0033062828805758933	0.615656597265077	111.01627	111.01627	157.0
160.0		0.014410464419298098	-0.0033062828805758933	0.8170779501944583	113.1376	113.1376	160.0
163.0		0.009819489433060723	-0.0033062828805758933	0.8787459531167662	115.25893	115.25893	163.0
166.0		0.00862585624341777	-0.0033062828805758933	0.7654119987583686	117.38026	117.38026	166.0
169.0		0.008367591327514199	-0.0033062828805758933	0.5405636179623784	119.50159000000001	119.50159000000001	169.0
172.0		0.008320981616728059	-0.0033062828805758933	0.31085494133647484	121.62292000000001	121.62292000000001	172.0
175.0		0.008313953703121607	-0.0033062828805758933	0.14752820788433652	123.74425000000001	123.74425000000001	175.0
178.0		0.008313067246947733	-0.0033062828805758933	0.06039968960549558	125.86558000000001	125.86558000000001	178.0
181.0		0.008312973623740744	-0.0033062828805758933	0.024447217971529545	127.98691000000001	127.98691000000001	181.0
184.0		0.008312965338073726	-0.0033062828805758933	0.012793901530754326	130.10824	130.10824	184.0
187.0		0.008312964723260615	-0.0033062828805758933	0.009800522423018139	132.22957	132.22957	187.0
190.0		0.008312964684992884	-0.0033062828805758933	0.00918780000019453	134.3509	134.3509	190.0
193.0		0.008312964682994133	-0.0033062828805758933	0.00908748959035829	136.47223	136.47223	193.0
196.0		0.008312964682906501	-0.0033062828805758933	0.009074321891831553	138.59356	138.59356	196.0
199.0		0.008312964682903276	-0.0033062828805758933	0.009072933398713076	140.71489	140.71489	199.0
202.0		0.008312964682903178	-0.0033062828805758933	0.009072815631004939	142.83622	142.83622	202.0
205.0		0.008312964682903174	-0.0033062828805758933	0.00907280758851575	144.95755	144.95755	205.0
208.0		0.008312964682903174	-0.0033062828805758933	0.009072807145962269	147.07888	147.07888	208.0
211.0		0.008312964682903174	-0.0033062828805758933	0.009072807126328422	149.20021	149.20021	211.0
214.0		0.008312964682903174	-0.0033062828805758933	0.009072807125625826	151.32154	151.32154	214.0
217.0		0.008312964682903174	-0.0033062828805758933	0.009072807125605539	153.44287	153.44287	217.0
220.0		0.008312964682903174	-0.0033062828805758933	0.009072807125605065	155.5642	155.5642	220.0
223.0		0.008312964682903174	-0.0033062828805758933	0.009072807125605056	157.68553	157.68553	223.0
226.0		0.008312964682903174	-0.0033062828805758933	0.009072807125605056	159.80686	159.80686	226.0
229.0		0.008312964682903174	-0.0033062828805758933	0.009072807125605056	161.92819	161.92819	229.0
232.0		0.008312964682903174	-0.0033062828805758933	0.009072807125605056	164.04952	164.04952	232.0
235.0		0.008312964682903174	-0.0033062828805758933	0.009072807125605056	166.17085	166.17085	235.0
238.0		0.008312964682903174	-0.0033062828805758933	0.009072807125605056	168.29218	168.29218	238.0
241.0		0.008312964682903174	-0.0033062828805758933	0.009072807125605056	170.41351	170.41351	241.0
244.0		0.008312964682903174	-0.0033062828805758933	0.009072807125605056	172.53484	172.53484	244.0
247.0		0.008312964682903174	-0.0033062828805758933	0.009072807125605056	174.65617	174.65617	247.0
250.0		0.008312964682903174	-0.0033062828805758933	0.009072807125605056	176.7775	176.7775	250.0
253.0		0.008312964682903174	-0.0033062828805758933	0.009072807125605056	178.89883	178.89883	253.0
256.0		0.008312964682903174	-0.0033062828805758933	0.009072807125605056	181.02016	181.02016	256.0
259.0		0.008312964682903174	-0.0033062828805758933	0.009072807125605056	183.14149	183.14149	259.0
262.0		0.008312964682903174	-0.0033062828805758933	0.009072807125605056	185.26282	185.26282	262.0
265.0		0.008312964682903174	-0.0033062828805758933	0.009072807125605056	187.38415	187.38415	265.0
268.0		0.008312964682903174	-0.0033062828805758933	0.009072807125605056	189.50548	189.50548	268.0
271.0		0.008312964682903174	-0.0033062828805758933	0.009072807125605056	191.62681	191.62681	271.0
274.0		0.008312964682903174	-0.0033062828805758933	0.009072807125605056	193.74814	193.74814	274.0
277.0		0.008312964682903174	-0.0033062828805758933	0.009072807125605056	195.86947	195.86947	277.0
280.0		0.008312964682903174	-0.0033062828805758933	0.009072807125605056	197.9908	197.9908	280.0
283.0		0.008312964682903174	-0.0033062828805758933	0.009072807125605056	200.11213	200.11213	283.0
286.0		0.008312964682903174	-0.0033062828805758933	0.009072807125605056	202.23346	202.23346	286.0
289.0		0.008312964682903174	-0.0033062828805758933	0.009072807125605056	204.35479	204.35479	289.0
292.0		0.008312964682903174	-0.0033062828805758933	0.009072807125605056	206.47612	206.47612	292.0
RTBT_Diag:WS20

Name	X Fit	X RMS	Y Fit	Y RMS	Z Fit	Z RMS
-------	-----	-----	-----	-----	-----	-----
Area	11.802930562431888	11.147318689632163	11.652648206923025	11.0415625	10.451539047052076	10.467288102376303
Ampl	0.5895795037748193	0.5859375	0.7374169663520712	0.7155273437499999	1.1913759714086316	1.1559570312499998
Mean	88.8919478955142	88.68931512041826	100.40717046121665	100.42600755667507	125.34102607640446	125.38493341207555
Sigma	7.98651921216507	7.456082768443564	6.304077964712916	5.810074194538056	3.499785895636004	3.6715765910865668
Offset	-3.387071583349431E-4	2.4414062499999997E-4	0.004101158375853732	0.00498046875	0.0016201818163225207	-9.765625E-5
Slope	0.0	0.0	0.0	0.0	0.0	0.0

Position	X Raw	Y Raw	Z Raw
--------	-----	-----	-----
25.0		6.8359375E-4	0.00546875	0.0	17.67775	17.67775	25.0
28.0		-1.953125E-4	0.0044921875	-1.953125E-4	19.79908	19.79908	28.0
31.0		0.0	0.0048828125	-1.953125E-4	21.92041	21.92041	31.0
34.0		9.765625E-5	0.00478515625	-9.765625E-5	24.04174	24.04174	34.0
37.0		3.90625E-4	0.0048828125	-5.859375E-4	26.16307	26.16307	37.0
40.0		3.90625E-4	0.005078125	-9.765625E-5	28.2844	28.2844	40.0
43.0		-2.9296875E-4	0.005078125	-1.953125E-4	30.405730000000002	30.405730000000002	43.0
46.0		5.859375E-4	0.005078125	1.953125E-4	32.52706	32.52706	46.0
49.0		3.90625E-4	0.00537109375	9.765625E-5	34.64839	34.64839	49.0
52.0		9.765625E-4	0.0064453125	3.90625E-4	36.76972	36.76972	52.0
55.0		3.90625E-4	0.005078125	-3.90625E-4	38.89105	38.89105	55.0
58.0		3.90625E-4	0.00556640625	0.0	41.01238	41.01238	58.0
61.0		8.7890625E-4	0.005078125	-9.765625E-5	43.13371	43.13371	61.0
64.0		8.7890625E-4	0.00556640625	9.765625E-5	45.25504	45.25504	64.0
67.0		0.0013671875	0.0060546875	5.859375E-4	47.37637	47.37637	67.0
70.0		0.0015625	0.00634765625	4.8828125E-4	49.4977	49.4977	70.0
73.0		0.0015625	0.0056640625	1.953125E-4	51.61903	51.61903	73.0
76.0		0.0013671875	0.00615234375	-9.765625E-5	53.74036	53.74036	76.0
79.0		0.00263671875	0.009375	3.90625E-4	55.86169	55.86169	79.0
82.0		0.00283203125	0.0130859375	3.90625E-4	57.98302	57.98302	82.0
85.0		0.004296875	0.02607421875	5.859375E-4	60.104350000000004	60.104350000000004	85.0
88.0		0.00478515625	0.0591796875	2.9296875E-4	62.225680000000004	62.225680000000004	88.0
91.0		0.0072265625	0.205859375	5.859375E-4	64.34701	64.34701	91.0
94.0		0.01103515625	0.46201171875	0.00107421875	66.46834	66.46834	94.0
97.0		0.01650390625	0.65712890625	0.00146484375	68.58967	68.58967	97.0
100.0		0.02666015625	0.72548828125	0.00244140625	70.711	70.711	100.0
103.0		0.04541015625	0.70107421875	0.00244140625	72.83233	72.83233	103.0
106.0		0.08046875	0.5216796875	0.0015625	74.95366	74.95366	106.0
109.0		0.179296875	0.26591796875	5.859375E-4	77.07499	77.07499	109.0
112.0		0.2953125	0.08740234375	0.00166015625	79.19632	79.19632	112.0
115.0		0.40166015625	0.03642578125	8.7890625E-4	81.31765	81.31765	115.0
118.0		0.465234375	0.0166015625	0.0013671875	83.43898	83.43898	118.0
121.0		0.53974609375	0.00927734375	0.00107421875	85.56031	85.56031	121.0
124.0		0.58642578125	0.00751953125	0.00166015625	87.68164	87.68164	124.0
127.0		0.59130859375	0.00712890625	0.00166015625	89.80297	89.80297	127.0
130.0		0.5509765625	0.00595703125	0.00107421875	91.9243	91.9243	130.0
133.0		0.4783203125	0.0056640625	0.00126953125	94.04563	94.04563	133.0
136.0		0.37841796875	0.0060546875	0.0015625	96.16696	96.16696	136.0
139.0		0.28447265625	0.0048828125	0.00126953125	98.28829	98.28829	139.0
142.0		0.1783203125	0.00537109375	0.00146484375	100.40962	100.40962	142.0
145.0		0.08759765625	0.00546875	0.00146484375	102.53095	102.53095	145.0
148.0		0.04365234375	0.005078125	0.00166015625	104.65228	104.65228	148.0
151.0		0.02578125	0.00478515625	0.0021484375	106.77361	106.77361	151.0
154.0		0.016015625	0.0052734375	0.0037109375	108.89494	108.89494	154.0
157.0		0.01005859375	0.00498046875	0.00908203125	111.01627	111.01627	157.0
160.0		0.0064453125	0.00537109375	0.01923828125	113.1376	113.1376	160.0
163.0		0.005078125	0.0052734375	0.0375	115.25893	115.25893	163.0
166.0		0.004296875	0.00478515625	0.08720703125	117.38026	117.38026	166.0
169.0		0.002734375	0.0052734375	0.23994140625	119.50159000000001	119.50159000000001	169.0
172.0		0.00263671875	0.0060546875	0.713671875	121.62292000000001	121.62292000000001	172.0
175.0		0.002734375	0.0064453125	1.0966796875	123.74425000000001	123.74425000000001	175.0
178.0		0.00263671875	0.00693359375	1.15576171875	125.86558000000001	125.86558000000001	178.0
181.0		0.0017578125	0.0060546875	0.882421875	127.98691000000001	127.98691000000001	181.0
184.0		0.001171875	0.00498046875	0.50283203125	130.10824	130.10824	184.0
187.0		0.00146484375	0.00556640625	0.16396484375	132.22957	132.22957	187.0
190.0		8.7890625E-4	0.00498046875	0.0611328125	134.3509	134.3509	190.0
193.0		8.7890625E-4	0.0052734375	0.02822265625	136.47223	136.47223	193.0
196.0		4.8828125E-4	0.0044921875	0.01318359375	138.59356	138.59356	196.0
199.0		0.001171875	0.0052734375	0.00673828125	140.71489	140.71489	199.0
202.0		0.001171875	0.0048828125	0.003515625	142.83622	142.83622	202.0
205.0		7.8125E-4	0.0048828125	0.0021484375	144.95755	144.95755	205.0
208.0		3.90625E-4	0.00478515625	0.0021484375	147.07888	147.07888	208.0
211.0		5.859375E-4	0.0044921875	0.0015625	149.20021	149.20021	211.0
214.0		4.8828125E-4	0.0046875	0.0015625	151.32154	151.32154	214.0
217.0		-2.9296875E-4	0.00478515625	0.00146484375	153.44287	153.44287	217.0
220.0		0.001171875	0.00517578125	0.00185546875	155.5642	155.5642	220.0
223.0		2.9296875E-4	0.00439453125	8.7890625E-4	157.68553	157.68553	223.0
226.0		9.765625E-5	0.00419921875	0.00107421875	159.80686	159.80686	226.0
229.0		3.90625E-4	0.00458984375	0.00146484375	161.92819	161.92819	229.0
232.0		2.9296875E-4	0.00458984375	0.0013671875	164.04952	164.04952	232.0
235.0		-9.765625E-5	0.00478515625	0.0013671875	166.17085	166.17085	235.0
238.0		7.8125E-4	0.00390625	0.001171875	168.29218	168.29218	238.0
241.0		8.7890625E-4	0.0041015625	0.00107421875	170.41351	170.41351	241.0
244.0		6.8359375E-4	0.0046875	9.765625E-4	172.53484	172.53484	244.0
247.0		-3.90625E-4	0.00458984375	0.00107421875	174.65617	174.65617	247.0
250.0		9.765625E-4	0.0048828125	0.001171875	176.7775	176.7775	250.0
253.0		6.8359375E-4	0.00439453125	0.00126953125	178.89883	178.89883	253.0
256.0		2.9296875E-4	0.00419921875	6.8359375E-4	181.02016	181.02016	256.0
259.0		2.9296875E-4	0.00419921875	2.9296875E-4	183.14149	183.14149	259.0
262.0		-2.9296875E-4	0.00439453125	7.8125E-4	185.26282	185.26282	262.0
265.0		9.765625E-5	0.0046875	8.7890625E-4	187.38415	187.38415	265.0
268.0		3.90625E-4	0.004296875	2.9296875E-4	189.50548	189.50548	268.0
271.0		9.765625E-5	0.00419921875	4.8828125E-4	191.62681	191.62681	271.0
274.0		-1.953125E-4	0.00458984375	4.8828125E-4	193.74814	193.74814	274.0
277.0		-1.953125E-4	0.0046875	7.8125E-4	195.86947	195.86947	277.0
280.0		2.9296875E-4	0.00380859375	4.8828125E-4	197.9908	197.9908	280.0
283.0		1.953125E-4	0.0044921875	5.859375E-4	200.11213	200.11213	283.0
286.0		4.8828125E-4	0.0044921875	1.953125E-4	202.23346	202.23346	286.0
289.0		2.9296875E-4	0.00458984375	-9.765625E-5	204.35479	204.35479	289.0
292.0		3.90625E-4	0.0048828125	7.8125E-4	206.47612	206.47612	292.0

Position	X Fit	Y Fit	Z Fit
--------	-----	-----	-----
25.0		-3.1793927389934395E-4	0.004093347440548711	0.0016201818163225207	17.67775	17.67775	25.0
28.0		-3.179392738993139E-4	0.004093347440548711	0.0016201818163225207	19.79908	19.79908	28.0
31.0		-3.1793927389902764E-4	0.004093347440548711	0.0016201818163225207	21.92041	21.92041	31.0
34.0		-3.1793927389648714E-4	0.004093347440548711	0.0016201818163225207	24.04174	24.04174	34.0
37.0		-3.179392738754949E-4	0.004093347440548711	0.0016201818163225207	26.16307	26.16307	37.0
40.0		-3.179392737139739E-4	0.004093347440548711	0.0016201818163225207	28.2844	28.2844	40.0
43.0		-3.179392725567944E-4	0.004093347440548712	0.0016201818163225207	30.405730000000002	30.405730000000002	43.0
46.0		-3.179392648382085E-4	0.004093347440548761	0.0016201818163225207	32.52706	32.52706	46.0
49.0		-3.1793921690899087E-4	0.004093347440551419	0.0016201818163225207	34.64839	34.64839	49.0
52.0		-3.1793893986804817E-4	0.004093347440665744	0.0016201818163225207	36.76972	36.76972	52.0
55.0		-3.1793744941496907E-4	0.0040933474445815085	0.0016201818163225207	38.89105	38.89105	55.0
58.0		-3.179299872225204E-4	0.004093347551360074	0.0016201818163225207	41.01238	41.01238	58.0
61.0		-3.1789522371678864E-4	0.004093349868514605	0.0016201818163225207	43.13371	43.13371	61.0
64.0		-3.177445576078933E-4	0.004093389861584113	0.0016201818163225207	45.25504	45.25504	64.0
67.0		-3.1713718212421935E-4	0.004093938458051902	0.0016201818163225207	47.37637	47.37637	67.0
70.0		-3.148602501889119E-4	0.004099913424503485	0.0016201818163225207	49.4977	49.4977	70.0
73.0		-3.0692466197726454E-4	0.004151514845283695	0.0016201818163225207	51.61903	51.61903	73.0
76.0		-2.8122012857702874E-4	0.004504251047193348	0.0016201818163225207	53.74036	53.74036	76.0
79.0		-2.038662052833891E-4	0.006407972310062033	0.0016201818163225207	55.86169	55.86169	79.0
82.0		1.2309247296742282E-5	0.014490194916493811	0.0016201818163225207	57.98302	57.98302	82.0
85.0		5.730363768522465E-4	0.04133278614598076	0.0016201818163225207	60.104350000000004	60.104350000000004	85.0
88.0		0.0019221121382815545	0.11045497537742378	0.0016201818163225207	62.225680000000004	62.225680000000004	88.0
91.0		0.004930344792297555	0.2463341079127251	0.0016201818163225207	64.34701	64.34701	91.0
94.0		0.01114098574086474	0.4440297127518138	0.0016201818163225207	66.46834	66.46834	94.0
97.0		0.022997178751350558	0.6412011142443349	0.0016201818163225207	68.58967	68.58967	97.0
100.0		0.04388982540313128	0.7398197344670275	0.0016201818163225207	70.711	70.711	100.0
103.0		0.07779566729720792	0.6815790917764993	0.0016201818163225207	72.83233	72.83233	103.0
106.0		0.12830606358354227	0.5015604725566476	0.0016201818163225207	74.95366	74.95366	106.0
109.0		0.1970536093215704	0.2953722344150673	0.0016201818163225207	77.07499	77.07499	109.0
112.0		0.2819192724848627	0.14009181753161168	0.0016201818163225207	79.19632	79.19632	112.0
115.0		0.3757888682154622	0.054727020738352734	0.0016201818163225207	81.31765	81.31765	115.0
118.0		0.4667448967209533	0.019125640823388274	0.0016201818163225207	83.43898	83.43898	118.0
121.0		0.5401956616902422	0.0076520480051990615	0.0016201818163225207	85.56031	85.56031	121.0
124.0		0.5825969356878368	0.004765144420440513	0.0016201818163225207	87.68164	87.68164	124.0
127.0		0.585511032899826	0.004194473955994616	0.0016201818163225207	89.80297	89.80297	127.0
130.0		0.548342631121391	0.004105486147709879	0.0016201818163225207	91.9243	91.9243	130.0
133.0		0.478536868459086	0.004094509317728615	0.001620181816322526	94.04563	94.04563	133.0
136.0		0.38914949569302326	0.00409343612110429	0.0016201818163234908	96.16696	96.16696	136.0
139.0		0.29487478239247306	0.004093352837854008	0.0016201818164488359	98.28829	98.28829	139.0
142.0		0.20818267406719265	0.004093347702491206	0.001620181827711171	100.40962	100.40962	142.0
145.0		0.13692064370914195	0.004093347450685849	0.0016201825274234783	102.53095	102.53095	145.0
148.0		0.0838627176044514	0.004093347440861539	0.0016202125654324606	104.65228	104.65228	148.0
151.0		0.04780094979342161	0.004093347440556409	0.001621102639227276	106.77361	106.77361	151.0
154.0		0.025314271796593197	0.004093347440548862	0.0016392786759707664	108.89494	108.89494	154.0
157.0		0.01240606323025897	0.004093347440548714	0.0018944592502121813	111.01627	111.01627	157.0
160.0		0.005568174032064133	0.004093347440548711	0.004348283021704077	113.1376	113.1376	160.0
163.0		0.0022195293835200925	0.004093347440548711	0.02041218839802438	115.25893	115.25893	163.0
166.0		7.014497474888087E-4	0.004093347440548711	0.09126560316725714	117.38026	117.38026	166.0
169.0		6.369415918352372E-5	0.004093347440548711	0.2977794636842403	119.50159000000001	119.50159000000001	169.0
172.0		-1.847957420806785E-4	0.004093347440548711	0.6792068654348701	121.62292000000001	121.62292000000001	172.0
175.0		-2.7465193097625724E-4	0.004093347440548711	1.075230446138591	123.74425000000001	123.74425000000001	175.0
178.0		-3.048242531823594E-4	0.004093347440548711	1.1796891765621533	125.86558000000001	125.86558000000001	178.0
181.0		-3.142363547469079E-4	0.004093347440548711	0.8968552287354167	127.98691000000001	127.98691000000001	181.0
184.0		-3.169649874197913E-4	0.004093347440548711	0.472755545609312	130.10824	130.10824	184.0
187.0		-3.1770038480815574E-4	0.004093347440548711	0.1733305860825071	132.22957	132.22957	187.0
190.0		-3.1788468891910134E-4	0.004093347440548711	0.04496027053483351	134.3509	134.3509	190.0
193.0		-3.179276509272982E-4	0.004093347440548711	0.009195925280810868	136.47223	136.47223	193.0
196.0		-3.179369675322908E-4	0.004093347440548711	0.0025372529050078493	138.59356	138.59356	196.0
199.0		-3.179388474113085E-4	0.004093347440548711	0.0016970635243428896	140.71489	140.71489	199.0
202.0		-3.1793920040524626E-4	0.004093347440548711	0.0016246454168744884	142.83622	142.83622	202.0
205.0		-3.179392620970838E-4	0.004093347440548711	0.0016203612855116589	144.95755	144.95755	205.0
208.0		-3.1793927213312506E-4	0.004093347440548711	0.0016201868136378845	147.07888	147.07888	208.0
211.0		-3.1793927365303127E-4	0.004093347440548711	0.0016201819126889778	149.20021	149.20021	211.0
214.0		-3.1793927386733565E-4	0.004093347440548711	0.0016201818176094578	151.32154	151.32154	214.0
217.0		-3.1793927389547026E-4	0.004093347440548711	0.001620181816334423	153.44287	153.44287	217.0
220.0		-3.179392738989096E-4	0.004093347440548711	0.001620181816322597	155.5642	155.5642	220.0
223.0		-3.179392738993012E-4	0.004093347440548711	0.0016201818163225211	157.68553	157.68553	223.0
226.0		-3.179392738993427E-4	0.004093347440548711	0.0016201818163225207	159.80686	159.80686	226.0
229.0		-3.1793927389934677E-4	0.004093347440548711	0.0016201818163225207	161.92819	161.92819	229.0
232.0		-3.1793927389934715E-4	0.004093347440548711	0.0016201818163225207	164.04952	164.04952	232.0
235.0		-3.179392738993472E-4	0.004093347440548711	0.0016201818163225207	166.17085	166.17085	235.0
238.0		-3.179392738993472E-4	0.004093347440548711	0.0016201818163225207	168.29218	168.29218	238.0
241.0		-3.179392738993472E-4	0.004093347440548711	0.0016201818163225207	170.41351	170.41351	241.0
244.0		-3.179392738993472E-4	0.004093347440548711	0.0016201818163225207	172.53484	172.53484	244.0
247.0		-3.179392738993472E-4	0.004093347440548711	0.0016201818163225207	174.65617	174.65617	247.0
250.0		-3.179392738993472E-4	0.004093347440548711	0.0016201818163225207	176.7775	176.7775	250.0
253.0		-3.179392738993472E-4	0.004093347440548711	0.0016201818163225207	178.89883	178.89883	253.0
256.0		-3.179392738993472E-4	0.004093347440548711	0.0016201818163225207	181.02016	181.02016	256.0
259.0		-3.179392738993472E-4	0.004093347440548711	0.0016201818163225207	183.14149	183.14149	259.0
262.0		-3.179392738993472E-4	0.004093347440548711	0.0016201818163225207	185.26282	185.26282	262.0
265.0		-3.179392738993472E-4	0.004093347440548711	0.0016201818163225207	187.38415	187.38415	265.0
268.0		-3.179392738993472E-4	0.004093347440548711	0.0016201818163225207	189.50548	189.50548	268.0
271.0		-3.179392738993472E-4	0.004093347440548711	0.0016201818163225207	191.62681	191.62681	271.0
274.0		-3.179392738993472E-4	0.004093347440548711	0.0016201818163225207	193.74814	193.74814	274.0
277.0		-3.179392738993472E-4	0.004093347440548711	0.0016201818163225207	195.86947	195.86947	277.0
280.0		-3.179392738993472E-4	0.004093347440548711	0.0016201818163225207	197.9908	197.9908	280.0
283.0		-3.179392738993472E-4	0.004093347440548711	0.0016201818163225207	200.11213	200.11213	283.0
286.0		-3.179392738993472E-4	0.004093347440548711	0.0016201818163225207	202.23346	202.23346	286.0
289.0		-3.179392738993472E-4	0.004093347440548711	0.0016201818163225207	204.35479	204.35479	289.0
292.0		-3.179392738993472E-4	0.004093347440548711	0.0016201818163225207	206.47612	206.47612	292.0

PVLoggerID = 49547857