start time: Thu Oct 21 20:32:41 EDT 2021

RTBT_Diag:WS24

Name	X Fit	X RMS	Y Fit	Y RMS	Z Fit	Z RMS
-------	-----	-----	-----	-----	-----	-----
Area	37.65107848212574	41.377489987630206	46.3157517855933	46.51235026041667	44.32617159198909	43.30910872757162
Ampl	1.5520938330273284	1.6310546874999998	1.8656239778350538	1.8505859375	2.0042794747627366	1.95263671875
Mean	107.30862898839334	107.16772282428954	103.89934670157204	103.94485069699648	112.72652947423134	112.72375757517419
Sigma	9.677641125559502	11.550552447990098	9.904092065375975	10.335219445111308	8.822913270848462	8.507157846042348
Offset	0.024517403630593758	0.00625	0.0021597196650591636	0.001171875	0.005619027955959049	9.765625E-4
Slope	0.0	0.0	0.0	0.0	0.0	0.0

Position	X Raw	Y Raw	Z Raw
--------	-----	-----	-----
25.0		0.00634765625	0.00166015625	5.859375E-4	17.67775	17.67775	25.0
28.0		0.00615234375	6.8359375E-4	0.0013671875	19.79908	19.79908	28.0
31.0		0.00712890625	0.00234375	0.00185546875	21.92041	21.92041	31.0
34.0		0.00595703125	0.00107421875	0.0015625	24.04174	24.04174	34.0
37.0		0.0076171875	0.00263671875	0.00166015625	26.16307	26.16307	37.0
40.0		0.0072265625	0.0025390625	0.00224609375	28.2844	28.2844	40.0
43.0		0.00810546875	0.00439453125	0.0025390625	30.405730000000002	30.405730000000002	43.0
46.0		0.00859375	0.00419921875	0.0033203125	32.52706	32.52706	46.0
49.0		0.00859375	0.0048828125	0.00380859375	34.64839	34.64839	49.0
52.0		0.008203125	0.0044921875	0.00302734375	36.76972	36.76972	52.0
55.0		0.007421875	0.00400390625	0.00322265625	38.89105	38.89105	55.0
58.0		0.0087890625	0.00654296875	0.00458984375	41.01238	41.01238	58.0
61.0		0.00849609375	0.00595703125	0.0041015625	43.13371	43.13371	61.0
64.0		0.00966796875	0.0083984375	0.00498046875	45.25504	45.25504	64.0
67.0		0.01064453125	0.0103515625	0.0048828125	47.37637	47.37637	67.0
70.0		0.01171875	0.01572265625	0.00615234375	49.4977	49.4977	70.0
73.0		0.0119140625	0.0291015625	0.0056640625	51.61903	51.61903	73.0
76.0		0.01220703125	0.069140625	0.006640625	53.74036	53.74036	76.0
79.0		0.01123046875	0.1267578125	0.00654296875	55.86169	55.86169	79.0
82.0		0.01396484375	0.20107421875	0.00830078125	57.98302	57.98302	82.0
85.0		0.01494140625	0.30654296875	0.0076171875	60.104350000000004	60.104350000000004	85.0
88.0		0.01630859375	0.4751953125	0.00947265625	62.225680000000004	62.225680000000004	88.0
91.0		0.0189453125	0.76298828125	0.00966796875	64.34701	64.34701	91.0
94.0		0.0220703125	1.128125	0.01103515625	66.46834	66.46834	94.0
97.0		0.02724609375	1.48134765625	0.01142578125	68.58967	68.58967	97.0
100.0		0.03818359375	1.74462890625	0.0130859375	70.711	70.711	100.0
103.0		0.05322265625	1.8529296875	0.01318359375	72.83233	72.83233	103.0
106.0		0.0724609375	1.82919921875	0.012890625	74.95366	74.95366	106.0
109.0		0.09951171875	1.65732421875	0.01298828125	77.07499	77.07499	109.0
112.0		0.12255859375	1.34326171875	0.013671875	79.19632	79.19632	112.0
115.0		0.16103515625	1.00673828125	0.0146484375	81.31765	81.31765	115.0
118.0		0.20244140625	0.66513671875	0.01630859375	83.43898	83.43898	118.0
121.0		0.25673828125	0.40673828125	0.01640625	85.56031	85.56031	121.0
124.0		0.33154296875	0.2611328125	0.0201171875	87.68164	87.68164	124.0
127.0		0.41923828125	0.1669921875	0.026953125	89.80297	89.80297	127.0
130.0		0.5376953125	0.10126953125	0.0537109375	91.9243	91.9243	130.0
133.0		0.66806640625	0.0505859375	0.15166015625	94.04563	94.04563	133.0
136.0		0.81484375	0.02333984375	0.35078125	96.16696	96.16696	136.0
139.0		0.98779296875	0.014453125	0.54873046875	98.28829	98.28829	139.0
142.0		1.1849609375	0.009765625	0.7478515625	100.40962	100.40962	142.0
145.0		1.38212890625	0.01015625	1.03740234375	102.53095	102.53095	145.0
148.0		1.54609375	0.00791015625	1.3623046875	104.65228	104.65228	148.0
151.0		1.6435546875	0.0078125	1.63232421875	106.77361	106.77361	151.0
154.0		1.6083984375	0.00751953125	1.82548828125	108.89494	108.89494	154.0
157.0		1.4623046875	0.00673828125	1.93818359375	111.01627	111.01627	157.0
160.0		1.26064453125	0.0064453125	1.95458984375	113.1376	113.1376	160.0
163.0		1.07783203125	0.005859375	1.8861328125	115.25893	115.25893	163.0
166.0		0.8884765625	0.0029296875	1.7337890625	117.38026	117.38026	166.0
169.0		0.75693359375	0.00322265625	1.545703125	119.50159000000001	119.50159000000001	169.0
172.0		0.6318359375	0.0029296875	1.28291015625	121.62292000000001	121.62292000000001	172.0
175.0		0.49111328125	0.002734375	0.9447265625	123.74425000000001	123.74425000000001	175.0
178.0		0.35615234375	1.953125E-4	0.65078125	125.86558000000001	125.86558000000001	178.0
181.0		0.26875	0.0013671875	0.45322265625	127.98691000000001	127.98691000000001	181.0
184.0		0.20244140625	5.859375E-4	0.24716796875	130.10824	130.10824	184.0
187.0		0.1625	1.953125E-4	0.105078125	132.22957	132.22957	187.0
190.0		0.13203125	9.765625E-5	0.0453125	134.3509	134.3509	190.0
193.0		0.10712890625	-5.859375E-4	0.02705078125	136.47223	136.47223	193.0
196.0		0.08115234375	-0.00224609375	0.01904296875	138.59356	138.59356	196.0
199.0		0.06044921875	-0.00126953125	0.018359375	140.71489	140.71489	199.0
202.0		0.0451171875	-6.8359375E-4	0.01796875	142.83622	142.83622	202.0
205.0		0.0322265625	-0.0017578125	0.0169921875	144.95755	144.95755	205.0
208.0		0.02255859375	-0.00234375	0.01572265625	147.07888	147.07888	208.0
211.0		0.0201171875	-0.001171875	0.016015625	149.20021	149.20021	211.0
214.0		0.018359375	-0.0013671875	0.01484375	151.32154	151.32154	214.0
217.0		0.016796875	-0.00224609375	0.0150390625	153.44287	153.44287	217.0
220.0		0.01630859375	-0.002734375	0.014453125	155.5642	155.5642	220.0
223.0		0.01572265625	-0.00244140625	0.01416015625	157.68553	157.68553	223.0
226.0		0.014453125	-0.003125	0.0126953125	159.80686	159.80686	226.0
229.0		0.01416015625	-0.0025390625	0.01376953125	161.92819	161.92819	229.0
232.0		0.01337890625	-0.0033203125	0.01240234375	164.04952	164.04952	232.0
235.0		0.01201171875	-0.00419921875	0.01103515625	166.17085	166.17085	235.0
238.0		0.00947265625	-0.00546875	0.0087890625	168.29218	168.29218	238.0
241.0		0.01162109375	-0.00361328125	0.0109375	170.41351	170.41351	241.0
244.0		0.01083984375	-0.00380859375	0.0109375	172.53484	172.53484	244.0
247.0		0.00859375	-0.00517578125	0.0076171875	174.65617	174.65617	247.0
250.0		0.01025390625	-0.00419921875	0.0087890625	176.7775	176.7775	250.0
253.0		0.00849609375	-0.00546875	0.00791015625	178.89883	178.89883	253.0
256.0		0.00830078125	-0.00478515625	0.00810546875	181.02016	181.02016	256.0
259.0		0.0091796875	-0.00380859375	0.00830078125	183.14149	183.14149	259.0
262.0		0.0091796875	-0.00498046875	0.00830078125	185.26282	185.26282	262.0
265.0		0.0091796875	-0.0041015625	0.0078125	187.38415	187.38415	265.0
268.0		0.00654296875	-0.00556640625	0.00576171875	189.50548	189.50548	268.0
271.0		0.0080078125	-0.0046875	0.00673828125	191.62681	191.62681	271.0
274.0		0.006640625	-0.00546875	0.0060546875	193.74814	193.74814	274.0
277.0		0.007421875	-0.0046875	0.0064453125	195.86947	195.86947	277.0
280.0		0.0052734375	-0.00625	0.00458984375	197.9908	197.9908	280.0
283.0		0.00673828125	-0.00546875	0.0060546875	200.11213	200.11213	283.0
286.0		0.0046875	-0.00625	0.00400390625	202.23346	202.23346	286.0
289.0		0.0056640625	-0.00556640625	0.0046875	204.35479	204.35479	289.0
292.0		0.00400390625	-0.00634765625	0.00322265625	206.47612	206.47612	292.0

Position	X Fit	Y Fit	Z Fit
--------	-----	-----	-----
25.0		0.024307744180077542	0.0021527468510036903	0.005619027955959049	17.67775	17.67775	25.0
28.0		0.024307744180077546	0.002152746851302637	0.005619027955959049	19.79908	19.79908	28.0
31.0		0.02430774418007756	0.002152746854182997	0.005619027955959049	21.92041	21.92041	31.0
34.0		0.024307744180077667	0.0021527468794751035	0.005619027955959049	24.04174	24.04174	34.0
37.0		0.024307744180078347	0.0021527470818480977	0.005619027955959049	26.16307	26.16307	37.0
40.0		0.024307744180082497	0.0021527485571630725	0.005619027955959049	28.2844	28.2844	40.0
43.0		0.02430774418010657	0.002152758354480772	0.005619027955959049	30.405730000000002	30.405730000000002	43.0
46.0		0.02430774418023963	0.0021528176106787394	0.005619027955959052	32.52706	32.52706	46.0
49.0		0.02430774418094009	0.002153143946167785	0.005619027955959069	34.64839	34.64839	49.0
52.0		0.024307744184451974	0.0021547799387816244	0.005619027955959211	36.76972	36.76972	52.0
55.0		0.024307744201220678	0.0021622435031563116	0.005619027955960292	38.89105	38.89105	55.0
58.0		0.02430774427747004	0.002193217281085313	0.0056190279559680785	41.01238	41.01238	58.0
61.0		0.024307744607630622	0.0023100936816561543	0.00561902795602097	43.13371	43.13371	61.0
64.0		0.024307745968882535	0.002710871330395642	0.005619027956359841	45.25504	45.25504	64.0
67.0		0.02430775131262014	0.003958910238273593	0.005619027958407497	47.37637	47.37637	67.0
70.0		0.024307771284126152	0.007485308556615498	0.00561902797007654	49.4977	49.4977	70.0
73.0		0.024307842339586775	0.016516490198926672	0.0056190280327868105	51.61903	51.61903	73.0
76.0		0.024308082976649055	0.03745092375235739	0.005619028350573418	53.74036	53.74036	76.0
79.0		0.024308858613305954	0.08129160975853703	0.005619029868988495	55.86169	55.86169	79.0
82.0		0.024311237814967933	0.16402791341868994	0.005619036709110827	57.98302	57.98302	82.0
85.0		0.024318181990318752	0.30423383884199723	0.005619065756786593	60.104350000000004	60.104350000000004	85.0
88.0		0.024337464241020835	0.5164565651329677	0.0056191820309675535	62.225680000000004	62.225680000000004	88.0
91.0		0.02438839307328238	0.8010093816076477	0.005619620686270991	64.34701	64.34701	91.0
94.0		0.024516315958972114	1.1342163722609986	0.005621180123706454	66.46834	66.46834	94.0
97.0		0.024821812802467612	1.4657639251329986	0.005626403416507715	68.58967	68.58967	97.0
100.0		0.02551526621606748	1.7285211991040588	0.005642883878400327	70.711	70.711	100.0
103.0		0.02701093965043873	1.8599322040729422	0.00569185577900106	72.83233	72.83233	103.0
106.0		0.030074987234631027	1.8260808426821686	0.005828869989695893	74.95366	74.95366	106.0
109.0		0.03603421901436128	1.6358597175292078	0.0061896935500241985	77.07499	77.07499	109.0
112.0		0.047031238421210424	1.3371903634378073	0.007083782777564827	79.19632	79.19632	112.0
115.0		0.06627312522119472	0.9974796322028644	0.009167506858457223	81.31765	81.31765	115.0
118.0		0.09816882263883049	0.6791561620120075	0.013732627390636108	83.43898	83.43898	118.0
121.0		0.14820124814213048	0.42226841193329306	0.023128737529861932	85.56031	85.56031	121.0
124.0		0.22236458375692747	0.24000090000462906	0.041283710831328986	87.68164	87.68164	124.0
127.0		0.32605238883151244	0.12500512936803668	0.07418234732074454	89.80297	89.80297	127.0
130.0		0.4624324209056308	0.06004497632468395	0.13002446106237098	91.9243	91.9243	130.0
133.0		0.6305752281044512	0.027041885000590415	0.21866871684677744	94.04563	94.04563	133.0
136.0		0.823846012379392	0.01191505098567895	0.3499820460514363	96.16696	96.16696	136.0
139.0		1.0292072938429733	0.0056461419014168035	0.5309659000314179	98.28829	98.28829	139.0
142.0		1.2279972260230358	0.0032932486100735797	0.7620509365788533	100.40962	100.40962	142.0
145.0		1.3983962192298869	0.00249244807376545	1.0336059137777658	102.53095	102.53095	145.0
148.0		1.5192463109631507	0.002245057361463569	1.324177375445312	104.65228	104.65228	148.0
151.0		1.574338846384283	0.0021756322288107336	1.6018847028614813	106.77361	106.77361	151.0
154.0		1.5559801795378692	0.0021579231327922372	1.8295359037326462	108.89494	108.89494	154.0
157.0		1.466754523243913	0.0021538149970040275	1.9725945375456782	111.01627	111.01627	157.0
160.0		1.3189271641797329	0.0021529479436430085	2.007724293785537	113.1376	113.1376	160.0
163.0		1.1316779998232727	0.002152781390369081	1.9290159087730994	115.25893	115.25893	163.0
166.0		0.9270255486165498	0.00215275226332604	1.7496128863717486	117.38026	117.38026	166.0
169.0		0.725633163244665	0.0021527476247401533	1.4981214317391776	119.50159000000001	119.50159000000001	169.0
172.0		0.5435805378171733	0.002152746951895172	1.211152217923256	121.62292000000001	121.62292000000001	172.0
175.0		0.39072842377530914	0.002152746862982065	0.92466523746082	123.74425000000001	123.74425000000001	175.0
178.0		0.2707259551051004	0.002152746852276534	0.6669053943974913	125.86558000000001	125.86558000000001	178.0
181.0		0.18224116488607883	0.0021527468511018982	0.4547115609968403	127.98691000000001	127.98691000000001	181.0
184.0		0.1207758389263008	0.002152746850984434	0.2934755962554085	130.10824	130.10824	184.0
187.0		0.08046446993394937	0.0021527468509737273	0.1797638225163586	132.22957	132.22957	187.0
190.0		0.05546278125994587	0.002152746850972838	0.10505394030550114	134.3509	134.3509	190.0
193.0		0.04078038331141965	0.00215274685097277	0.059206261552006804	136.47223	136.47223	193.0
196.0		0.032608287372704006	0.002152746850972766	0.032876013507525254	138.59356	138.59356	196.0
199.0		0.02829393661643358	0.0021527468509727654	0.018704468687453044	140.71489	140.71489	199.0
202.0		0.026132137297704333	0.0021527468509727654	0.011548184675182378	142.83622	142.83622	202.0
205.0		0.025103513162639556	0.0021527468509727654	0.008154691046581527	144.95755	144.95755	205.0
208.0		0.02463854304201777	0.0021527468509727654	0.006642519390871753	147.07888	147.07888	208.0
211.0		0.024438797921435763	0.0021527468509727654	0.006008943833729909	149.20021	149.20021	211.0
214.0		0.024357225725866134	0.0021527468509727654	0.005759229137151996	151.32154	151.32154	214.0
217.0		0.02432554932490162	0.0021527468509727654	0.005666608178497181	153.44287	153.44287	217.0
220.0		0.02431385017136303	0.0021527468509727654	0.005634268318899555	155.5642	155.5642	220.0
223.0		0.024309739788220083	0.0021527468509727654	0.0056236353801108535	157.68553	157.68553	223.0
226.0		0.0243083657682927	0.0021527468509727654	0.005620342621027879	159.80686	159.80686	226.0
229.0		0.024307928698058662	0.0021527468509727654	0.005619382007180631	161.92819	161.92819	229.0
232.0		0.024307796381583716	0.0021527468509727654	0.005619117949453311	164.04952	164.04952	232.0
235.0		0.024307758254668795	0.0021527468509727654	0.005619049545836486	166.17085	166.17085	235.0
238.0		0.024307747796648297	0.0021527468509727654	0.005619032844545313	168.29218	168.29218	238.0
241.0		0.024307745065736578	0.0021527468509727654	0.005619029000704367	170.41351	170.41351	241.0
244.0		0.02430774438677949	0.0021527468509727654	0.005619028166691602	172.53484	172.53484	244.0
247.0		0.024307744226053522	0.0021527468509727654	0.005619027996077751	174.65617	174.65617	247.0
250.0		0.02430774418982353	0.0021527468509727654	0.005619027963167736	176.7775	176.7775	250.0
253.0		0.024307744182046467	0.0021527468509727654	0.005619027957181579	178.89883	178.89883	253.0
256.0		0.02430774418045663	0.0021527468509727654	0.005619027956154734	181.02016	181.02016	256.0
259.0		0.0243077441801471	0.0021527468509727654	0.0056190279559886125	183.14149	183.14149	259.0
262.0		0.024307744180089706	0.0021527468509727654	0.005619027955963265	185.26282	185.26282	262.0
265.0		0.02430774418007957	0.0021527468509727654	0.0056190279559596166	187.38415	187.38415	265.0
268.0		0.024307744180077865	0.0021527468509727654	0.005619027955959121	189.50548	189.50548	268.0
271.0		0.02430774418007759	0.0021527468509727654	0.005619027955959058	191.62681	191.62681	271.0
274.0		0.02430774418007755	0.0021527468509727654	0.00561902795595905	193.74814	193.74814	274.0
277.0		0.024307744180077542	0.0021527468509727654	0.005619027955959049	195.86947	195.86947	277.0
280.0		0.024307744180077542	0.0021527468509727654	0.005619027955959049	197.9908	197.9908	280.0
283.0		0.024307744180077542	0.0021527468509727654	0.005619027955959049	200.11213	200.11213	283.0
286.0		0.024307744180077542	0.0021527468509727654	0.005619027955959049	202.23346	202.23346	286.0
289.0		0.024307744180077542	0.0021527468509727654	0.005619027955959049	204.35479	204.35479	289.0
292.0		0.024307744180077542	0.0021527468509727654	0.005619027955959049	206.47612	206.47612	292.0
RTBT_Diag:WS23

Name	X Fit	X RMS	Y Fit	Y RMS	Z Fit	Z RMS
-------	-----	-----	-----	-----	-----	-----
Area	45.38751296398724	46.05750166585286	49.49129704477982	46.58738606770834	49.21860464874991	46.22620333435872
Ampl	2.6524226613535955	2.687109375	1.7417061972056613	1.6974609375000003	1.4022474322419933	1.37880859375
Mean	102.35658323663544	102.15098354119874	101.6431982298807	101.91477255060478	115.36429807709689	115.34192235864631
Sigma	6.826588457196419	7.3558518034684655	11.336108773538314	10.248483021098092	14.002794318085986	12.716360203002646
Offset	0.008026273584894652	-0.005859375	-0.0033947806043779396	0.0015625	-0.00836067724889832	-4.39453125E-4
Slope	0.0	0.0	0.0	0.0	0.0	0.0

Position	X Raw	Y Raw	Z Raw
--------	-----	-----	-----
25.0		-0.0060546875	0.00146484375	-4.8828125E-4	17.67775	17.67775	25.0
28.0		-0.0056640625	0.00166015625	-3.90625E-4	19.79908	19.79908	28.0
31.0		-0.005078125	0.0025390625	9.765625E-5	21.92041	21.92041	31.0
34.0		-0.00478515625	0.00263671875	-2.9296875E-4	24.04174	24.04174	34.0
37.0		-0.00537109375	0.00244140625	-1.953125E-4	26.16307	26.16307	37.0
40.0		-0.0041015625	0.0037109375	7.8125E-4	28.2844	28.2844	40.0
43.0		-0.00380859375	0.003515625	4.8828125E-4	30.405730000000002	30.405730000000002	43.0
46.0		-0.00380859375	0.00498046875	4.8828125E-4	32.52706	32.52706	46.0
49.0		-0.0046875	0.00390625	5.859375E-4	34.64839	34.64839	49.0
52.0		-0.0033203125	0.0044921875	7.8125E-4	36.76972	36.76972	52.0
55.0		-0.00302734375	0.005859375	0.00126953125	38.89105	38.89105	55.0
58.0		-0.003125	0.00595703125	0.00126953125	41.01238	41.01238	58.0
61.0		-0.002734375	0.00673828125	0.00185546875	43.13371	43.13371	61.0
64.0		-0.00263671875	0.0064453125	0.00166015625	45.25504	45.25504	64.0
67.0		-0.002734375	0.00712890625	0.0015625	47.37637	47.37637	67.0
70.0		-0.0029296875	0.00927734375	0.0015625	49.4977	49.4977	70.0
73.0		-0.0037109375	0.01630859375	0.0013671875	51.61903	51.61903	73.0
76.0		-0.00146484375	0.0578125	0.002734375	53.74036	53.74036	76.0
79.0		-0.00107421875	0.14970703125	0.00341796875	55.86169	55.86169	79.0
82.0		-2.9296875E-4	0.2779296875	0.00380859375	57.98302	57.98302	82.0
85.0		-6.8359375E-4	0.471875	0.00400390625	60.104350000000004	60.104350000000004	85.0
88.0		0.00146484375	0.7759765625	0.0046875	62.225680000000004	62.225680000000004	88.0
91.0		0.0021484375	1.14560546875	0.00634765625	64.34701	64.34701	91.0
94.0		0.003515625	1.4326171875	0.007421875	66.46834	66.46834	94.0
97.0		0.00498046875	1.60703125	0.00810546875	68.58967	68.58967	97.0
100.0		0.00498046875	1.69892578125	0.00810546875	70.711	70.711	100.0
103.0		0.007421875	1.7005859375	0.0095703125	72.83233	72.83233	103.0
106.0		0.0107421875	1.6181640625	0.01005859375	74.95366	74.95366	106.0
109.0		0.01884765625	1.43876953125	0.01015625	77.07499	77.07499	109.0
112.0		0.04326171875	1.205859375	0.0134765625	79.19632	79.19632	112.0
115.0		0.08837890625	0.93173828125	0.01787109375	81.31765	81.31765	115.0
118.0		0.15654296875	0.56708984375	0.0279296875	83.43898	83.43898	118.0
121.0		0.23974609375	0.30693359375	0.0564453125	85.56031	85.56031	121.0
124.0		0.34384765625	0.17265625	0.12607421875	87.68164	87.68164	124.0
127.0		0.4859375	0.07998046875	0.2146484375	89.80297	89.80297	127.0
130.0		0.76357421875	0.02666015625	0.3076171875	91.9243	91.9243	130.0
133.0		1.2228515625	0.01474609375	0.40634765625	94.04563	94.04563	133.0
136.0		1.80048828125	0.01015625	0.50732421875	96.16696	96.16696	136.0
139.0		2.24033203125	0.00908203125	0.6314453125	98.28829	98.28829	139.0
142.0		2.55830078125	0.00927734375	0.77763671875	100.40962	100.40962	142.0
145.0		2.675390625	0.009375	0.92822265625	102.53095	102.53095	145.0
148.0		2.5134765625	0.00859375	1.05693359375	104.65228	104.65228	148.0
151.0		2.1396484375	0.00751953125	1.1609375	106.77361	106.77361	151.0
154.0		1.6865234375	0.00625	1.24833984375	108.89494	108.89494	154.0
157.0		1.171484375	0.00576171875	1.316015625	111.01627	111.01627	157.0
160.0		0.6658203125	0.00419921875	1.3625	113.1376	113.1376	160.0
163.0		0.401953125	0.00341796875	1.3779296875	115.25893	115.25893	163.0
166.0		0.26337890625	0.0041015625	1.36171875	117.38026	117.38026	166.0
169.0		0.18486328125	0.00361328125	1.321484375	119.50159000000001	119.50159000000001	169.0
172.0		0.11962890625	0.0025390625	1.26064453125	121.62292000000001	121.62292000000001	172.0
175.0		0.06123046875	0.00205078125	1.18125	123.74425000000001	123.74425000000001	175.0
178.0		0.03037109375	0.0029296875	1.1015625	125.86558000000001	125.86558000000001	178.0
181.0		0.01259765625	0.001953125	0.9947265625	127.98691000000001	127.98691000000001	181.0
184.0		0.00859375	0.00224609375	0.85673828125	130.10824	130.10824	184.0
187.0		0.005859375	0.00205078125	0.68359375	132.22957	132.22957	187.0
190.0		0.002734375	5.859375E-4	0.52421875	134.3509	134.3509	190.0
193.0		0.0029296875	6.8359375E-4	0.38681640625	136.47223	136.47223	193.0
196.0		0.00224609375	0.00107421875	0.28291015625	138.59356	138.59356	196.0
199.0		0.0015625	3.90625E-4	0.19072265625	140.71489	140.71489	199.0
202.0		6.8359375E-4	-3.90625E-4	0.11279296875	142.83622	142.83622	202.0
205.0		-3.90625E-4	0.0	0.0560546875	144.95755	144.95755	205.0
208.0		3.90625E-4	-4.8828125E-4	0.0287109375	147.07888	147.07888	208.0
211.0		8.7890625E-4	9.765625E-5	0.0193359375	149.20021	149.20021	211.0
214.0		-0.00146484375	-7.8125E-4	0.01201171875	151.32154	151.32154	214.0
217.0		-0.0025390625	-0.00146484375	0.00869140625	153.44287	153.44287	217.0
220.0		-0.00126953125	-4.8828125E-4	0.00947265625	155.5642	155.5642	220.0
223.0		-9.765625E-4	-3.90625E-4	0.00927734375	157.68553	157.68553	223.0
226.0		-0.00283203125	-0.00126953125	0.0068359375	159.80686	159.80686	226.0
229.0		-0.00205078125	-0.00107421875	0.00712890625	161.92819	161.92819	229.0
232.0		-0.00234375	-0.00107421875	0.00751953125	164.04952	164.04952	232.0
235.0		-0.00224609375	-0.001171875	0.00732421875	166.17085	166.17085	235.0
238.0		-0.002734375	-7.8125E-4	0.00673828125	168.29218	168.29218	238.0
241.0		-0.00263671875	-0.00146484375	0.00654296875	170.41351	170.41351	241.0
244.0		-0.00234375	-6.8359375E-4	0.00673828125	172.53484	172.53484	244.0
247.0		-0.00390625	-0.00107421875	0.00615234375	174.65617	174.65617	247.0
250.0		-0.00498046875	-0.00185546875	0.0044921875	176.7775	176.7775	250.0
253.0		-0.003515625	-0.00166015625	0.00546875	178.89883	178.89883	253.0
256.0		-0.00458984375	-0.001171875	0.0052734375	181.02016	181.02016	256.0
259.0		-0.00546875	-0.00224609375	0.0037109375	183.14149	183.14149	259.0
262.0		-0.0044921875	-0.001953125	0.004296875	185.26282	185.26282	262.0
265.0		-0.0048828125	-0.0017578125	0.00390625	187.38415	187.38415	265.0
268.0		-0.00439453125	-0.00126953125	0.00478515625	189.50548	189.50548	268.0
271.0		-0.00537109375	-0.0017578125	0.00341796875	191.62681	191.62681	271.0
274.0		-0.0048828125	-5.859375E-4	0.0044921875	193.74814	193.74814	274.0
277.0		-0.006640625	-0.00263671875	0.001953125	195.86947	195.86947	277.0
280.0		-0.00478515625	-0.001171875	0.0033203125	197.9908	197.9908	280.0
283.0		-0.0046875	-0.0013671875	0.0033203125	200.11213	200.11213	283.0
286.0		-0.00556640625	-0.00107421875	0.00322265625	202.23346	202.23346	286.0
289.0		-0.0060546875	-0.00185546875	0.0021484375	204.35479	204.35479	289.0
292.0		-0.00517578125	-0.00146484375	0.00283203125	206.47612	206.47612	292.0

Position	X Fit	Y Fit	Z Fit
--------	-----	-----	-----
25.0		0.008100975818882559	-0.0032870845507847633	-0.008329207785763263	17.67775	17.67775	25.0
28.0		0.008100975818882559	-0.0032870835469218426	-0.008329207715085505	19.79908	19.79908	28.0
31.0		0.008100975818882559	-0.003287078227417754	-0.008329207521172603	21.92041	21.92041	31.0
34.0		0.008100975818882559	-0.0032870519804799104	-0.0083292070014552	24.04174	24.04174	34.0
37.0		0.008100975818882559	-0.003286931412536948	-0.008329205640780504	26.16307	26.16307	37.0
40.0		0.008100975818882559	-0.0032864158796365953	-0.008329202160958771	28.2844	28.2844	40.0
43.0		0.008100975818882559	-0.0032843644023646686	-0.008329193468079112	30.405730000000002	30.405730000000002	43.0
46.0		0.008100975818882559	-0.0032767687714274846	-0.00832917225704742	32.52706	32.52706	46.0
49.0		0.008100975818882559	-0.003250609085036268	-0.00832912170510175	34.64839	34.64839	49.0
52.0		0.008100975818882559	-0.003166829651221298	-0.008329004031959446	36.76972	36.76972	52.0
55.0		0.008100975818882559	-0.002917417092662325	-0.008328736506899356	38.89105	38.89105	55.0
58.0		0.008100975818882568	-0.002227520900255687	-0.00832814251274522	41.01238	41.01238	58.0
61.0		0.00810097581888268	-4.553632102776324E-4	-0.008326854524424844	43.13371	43.13371	61.0
64.0		0.008100975818884274	0.003769290927164116	-0.0083241272203102	45.25504	45.25504	64.0
67.0		0.008100975818904533	0.01310826115691761	-0.008318487921591152	47.37637	47.37637	67.0
70.0		0.00810097581913815	0.032232445467708495	-0.008307102150211344	49.4977	49.4977	70.0
73.0		0.008100975821581962	0.06846286190961766	-0.008284657168710553	51.61903	51.61903	73.0
76.0		0.008100975844768604	0.1318528459904436	-0.008241458889674516	53.74036	53.74036	76.0
79.0		0.008100976044275256	0.23404340835987789	-0.008160293289563355	55.86169	55.86169	79.0
82.0		0.008100977600810858	0.38533826979729546	-0.008011425596008544	57.98302	57.98302	82.0
85.0		0.008100988610246605	0.5900704492262038	-0.007744916273368586	60.104350000000004	60.104350000000004	85.0
88.0		0.008101059190791127	0.8414266018636067	-0.007279261682103445	62.225680000000004	62.225680000000004	88.0
91.0		0.00810146921857881	1.1179832725712617	-0.006485288764015919	64.34701	64.34701	91.0
94.0		0.008103627090740136	1.3844873767788346	-0.005164350760652602	66.46834	66.46834	94.0
97.0		0.008113911398579636	1.5982432953797232	-0.0030203173835300088	68.58967	68.58967	97.0
100.0		0.00815828098555926	1.7200062638883449	3.742301948057476E-4	70.711	70.711	100.0
103.0		0.008331479525787505	1.7256969468528587	0.005615689930209238	72.83233	72.83233	103.0
106.0		0.008942832761704052	1.6141615321217258	0.013507001219819117	74.95366	74.95366	106.0
109.0		0.010892715578049971	1.4075528482396062	0.02508849308502372	77.07499	77.07499	109.0
112.0		0.016506945426716386	1.1441601784997821	0.04165275506340047	79.19632	79.19632	112.0
115.0		0.031082400545681007	0.8668656018881613	0.06473210356624713	81.31765	81.31765	115.0
118.0		0.06514922662485326	0.6119831939279297	0.09604640398173682	83.43898	83.43898	118.0
121.0		0.13668409784668636	0.4023560663349553	0.13740047532079147	85.56031	85.56031	121.0
124.0		0.27125005206221425	0.2460748156260766	0.19052483396181205	87.68164	87.68164	124.0
127.0		0.49708647824362806	0.1396430458178768	0.2568614619037699	89.80297	89.80297	127.0
130.0		0.8331245658691929	0.0731009297683004	0.33730719220614686	91.9243	91.9243	130.0
133.0		1.2720018082388658	0.03477866547481404	0.431939806762141	94.04563	94.04563	133.0
136.0		1.7661698422707723	0.01439979834274634	0.5397637039734543	96.16696	96.16696	136.0
139.0		2.2285203917277236	0.004375511747415257	0.6585200391805982	98.28829	98.28829	139.0
142.0		2.5544058380888264	-1.917448364729766E-4	0.7846075671700496	100.40962	100.40962	142.0
145.0		2.659420270561683	-0.002121219179034172	0.9131528227327763	102.53095	102.53095	145.0
148.0		2.514729141647805	-0.0028776390241375457	1.038251190968933	104.65228	104.65228	148.0
151.0		2.1598620571857134	-0.003153008476748918	1.1533754701507317	106.77361	106.77361	151.0
154.0		1.685260724968375	-0.0032461478266418427	1.251919599831115	108.89494	108.89494	154.0
157.0		1.1950472561902532	-0.00327543045535186	1.3278178747651674	111.01627	111.01627	157.0
160.0		0.7708188892665909	-0.003283991153473015	1.376160258369641	113.1376	113.1376	160.0
163.0		0.45311436629308727	-0.00328631907324377	1.3937174269221	115.25893	115.25893	163.0
166.0		0.24385464555427758	-0.0032869080573036326	1.3792975901402025	117.38026	117.38026	166.0
169.0		0.1215028139696423	-0.003287046738043711	1.3338803062652251	119.50159000000001	119.50159000000001	169.0
172.0		0.05762979528815311	-0.0032870771323709165	1.2605064148233172	121.62292000000001	121.62292000000001	172.0
175.0		0.027742360838000874	-0.0032870833340322525	1.1639412716119022	123.74425000000001	123.74425000000001	175.0
178.0		0.015173305400056843	-0.003287084512258105	1.0501631080850409	125.86558000000001	125.86558000000001	178.0
181.0		0.010413195659675276	-0.0032870847207129034	0.9257527986212924	127.98691000000001	127.98691000000001	181.0
184.0		0.008787367490990395	-0.0032870847550615125	0.7972712758026764	130.10824	130.10824	184.0
187.0		0.008285984087020132	-0.0032870847603333935	0.6707053009578829	132.22957	132.22957	187.0
190.0		0.008146253744300105	-0.0032870847610871334	0.5510436492814377	134.3509	134.3509	190.0
193.0		0.00811103721278063	-0.0032870847611875284	0.4420189053509467	136.47223	136.47223	193.0
196.0		0.008103005865605506	-0.003287084761199987	0.3460210243171288	138.59356	138.59356	196.0
199.0		0.008101347722296846	-0.003287084761201428	0.26416326571087356	140.71489	140.71489	199.0
202.0		0.008101037681821343	-0.0032870847612015827	0.19646313592150136	142.83622	142.83622	202.0
205.0		0.008100985162330689	-0.0032870847612015983	0.1420924382628143	144.95755	144.95755	205.0
208.0		0.008100977100209803	-0.0032870847612016	0.09965105321472381	147.07888	147.07888	208.0
211.0		0.00810097597842976	-0.0032870847612016	0.06742658098297878	149.20021	149.20021	211.0
214.0		0.008100975836920815	-0.0032870847612016	0.043613512640346214	151.32154	151.32154	214.0
217.0		0.008100975820734282	-0.0032870847612016	0.026478143309085905	153.44287	153.44287	217.0
220.0		0.008100975819055157	-0.0032870847612016	0.014466583489092877	155.5642	155.5642	220.0
223.0		0.008100975818897167	-0.0032870847612016	0.006261480690971214	157.68553	157.68553	223.0
226.0		0.008100975818883681	-0.0032870847612016	7.979238351385459E-4	159.80686	159.80686	226.0
229.0		0.008100975818882637	-0.0032870847612016	-0.0027492584338759457	161.92819	161.92819	229.0
232.0		0.008100975818882564	-0.0032870847612016	-0.004995222988949088	164.04952	164.04952	232.0
235.0		0.008100975818882559	-0.0032870847612016	-0.006382349287769132	166.17085	166.17085	235.0
238.0		0.008100975818882559	-0.0032870847612016	-0.0072181348423153826	168.29218	168.29218	238.0
241.0		0.008100975818882559	-0.0032870847612016	-0.007709498267437324	170.41351	170.41351	241.0
244.0		0.008100975818882559	-0.0032870847612016	-0.007991398824318778	172.53484	172.53484	244.0
247.0		0.008100975818882559	-0.0032870847612016	-0.0081492413312252	174.65617	174.65617	247.0
250.0		0.008100975818882559	-0.0032870847612016	-0.008235505684758507	176.7775	176.7775	250.0
253.0		0.008100975818882559	-0.0032870847612016	-0.008281526887780551	178.89883	178.89883	253.0
256.0		0.008100975818882559	-0.0032870847612016	-0.008305495317803311	181.02016	181.02016	256.0
259.0		0.008100975818882559	-0.0032870847612016	-0.008317682648298763	183.14149	183.14149	259.0
262.0		0.008100975818882559	-0.0032870847612016	-0.008323733190311997	185.26282	185.26282	262.0
265.0		0.008100975818882559	-0.0032870847612016	-0.008326666266228152	187.38415	187.38415	265.0
268.0		0.008100975818882559	-0.0032870847612016	-0.008328054683277065	189.50548	189.50548	268.0
271.0		0.008100975818882559	-0.0032870847612016	-0.008328696493122902	191.62681	191.62681	271.0
274.0		0.008100975818882559	-0.0032870847612016	-0.008328986229451107	193.74814	193.74814	274.0
277.0		0.008100975818882559	-0.0032870847612016	-0.008329113969874017	195.86947	195.86947	277.0
280.0		0.008100975818882559	-0.0032870847612016	-0.008329168974569985	197.9908	197.9908	280.0
283.0		0.008100975818882559	-0.0032870847612016	-0.008329192107629788	200.11213	200.11213	283.0
286.0		0.008100975818882559	-0.0032870847612016	-0.008329201610241026	202.23346	202.23346	286.0
289.0		0.008100975818882559	-0.0032870847612016	-0.008329205423032119	204.35479	204.35479	289.0
292.0		0.008100975818882559	-0.0032870847612016	-0.008329206917359819	206.47612	206.47612	292.0
RTBT_Diag:WS21

Name	X Fit	X RMS	Y Fit	Y RMS	Z Fit	Z RMS
-------	-----	-----	-----	-----	-----	-----
Area	48.46698875382539	47.80024009205729	46.59756081994343	47.363818359375	36.151297340283506	45.4001080359375
Ampl	1.8981751570714929	1.91845703125	1.8017930546212921	1.8268554687499998	1.903139704319349	2.062890625
Mean	97.77393240130003	97.8701052817659	99.76695861939847	99.60700981741445	116.23934583165054	116.08187195405567
Sigma	10.18637871516166	10.137108778197732	10.317354219438897	10.87758517753021	7.578151497585947	10.68805737765503
Offset	0.007077446443525856	0.008251953125	1.8400018812159344E-4	-0.00205078125	0.037373012684995606	0.00595703125
Slope	0.0	0.0	0.0	0.0	0.0	0.0

Position	X Raw	Y Raw	Z Raw
--------	-----	-----	-----
25.0		0.00849609375	-0.00205078125	0.0060546875	17.67775	17.67775	25.0
28.0		0.0080078125	-0.00205078125	0.005859375	19.79908	19.79908	28.0
31.0		0.00810546875	-0.00205078125	0.00634765625	21.92041	21.92041	31.0
34.0		0.008984375	-0.00166015625	0.00595703125	24.04174	24.04174	34.0
37.0		0.00771484375	-0.00234375	0.005859375	26.16307	26.16307	37.0
40.0		0.010546875	-3.90625E-4	0.006640625	28.2844	28.2844	40.0
43.0		0.00869140625	-0.001171875	0.00673828125	30.405730000000002	30.405730000000002	43.0
46.0		0.0099609375	-5.859375E-4	0.00712890625	32.52706	32.52706	46.0
49.0		0.00830078125	-0.00244140625	0.00625	34.64839	34.64839	49.0
52.0		0.00947265625	-1.953125E-4	0.00615234375	36.76972	36.76972	52.0
55.0		0.01083984375	5.859375E-4	0.0076171875	38.89105	38.89105	55.0
58.0		0.0099609375	-2.9296875E-4	0.00703125	41.01238	41.01238	58.0
61.0		0.00986328125	0.00146484375	0.0076171875	43.13371	43.13371	61.0
64.0		0.008984375	0.0037109375	0.0068359375	45.25504	45.25504	64.0
67.0		0.00927734375	0.0171875	0.00703125	47.37637	47.37637	67.0
70.0		0.00791015625	0.05146484375	0.00625	49.4977	49.4977	70.0
73.0		0.0087890625	0.1177734375	0.00703125	51.61903	51.61903	73.0
76.0		0.01005859375	0.20732421875	0.007421875	53.74036	53.74036	76.0
79.0		0.01123046875	0.3060546875	0.0083984375	55.86169	55.86169	79.0
82.0		0.01240234375	0.4248046875	0.0080078125	57.98302	57.98302	82.0
85.0		0.01142578125	0.6234375	0.00791015625	60.104350000000004	60.104350000000004	85.0
88.0		0.0140625	0.93154296875	0.0091796875	62.225680000000004	62.225680000000004	88.0
91.0		0.016015625	1.26435546875	0.00849609375	64.34701	64.34701	91.0
94.0		0.0283203125	1.5419921875	0.01103515625	66.46834	66.46834	94.0
97.0		0.04501953125	1.75654296875	0.0103515625	68.58967	68.58967	97.0
100.0		0.07958984375	1.82275390625	0.0109375	70.711	70.711	100.0
103.0		0.12314453125	1.71357421875	0.012890625	72.83233	72.83233	103.0
106.0		0.17216796875	1.516796875	0.01416015625	74.95366	74.95366	106.0
109.0		0.230078125	1.21962890625	0.01416015625	77.07499	77.07499	109.0
112.0		0.31630859375	0.8765625	0.0197265625	79.19632	79.19632	112.0
115.0		0.46962890625	0.56103515625	0.03046875	81.31765	81.31765	115.0
118.0		0.67685546875	0.3818359375	0.05283203125	83.43898	83.43898	118.0
121.0		0.91220703125	0.264453125	0.0951171875	85.56031	85.56031	121.0
124.0		1.1591796875	0.17138671875	0.1572265625	87.68164	87.68164	124.0
127.0		1.38994140625	0.09306640625	0.230859375	89.80297	89.80297	127.0
130.0		1.6119140625	0.0373046875	0.30380859375	91.9243	91.9243	130.0
133.0		1.7912109375	0.0115234375	0.3783203125	94.04563	94.04563	133.0
136.0		1.90986328125	0.00341796875	0.44931640625	96.16696	96.16696	136.0
139.0		1.9349609375	0.00107421875	0.5109375	98.28829	98.28829	139.0
142.0		1.8544921875	9.765625E-5	0.5814453125	100.40962	100.40962	142.0
145.0		1.69267578125	-1.953125E-4	0.66669921875	102.53095	102.53095	145.0
148.0		1.49130859375	-5.859375E-4	0.7767578125	104.65228	104.65228	148.0
151.0		1.2921875	-4.8828125E-4	0.932421875	106.77361	106.77361	151.0
154.0		1.08291015625	-9.765625E-4	1.14111328125	108.89494	108.89494	154.0
157.0		0.87763671875	-2.9296875E-4	1.41298828125	111.01627	111.01627	157.0
160.0		0.65830078125	-6.8359375E-4	1.77685546875	113.1376	113.1376	160.0
163.0		0.43984375	-0.00107421875	2.0748046875	115.25893	115.25893	163.0
166.0		0.28212890625	-8.7890625E-4	2.09599609375	117.38026	117.38026	166.0
169.0		0.18935546875	-0.00146484375	1.78896484375	119.50159000000001	119.50159000000001	169.0
172.0		0.12958984375	-0.0015625	1.4341796875	121.62292000000001	121.62292000000001	172.0
175.0		0.08095703125	-0.00185546875	1.13818359375	123.74425000000001	123.74425000000001	175.0
178.0		0.05361328125	-0.002734375	0.9251953125	125.86558000000001	125.86558000000001	178.0
181.0		0.02900390625	-0.00234375	0.76494140625	127.98691000000001	127.98691000000001	181.0
184.0		0.01728515625	-0.0021484375	0.6359375	130.10824	130.10824	184.0
187.0		0.01513671875	-0.00185546875	0.5462890625	132.22957	132.22957	187.0
190.0		0.0123046875	-0.00263671875	0.4716796875	134.3509	134.3509	190.0
193.0		0.01279296875	-0.00224609375	0.393359375	136.47223	136.47223	193.0
196.0		0.01279296875	-0.00263671875	0.33125	138.59356	138.59356	196.0
199.0		0.01064453125	-0.002734375	0.2537109375	140.71489	140.71489	199.0
202.0		0.008984375	-0.003125	0.18359375	142.83622	142.83622	202.0
205.0		0.0091796875	-0.00380859375	0.11796875	144.95755	144.95755	205.0
208.0		0.00966796875	-0.0029296875	0.0662109375	147.07888	147.07888	208.0
211.0		0.01181640625	-0.002734375	0.037890625	149.20021	149.20021	211.0
214.0		0.009375	-0.00224609375	0.021484375	151.32154	151.32154	214.0
217.0		0.009765625	-0.00185546875	0.0154296875	153.44287	153.44287	217.0
220.0		0.01015625	-0.0025390625	0.0126953125	155.5642	155.5642	220.0
223.0		0.01123046875	-0.0025390625	0.01240234375	157.68553	157.68553	223.0
226.0		0.00859375	-0.0033203125	0.00888671875	159.80686	159.80686	226.0
229.0		0.00908203125	-0.00244140625	0.0095703125	161.92819	161.92819	229.0
232.0		0.0103515625	-0.00322265625	0.01064453125	164.04952	164.04952	232.0
235.0		0.01064453125	-0.00283203125	0.01064453125	166.17085	166.17085	235.0
238.0		0.0109375	-0.002734375	0.01083984375	168.29218	168.29218	238.0
241.0		0.00947265625	-0.00283203125	0.008984375	170.41351	170.41351	241.0
244.0		0.0111328125	-0.00244140625	0.01123046875	172.53484	172.53484	244.0
247.0		0.01083984375	-0.00283203125	0.01162109375	174.65617	174.65617	247.0
250.0		0.00986328125	-0.00283203125	0.00888671875	176.7775	176.7775	250.0
253.0		0.0091796875	-0.0029296875	0.00927734375	178.89883	178.89883	253.0
256.0		0.00927734375	-0.00283203125	0.0087890625	181.02016	181.02016	256.0
259.0		0.00791015625	-0.003515625	0.0072265625	183.14149	183.14149	259.0
262.0		0.00859375	-0.003125	0.00791015625	185.26282	185.26282	262.0
265.0		0.00771484375	-0.00283203125	0.00732421875	187.38415	187.38415	265.0
268.0		0.0095703125	-0.0029296875	0.00810546875	189.50548	189.50548	268.0
271.0		0.00859375	-0.0029296875	0.00791015625	191.62681	191.62681	271.0
274.0		0.00830078125	-0.00302734375	0.00888671875	193.74814	193.74814	274.0
277.0		0.0078125	-0.00302734375	0.00693359375	195.86947	195.86947	277.0
280.0		0.00927734375	-0.002734375	0.00849609375	197.9908	197.9908	280.0
283.0		0.00859375	-0.00234375	0.00810546875	200.11213	200.11213	283.0
286.0		0.0087890625	-0.002734375	0.00849609375	202.23346	202.23346	286.0
289.0		0.0080078125	-0.00205078125	0.00791015625	204.35479	204.35479	289.0
292.0		0.00810546875	-0.002734375	0.0078125	206.47612	206.47612	292.0

Position	X Fit	Y Fit	Z Fit
--------	-----	-----	-----
25.0		0.007024388057156168	8.574309643160937E-5	0.03645580446988696	17.67775	17.67775	25.0
28.0		0.007024388057445786	8.574314516775448E-5	0.03645580446988696	19.79908	19.79908	28.0
31.0		0.007024388058825349	8.57434938779993E-5	0.03645580446988696	21.92041	21.92041	31.0
34.0		0.007024388065113983	8.574578355840364E-5	0.03645580446988696	24.04174	24.04174	34.0
37.0		0.007024388092545669	8.575957826681207E-5	0.03645580446988696	26.16307	26.16307	37.0
40.0		0.0070243882070467	8.583582093786018E-5	0.03645580446988696	28.2844	28.2844	40.0
43.0		0.007024388664350488	8.62223120282779E-5	0.03645580446988696	30.405730000000002	30.405730000000002	43.0
46.0		0.007024390411838947	8.801882095592494E-5	0.03645580446988696	32.52706	32.52706	46.0
49.0		0.007024396800519024	9.567376322513316E-5	0.03645580446988696	34.64839	34.64839	49.0
52.0		0.007024419144765491	1.2556392738045604E-4	0.03645580446988696	36.76972	36.76972	52.0
55.0		0.0070244939006434024	2.3247212652303232E-4	0.03645580446988696	38.89105	38.89105	55.0
58.0		0.00702473312961482	5.825592752116807E-4	0.03645580446988696	41.01238	41.01238	58.0
61.0		0.007025465331114471	0.0016315292022878677	0.03645580446988696	43.13371	43.13371	61.0
64.0		0.007027608472080629	0.0045052830263168624	0.03645580446988696	45.25504	45.25504	64.0
67.0		0.007033606707332738	0.011696986261035984	0.03645580446988696	47.37637	47.37637	67.0
70.0		0.007049657326424044	0.028117761815961765	0.03645580446988698	49.4977	49.4977	70.0
73.0		0.007090714678995129	0.06227337583253732	0.03645580446988722	51.61903	51.61903	73.0
76.0		0.0071910947058504435	0.1268590070454418	0.03645580446988971	53.74036	53.74036	76.0
79.0		0.0074256128962891885	0.237564799826006	0.0364558044699139	55.86169	55.86169	79.0
82.0		0.007949070369338937	0.40887262891293885	0.036455804470130485	57.98302	57.98302	82.0
85.0		0.009065031542591273	0.6466960022454779	0.036455804471921344	60.104350000000004	60.104350000000004	85.0
88.0		0.011336713929143144	0.9399437015172329	0.03645580448559515	62.225680000000004	62.225680000000004	88.0
91.0		0.015750601970655993	1.2554098009033638	0.03645580458199254	64.34701	64.34701	91.0
94.0		0.02393307900067578	1.5408048808783705	0.03645580520938363	66.46834	66.46834	94.0
97.0		0.03839795990469996	1.737746921856581	0.03645580897860634	68.58967	68.58967	97.0
100.0		0.06276706137883833	1.800948913961965	0.03645582987833684	70.711	70.711	100.0
103.0		0.1018621875213257	1.7151102517516967	0.03645593681597732	72.83233	72.83233	103.0
106.0		0.1615302609957032	1.5009241722934537	0.03645644163508136	74.95366	74.95366	106.0
109.0		0.24805841906136109	1.2069864685736935	0.0364586397825262	77.07499	77.07499	109.0
112.0		0.36708994837062914	0.8919179493076955	0.03646746606196016	79.19632	79.19632	112.0
115.0		0.522080626567718	0.6056618775870998	0.036500137020564254	81.31765	81.31765	115.0
118.0		0.7125252813898367	0.3779435047488042	0.03661157868609749	83.43898	83.43898	118.0
121.0		0.9323835565131884	0.21673736273143857	0.03696171813738787	85.56031	85.56031	121.0
124.0		1.169256698322288	0.11423406437313269	0.03797448082632549	87.68164	87.68164	124.0
127.0		1.4048255761818906	0.05535086268479688	0.04066948914827842	89.80297	89.80297	127.0
130.0		1.6168087862903537	0.024672808454233194	0.04726185057927074	91.9243	91.9243	130.0
133.0		1.7822758164905852	0.01013736799605544	0.06206993283041868	94.04563	94.04563	133.0
136.0		1.8816816377434578	0.0038618114512454556	0.09257356464818911	96.16696	96.16696	136.0
139.0		1.9026550671872073	0.0013892622487399753	0.15009523739399683	98.28829	98.28829	139.0
142.0		1.842528788195013	4.992368740874844E-4	0.24915496160231942	100.40962	100.40962	142.0
145.0		1.7088967255941303	2.062729208777481E-4	0.4044241515229458	102.53095	102.53095	145.0
148.0		1.5180380000288467	1.1802759267267431E-4	0.6248428967285472	104.65228	104.65228	148.0
151.0		1.2916590095351914	9.368943891269894E-5	0.9060643396455302	106.77361	106.77361	151.0
154.0		1.052853473933156	8.754036718985456E-5	1.2243901326383981	108.89494	108.89494	154.0
157.0		0.8223135288181529	8.611662905691433E-5	1.536379110154698	111.01627	111.01627	157.0
160.0		0.6156250883199673	8.581442922541548E-5	1.7869217084175804	113.1376	113.1376	160.0
163.0		0.44205827317791097	8.575560928424932E-5	1.924648183696394	115.25893	115.25893	163.0
166.0		0.3047961920327924	8.574510839776947E-5	1.9190070496489036	117.38026	117.38026	166.0
169.0		0.20219476743948006	8.574338855650882E-5	1.771279540185793	119.50159000000001	119.50159000000001	169.0
172.0		0.12951818277046842	8.574313009872363E-5	1.514106851688091	121.62292000000001	121.62292000000001	172.0
175.0		0.08064240580279894	8.574309445382383E-5	1.1997683140389495	123.74425000000001	123.74425000000001	175.0
178.0		0.04939102567609335	8.574308994180572E-5	0.882959566517336	125.86558000000001	125.86558000000001	178.0
181.0		0.030371530065549792	8.574308941752751E-5	0.6057927522532274	127.98691000000001	127.98691000000001	181.0
184.0		0.019344461587861225	8.57430893616012E-5	0.3903861718813672	130.10824	130.10824	184.0
187.0		0.013249723001831066	8.57430893561238E-5	0.2398198941530696	132.22957	132.22957	187.0
190.0		0.010036575503116856	8.574308935563123E-5	0.14445951820232994	134.3509	134.3509	190.0
193.0		0.008420020683158825	8.574308935559056E-5	0.08947230930194457	136.47223	136.47223	193.0
196.0		0.007643586821387368	8.574308935558747E-5	0.06051003555952537	138.59356	138.59356	196.0
199.0		0.007287450528908642	8.574308935558726E-5	0.046543218506945955	140.71489	140.71489	199.0
202.0		0.007131406236938379	8.574308935558724E-5	0.04036579942055771	142.83622	142.83622	202.0
205.0		0.007066077498112561	8.574308935558724E-5	0.03785661864647912	144.95755	144.95755	205.0
208.0		0.007039939275896648	8.574308935558724E-5	0.03691967079109233	147.07888	147.07888	208.0
211.0		0.007029942910975582	8.574308935558724E-5	0.036597779881842624	149.20021	149.20021	211.0
214.0		0.007026288044377426	8.574308935558724E-5	0.036495968882042255	151.32154	151.32154	214.0
217.0		0.007025010355364576	8.574308935558724E-5	0.036466306606769576	153.44287	153.44287	217.0
220.0		0.007024583228563343	8.574308935558724E-5	0.03645834264695421	155.5642	155.5642	220.0
223.0		0.007024446671434385	8.574308935558724E-5	0.036456371458241855	157.68553	157.68553	223.0
226.0		0.007024404913351332	8.574308935558724E-5	0.03645592153684797	159.80686	159.80686	226.0
229.0		0.007024392698908618	8.574308935558724E-5	0.036455826810883	161.92819	161.92819	229.0
232.0		0.007024389281096775	8.574308935558724E-5	0.036455808410635296	164.04952	164.04952	232.0
235.0		0.007024388366151442	8.574308935558724E-5	0.03645580511237175	166.17085	166.17085	235.0
238.0		0.007024388131813386	8.574308935558724E-5	0.036455804566704705	168.29218	168.29218	238.0
241.0		0.007024388074386301	8.574308935558724E-5	0.03645580448337209	170.41351	170.41351	241.0
244.0		0.007024388060920248	8.574308935558724E-5	0.03645580447162301	172.53484	172.53484	244.0
247.0		0.007024388057898664	8.574308935558724E-5	0.036455804470093535	174.65617	174.65617	247.0
250.0		0.007024388057249851	8.574308935558724E-5	0.036455804469909675	176.7775	176.7775	250.0
253.0		0.007024388057116525	8.574308935558724E-5	0.03645580446988927	178.89883	178.89883	253.0
256.0		0.007024388057090306	8.574308935558724E-5	0.03645580446988717	181.02016	181.02016	256.0
259.0		0.007024388057085371	8.574308935558724E-5	0.03645580446988698	183.14149	183.14149	259.0
262.0		0.007024388057084482	8.574308935558724E-5	0.03645580446988696	185.26282	185.26282	262.0
265.0		0.007024388057084329	8.574308935558724E-5	0.03645580446988696	187.38415	187.38415	265.0
268.0		0.007024388057084303	8.574308935558724E-5	0.03645580446988696	189.50548	189.50548	268.0
271.0		0.007024388057084299	8.574308935558724E-5	0.03645580446988696	191.62681	191.62681	271.0
274.0		0.0070243880570842986	8.574308935558724E-5	0.03645580446988696	193.74814	193.74814	274.0
277.0		0.0070243880570842986	8.574308935558724E-5	0.03645580446988696	195.86947	195.86947	277.0
280.0		0.0070243880570842986	8.574308935558724E-5	0.03645580446988696	197.9908	197.9908	280.0
283.0		0.0070243880570842986	8.574308935558724E-5	0.03645580446988696	200.11213	200.11213	283.0
286.0		0.0070243880570842986	8.574308935558724E-5	0.03645580446988696	202.23346	202.23346	286.0
289.0		0.0070243880570842986	8.574308935558724E-5	0.03645580446988696	204.35479	204.35479	289.0
292.0		0.0070243880570842986	8.574308935558724E-5	0.03645580446988696	206.47612	206.47612	292.0
RTBT_Diag:WS20

Name	X Fit	X RMS	Y Fit	Y RMS	Z Fit	Z RMS
-------	-----	-----	-----	-----	-----	-----
Area	52.54077678793496	50.060453217285165	51.3853543196652	49.91358723958333	44.90931766081877	46.724216395849616
Ampl	1.270911376852343	1.2583007812500002	1.590377449543213	1.568359375	2.5024454919190826	2.4887695312500004
Mean	90.40350389776624	90.50507106905653	102.55581955263146	102.63050683166364	126.91334289119665	126.76346409541408
Sigma	16.49268209224371	15.593232553767791	12.889890030452065	12.526087174005399	7.159486852654573	7.720443662429637
Offset	-0.005666503561706893	5.859375E-4	0.004349738901508949	0.005322265624999999	0.003911780769934256	-4.882812499999999E-5
Slope	0.0	0.0	0.0	0.0	0.0	0.0

Position	X Raw	Y Raw	Z Raw
--------	-----	-----	-----
25.0		6.8359375E-4	0.00546875	3.90625E-4	17.67775	17.67775	25.0
28.0		4.8828125E-4	0.00517578125	-4.8828125E-4	19.79908	19.79908	28.0
31.0		8.7890625E-4	0.0052734375	1.953125E-4	21.92041	21.92041	31.0
34.0		0.00205078125	0.0064453125	0.0	24.04174	24.04174	34.0
37.0		0.00126953125	0.00517578125	-3.90625E-4	26.16307	26.16307	37.0
40.0		0.00322265625	0.0076171875	0.00107421875	28.2844	28.2844	40.0
43.0		0.00283203125	0.00673828125	6.8359375E-4	30.405730000000002	30.405730000000002	43.0
46.0		0.00283203125	0.0068359375	4.8828125E-4	32.52706	32.52706	46.0
49.0		0.001953125	0.00517578125	0.0	34.64839	34.64839	49.0
52.0		0.00341796875	0.00615234375	-9.765625E-5	36.76972	36.76972	52.0
55.0		0.00517578125	0.008203125	0.001171875	38.89105	38.89105	55.0
58.0		0.00712890625	0.00712890625	2.9296875E-4	41.01238	41.01238	58.0
61.0		0.012109375	0.0107421875	0.00107421875	43.13371	43.13371	61.0
64.0		0.0189453125	0.01728515625	1.953125E-4	45.25504	45.25504	64.0
67.0		0.033984375	0.03701171875	1.953125E-4	47.37637	47.37637	67.0
70.0		0.05078125	0.07587890625	0.00107421875	49.4977	49.4977	70.0
73.0		0.0720703125	0.12744140625	4.8828125E-4	51.61903	51.61903	73.0
76.0		0.0931640625	0.1884765625	9.765625E-5	53.74036	53.74036	76.0
79.0		0.1197265625	0.25673828125	0.00126953125	55.86169	55.86169	79.0
82.0		0.145703125	0.36220703125	0.003515625	57.98302	57.98302	82.0
85.0		0.17607421875	0.55859375	0.00146484375	60.104350000000004	60.104350000000004	85.0
88.0		0.21416015625	0.84072265625	0.0029296875	62.225680000000004	62.225680000000004	88.0
91.0		0.2814453125	1.093359375	0.00390625	64.34701	64.34701	91.0
94.0		0.3716796875	1.2984375	0.0052734375	66.46834	66.46834	94.0
97.0		0.480078125	1.4591796875	0.005078125	68.58967	68.58967	97.0
100.0		0.59765625	1.5541015625	0.00498046875	70.711	70.711	100.0
103.0		0.7197265625	1.57900390625	0.00458984375	72.83233	72.83233	103.0
106.0		0.831640625	1.53564453125	0.0052734375	74.95366	74.95366	106.0
109.0		0.93349609375	1.4189453125	0.00439453125	77.07499	77.07499	109.0
112.0		1.02939453125	1.2583984375	0.00576171875	79.19632	79.19632	112.0
115.0		1.1021484375	1.0443359375	0.00478515625	81.31765	81.31765	115.0
118.0		1.16455078125	0.781640625	0.00439453125	83.43898	83.43898	118.0
121.0		1.2078125	0.523046875	0.00537109375	85.56031	85.56031	121.0
124.0		1.2419921875	0.34794921875	0.00439453125	87.68164	87.68164	124.0
127.0		1.25947265625	0.2333984375	0.0033203125	89.80297	89.80297	127.0
130.0		1.25361328125	0.16083984375	0.00302734375	91.9243	91.9243	130.0
133.0		1.22802734375	0.09970703125	0.00302734375	94.04563	94.04563	133.0
136.0		1.18544921875	0.05947265625	0.00400390625	96.16696	96.16696	136.0
139.0		1.11962890625	0.0296875	0.00390625	98.28829	98.28829	139.0
142.0		1.04990234375	0.0166015625	0.0076171875	100.40962	100.40962	142.0
145.0		0.9701171875	0.00849609375	0.01005859375	102.53095	102.53095	145.0
148.0		0.8802734375	0.0078125	0.025390625	104.65228	104.65228	148.0
151.0		0.79052734375	0.007421875	0.0837890625	106.77361	106.77361	151.0
154.0		0.68857421875	0.00634765625	0.2087890625	108.89494	108.89494	154.0
157.0		0.5876953125	0.00712890625	0.38759765625	111.01627	111.01627	157.0
160.0		0.48427734375	0.006640625	0.59150390625	113.1376	113.1376	160.0
163.0		0.37724609375	0.00732421875	0.791015625	115.25893	115.25893	163.0
166.0		0.28017578125	0.007421875	1.0080078125	117.38026	117.38026	166.0
169.0		0.21220703125	0.008203125	1.45244140625	119.50159000000001	119.50159000000001	169.0
172.0		0.16015625	0.0083984375	1.948828125	121.62292000000001	121.62292000000001	172.0
175.0		0.11748046875	0.0078125	2.2771484375	123.74425000000001	123.74425000000001	175.0
178.0		0.09736328125	0.00966796875	2.488671875	125.86558000000001	125.86558000000001	178.0
181.0		0.07138671875	0.00810546875	2.5068359375	127.98691000000001	127.98691000000001	181.0
184.0		0.052734375	0.008984375	2.30068359375	130.10824	130.10824	184.0
187.0		0.03876953125	0.008203125	1.8662109375	132.22957	132.22957	187.0
190.0		0.025	0.0072265625	1.38359375	134.3509	134.3509	190.0
193.0		0.016796875	0.0068359375	0.99912109375	136.47223	136.47223	193.0
196.0		0.01240234375	0.00693359375	0.78056640625	138.59356	138.59356	196.0
199.0		0.00693359375	0.00634765625	0.56103515625	140.71489	140.71489	199.0
202.0		0.0041015625	0.00546875	0.35126953125	142.83622	142.83622	202.0
205.0		0.003125	0.00556640625	0.1751953125	144.95755	144.95755	205.0
208.0		0.0037109375	0.0056640625	0.0560546875	147.07888	147.07888	208.0
211.0		0.00283203125	0.0060546875	0.01845703125	149.20021	149.20021	211.0
214.0		0.00244140625	0.00517578125	0.0078125	151.32154	151.32154	214.0
217.0		0.0017578125	0.00556640625	0.00458984375	153.44287	153.44287	217.0
220.0		0.00107421875	0.00458984375	0.00244140625	155.5642	155.5642	220.0
223.0		0.00205078125	0.00537109375	0.002734375	157.68553	157.68553	223.0
226.0		9.765625E-4	0.0044921875	0.00205078125	159.80686	159.80686	226.0
229.0		0.0013671875	0.00498046875	0.00185546875	161.92819	161.92819	229.0
232.0		0.00107421875	0.0046875	0.00185546875	164.04952	164.04952	232.0
235.0		0.0015625	0.0046875	0.00185546875	166.17085	166.17085	235.0
238.0		0.00224609375	0.0052734375	0.00322265625	168.29218	168.29218	238.0
241.0		0.001953125	0.0048828125	0.003125	170.41351	170.41351	241.0
244.0		0.002734375	0.0052734375	0.00390625	172.53484	172.53484	244.0
247.0		0.0017578125	0.00517578125	0.0037109375	174.65617	174.65617	247.0
250.0		0.00166015625	0.0044921875	0.00205078125	176.7775	176.7775	250.0
253.0		0.00205078125	0.005078125	0.00244140625	178.89883	178.89883	253.0
256.0		0.00166015625	0.0052734375	0.00361328125	181.02016	181.02016	256.0
259.0		0.0013671875	0.0041015625	0.00234375	183.14149	183.14149	259.0
262.0		9.765625E-4	0.00458984375	0.00107421875	185.26282	185.26282	262.0
265.0		0.00107421875	0.0052734375	0.001953125	187.38415	187.38415	265.0
268.0		0.00166015625	0.00439453125	0.00224609375	189.50548	189.50548	268.0
271.0		0.00126953125	0.00498046875	0.00185546875	191.62681	191.62681	271.0
274.0		0.00166015625	0.0048828125	0.00224609375	193.74814	193.74814	274.0
277.0		8.7890625E-4	0.00439453125	0.001171875	195.86947	195.86947	277.0
280.0		0.00146484375	0.00458984375	0.0017578125	197.9908	197.9908	280.0
283.0		0.00146484375	0.005078125	0.00234375	200.11213	200.11213	283.0
286.0		0.00107421875	0.0048828125	0.0017578125	202.23346	202.23346	286.0
289.0		5.859375E-4	0.004296875	6.8359375E-4	204.35479	204.35479	289.0
292.0		7.8125E-4	0.0048828125	0.0013671875	206.47612	206.47612	292.0

Position	X Fit	Y Fit	Z Fit
--------	-----	-----	-----
25.0		-0.005490219061913756	0.004396365412135084	0.0037610678727280746	17.67775	17.67775	25.0
28.0		-0.005433052578465863	0.00439643030099028	0.0037610678727280746	19.79908	19.79908	28.0
31.0		-0.005336927624990929	0.004396668308714756	0.0037610678727280746	21.92041	21.92041	31.0
34.0		-0.005178090053556751	0.00439749407777464	0.0037610678727280746	24.04174	24.04174	34.0
37.0		-0.004920180802999554	0.004400203703125101	0.0037610678727280746	26.16307	26.16307	37.0
40.0		-0.004508700757934234	0.004408611275341717	0.0037610678727280746	28.2844	28.2844	40.0
43.0		-0.0038636892012682625	0.004433275063837029	0.0037610678727280746	30.405730000000002	30.405730000000002	43.0
46.0		-0.0028703709243325143	0.004501663274397831	0.0037610678727280746	32.52706	32.52706	46.0
49.0		-0.0013676680624368567	0.004680857528343914	0.0037610678727280746	34.64839	34.64839	49.0
52.0		8.652804409688668E-4	0.0051244239364354105	0.0037610678727280746	36.76972	36.76972	52.0
55.0		0.004124077161508021	0.006161312453636573	0.0037610678727280746	38.89105	38.89105	55.0
58.0		0.008794486421583163	0.008449345810221592	0.0037610678727280746	41.01238	41.01238	58.0
61.0		0.01536668840227326	0.013212894389994562	0.0037610678727280746	43.13371	43.13371	61.0
64.0		0.0244460676513996	0.02256415761806084	0.0037610678727280746	45.25504	45.25504	64.0
67.0		0.03675759592094337	0.039860426182040026	0.0037610678727280746	47.37637	47.37637	67.0
70.0		0.053140388663502736	0.0699741488837949	0.0037610678727280746	49.4977	49.4977	70.0
73.0		0.07452885274521305	0.11926647582130659	0.0037610678727280746	51.61903	51.61903	73.0
76.0		0.10191716829264336	0.19500361271113742	0.0037610678727280746	53.74036	53.74036	76.0
79.0		0.1363048061873194	0.30400467956981986	0.0037610678727280746	55.86169	55.86169	79.0
82.0		0.178622458469887	0.450515036643309	0.0037610678727280746	57.98302	57.98302	82.0
85.0		0.229640131661085	0.6336547777334157	0.003761067872728075	60.104350000000004	60.104350000000004	85.0
88.0		0.28986206428587796	0.8451906548015184	0.003761067872728079	62.225680000000004	62.225680000000004	88.0
91.0		0.3594162674895818	1.068619193283809	0.0037610678727281336	64.34701	64.34701	91.0
94.0		0.4379493991826576	1.2804163669747888	0.0037610678727288327	66.46834	66.46834	94.0
97.0		0.5245398238595367	1.4537170428529185	0.003761067872736984	68.58967	68.58967	97.0
100.0		0.6176425299407782	1.563782217294002	0.003761067872823959	70.711	70.711	100.0
103.0		0.7150786210564157	1.593765540612148	0.0037610678736730127	72.83233	72.83233	103.0
106.0		0.8140791261461815	1.5389358841860852	0.003761067881255846	74.95366	74.95366	106.0
109.0		0.9113879508124191	1.4078997477026216	0.0037610679432043504	77.07499	77.07499	109.0
112.0		1.003422339587264	1.2203890012415906	0.0037610684060944873	79.19632	79.19632	112.0
115.0		1.086481995662403	1.0023963182364466	0.003761071569168336	81.31765	81.31765	115.0
118.0		1.1569910213636796	0.7803078695778397	0.003761091332135133	83.43898	83.43898	118.0
121.0		1.211751205074013	0.5758433627185919	0.0037612042134788086	85.56031	85.56031	121.0
124.0		1.248181894953747	0.4030739437199568	0.003761793493392054	87.68164	87.68164	124.0
127.0		1.2645214763491306	0.2678776416498001	0.003764604334059076	89.80297	89.80297	127.0
130.0		1.2599685636801183	0.16934920313579477	0.003776851379334746	91.9243	91.9243	130.0
133.0		1.2347471506414336	0.10222182599218034	0.003825575844904999	94.04563	94.04563	133.0
136.0		1.1900883439082444	0.0593537517413251	0.004002501964310426	96.16696	96.16696	136.0
139.0		1.1281307544022598	0.0336434282329381	0.0045885509289366536	98.28829	98.28829	139.0
142.0		1.0517507678974156	0.019140536859654847	0.006358205330894569	100.40962	100.40962	142.0
145.0		0.9643414478296265	0.01143746025075221	0.011225659841514704	102.53095	102.53095	145.0
148.0		0.8695637052411894	0.007581598191702824	0.023407899408627725	104.65228	104.65228	148.0
151.0		0.7710950262559961	0.005761331603194462	0.05111480731775076	106.77361	106.77361	151.0
154.0		0.6723994334841297	0.004950453046629756	0.10827913028204388	108.89494	108.89494	154.0
157.0		0.5765379420633848	0.004609424343713944	0.21501447924142558	111.01627	111.01627	157.0
160.0		0.4860324149107942	0.004473963747920124	0.3947742711493551	113.1376	113.1376	160.0
163.0		0.402788499928461	0.00442312821092395	0.6665182227528282	115.25893	115.25893	163.0
166.0		0.328076331015816	0.004405098950516292	1.0324705390238778	117.38026	117.38026	166.0
169.0		0.2625618118650286	0.004399054588246793	1.4659596641335615	119.50159000000001	119.50159000000001	169.0
172.0		0.20637719589995882	0.004397138671275552	1.9070086986479926	121.62292000000001	121.62292000000001	172.0
175.0		0.15921759139617436	0.0043965643748918905	2.272369510313908	123.74425000000001	123.74425000000001	175.0
178.0		0.12044988080637928	0.004396401558449093	2.480037366814426	125.86558000000001	125.86558000000001	178.0
181.0		0.08922200122513178	0.004396357894359582	2.47898199866692	127.98691000000001	127.98691000000001	181.0
184.0		0.06456307854075537	0.004396346816175297	2.269470160786438	130.10824	130.10824	184.0
187.0		0.04546798051464866	0.004396344156805175	1.9029564134952843	132.22957	132.22957	187.0
190.0		0.030962941399472668	0.0043963435527205365	1.4616030003481815	134.3509	134.3509	190.0
193.0		0.020151617394939383	0.004396343422863977	1.0285314131041532	136.47223	136.47223	193.0
196.0		0.012243013036630553	0.0043963433964452755	0.6634177585205007	138.59356	138.59356	196.0
199.0		0.006564078376910252	0.004396343391358161	0.39261339728907046	140.71489	140.71489	199.0
202.0		0.002560445488186864	0.004396343390430963	0.21366798443355292	142.83622	142.83622	202.0
205.0		-2.1113345829548366E-4	0.004396343390270994	0.10752444645515229	144.95755	144.95755	205.0
208.0		-0.0020954052363777024	0.004396343390244866	0.05073282104391129	147.07888	147.07888	208.0
211.0		-0.003353618603030026	0.004396343390240826	0.02323280719910778	149.20021	149.20021	211.0
214.0		-0.0041789058638224755	0.0043963433902402356	0.011152830887312289	151.32154	151.32154	214.0
217.0		-0.004710691922471788	0.004396343390240153	0.006330674438260574	153.44287	153.44287	217.0
220.0		-0.005047347992591717	0.004396343390240143	0.0045790815077925056	155.5642	155.5642	220.0
223.0		-0.005256752869874161	0.004396343390240141	0.003999535682651849	157.68553	157.68553	223.0
226.0		-0.005384740496552686	0.004396343390240141	0.00382472899559045	159.80686	159.80686	226.0
229.0		-0.005461610567881931	0.004396343390240141	0.0037766309020856276	161.92819	161.92819	229.0
232.0		-0.005506981689498081	0.004396343390240141	0.003764551962124283	164.04952	164.04952	232.0
235.0		-0.0055332999609213	0.004396343390240141	0.003761782138359914	166.17085	166.17085	235.0
238.0		-0.005548304117807998	0.004396343390240141	0.0037612019655494594	168.29218	168.29218	238.0
241.0		-0.005556711509794253	0.004396343390240141	0.003761090925683707	170.41351	170.41351	241.0
244.0		-0.00556134196852858	0.004396343390240141	0.0037610715020292645	172.53484	172.53484	244.0
247.0		-0.005563848747005986	0.004396343390240141	0.0037610683959605827	174.65617	174.65617	247.0
250.0		-0.005565182735502456	0.004396343390240141	0.0037610679418063897	176.7775	176.7775	250.0
253.0		-0.005565880560088093	0.004396343390240141	0.0037610678810795664	178.89883	178.89883	253.0
256.0		-0.005566239408783008	0.004396343390240141	0.0037610678736526913	181.02016	181.02016	256.0
259.0		-0.0055664208180055035	0.004396343390240141	0.003761067872821817	183.14149	183.14149	259.0
262.0		-0.005566510975405789	0.004396343390240141	0.0037610678727367777	185.26282	185.26282	262.0
265.0		-0.005566555025599082	0.004396343390240141	0.0037610678727288144	187.38415	187.38415	265.0
268.0		-0.005566576185244524	0.004396343390240141	0.0037610678727281323	189.50548	189.50548	268.0
271.0		-0.005566586178158955	0.004396343390240141	0.0037610678727280785	191.62681	191.62681	271.0
274.0		-0.005566590818048885	0.004396343390240141	0.003761067872728075	193.74814	193.74814	274.0
277.0		-0.005566592936229078	0.004396343390240141	0.0037610678727280746	195.86947	195.86947	277.0
280.0		-0.005566593886976915	0.004396343390240141	0.0037610678727280746	197.9908	197.9908	280.0
283.0		-0.0055665943065639585	0.004396343390240141	0.0037610678727280746	200.11213	200.11213	283.0
286.0		-0.005566594488634514	0.004396343390240141	0.0037610678727280746	202.23346	202.23346	286.0
289.0		-0.00556659456631726	0.004396343390240141	0.0037610678727280746	204.35479	204.35479	289.0
292.0		-0.005566594598907122	0.004396343390240141	0.0037610678727280746	206.47612	206.47612	292.0

PVLoggerID = 49548117