start time: Thu Oct 21 20:24:40 EDT 2021

RTBT_Diag:WS24

Name	X Fit	X RMS	Y Fit	Y RMS	Z Fit	Z RMS
-------	-----	-----	-----	-----	-----	-----
Area	32.36691095588142	35.12774359790039	39.98069094040171	39.49867513020833	37.79595752358858	36.66654454869792
Ampl	1.465549457340298	1.5083984375000001	1.7301045028686621	1.7021484374999998	1.8747399488796623	1.8170898437500003
Mean	107.82161236991507	107.73637816743211	104.53516789547085	104.47942598120832	112.88828293709996	112.91423598321637
Sigma	8.810708640105064	10.42064206797537	9.21908936098502	9.315302642197787	8.042931764177167	7.653472926513602
Offset	0.01490662040220247	0.002978515625	-0.0028995904808126615	-0.003271484375	0.0015997638586487464	-0.002099609375
Slope	0.0	0.0	0.0	0.0	0.0	0.0

Position	X Raw	Y Raw	Z Raw
--------	-----	-----	-----
25.0		0.00322265625	-0.003125	-0.00185546875	17.67775	17.67775	25.0
28.0		0.002734375	-0.00341796875	-0.00234375	19.79908	19.79908	28.0
31.0		0.0029296875	-0.00341796875	-0.0025390625	21.92041	21.92041	31.0
34.0		0.00283203125	-0.003515625	-0.00263671875	24.04174	24.04174	34.0
37.0		0.00390625	-0.00224609375	-0.00146484375	26.16307	26.16307	37.0
40.0		0.00302734375	-0.00263671875	-0.0017578125	28.2844	28.2844	40.0
43.0		0.0029296875	-0.003125	-0.001953125	30.405730000000002	30.405730000000002	43.0
46.0		0.00419921875	-0.0013671875	-6.8359375E-4	32.52706	32.52706	46.0
49.0		0.00419921875	-7.8125E-4	-8.7890625E-4	34.64839	34.64839	49.0
52.0		0.00458984375	-0.0015625	-0.00166015625	36.76972	36.76972	52.0
55.0		0.00380859375	-0.001953125	-0.0015625	38.89105	38.89105	55.0
58.0		0.004296875	-4.8828125E-4	-0.00126953125	41.01238	41.01238	58.0
61.0		0.00634765625	0.00185546875	4.8828125E-4	43.13371	43.13371	61.0
64.0		0.00576171875	7.8125E-4	-3.90625E-4	45.25504	45.25504	64.0
67.0		0.00517578125	8.7890625E-4	-1.953125E-4	47.37637	47.37637	67.0
70.0		0.00517578125	0.003125	-3.90625E-4	49.4977	49.4977	70.0
73.0		0.00634765625	0.00732421875	8.7890625E-4	51.61903	51.61903	73.0
76.0		0.00546875	0.01826171875	-9.765625E-5	53.74036	53.74036	76.0
79.0		0.0064453125	0.0552734375	9.765625E-4	55.86169	55.86169	79.0
82.0		0.00458984375	0.1095703125	3.90625E-4	57.98302	57.98302	82.0
85.0		0.0080078125	0.19013671875	0.00146484375	60.104350000000004	60.104350000000004	85.0
88.0		0.00654296875	0.30009765625	7.8125E-4	62.225680000000004	62.225680000000004	88.0
91.0		0.010546875	0.53955078125	0.00322265625	64.34701	64.34701	91.0
94.0		0.0111328125	0.89423828125	0.00361328125	66.46834	66.46834	94.0
97.0		0.0126953125	1.26103515625	0.002734375	68.58967	68.58967	97.0
100.0		0.0171875	1.54482421875	0.0044921875	70.711	70.711	100.0
103.0		0.0234375	1.6978515625	0.0060546875	72.83233	72.83233	103.0
106.0		0.03095703125	1.69560546875	0.00498046875	74.95366	74.95366	106.0
109.0		0.04755859375	1.54951171875	0.0052734375	77.07499	77.07499	109.0
112.0		0.064453125	1.258984375	0.00419921875	79.19632	79.19632	112.0
115.0		0.09384765625	0.9083984375	0.0046875	81.31765	81.31765	115.0
118.0		0.12333984375	0.55849609375	0.00517578125	83.43898	83.43898	118.0
121.0		0.16376953125	0.308984375	0.0056640625	85.56031	85.56031	121.0
124.0		0.208984375	0.17705078125	0.0056640625	87.68164	87.68164	124.0
127.0		0.27744140625	0.09814453125	0.009375	89.80297	89.80297	127.0
130.0		0.37333984375	0.04404296875	0.01884765625	91.9243	91.9243	130.0
133.0		0.5046875	0.01962890625	0.051953125	94.04563	94.04563	133.0
136.0		0.647265625	0.00517578125	0.1525390625	96.16696	96.16696	136.0
139.0		0.80712890625	0.00439453125	0.3375	98.28829	98.28829	139.0
142.0		1.00458984375	0.00185546875	0.56904296875	100.40962	100.40962	142.0
145.0		1.21826171875	-1.953125E-4	0.815234375	102.53095	102.53095	145.0
148.0		1.38974609375	-8.7890625E-4	1.13564453125	104.65228	104.65228	148.0
151.0		1.513671875	1.953125E-4	1.45380859375	106.77361	106.77361	151.0
154.0		1.51435546875	0.0029296875	1.6599609375	108.89494	108.89494	154.0
157.0		1.3998046875	-0.00244140625	1.789453125	111.01627	111.01627	157.0
160.0		1.1966796875	-0.00244140625	1.812890625	113.1376	113.1376	160.0
163.0		0.99833984375	7.8125E-4	1.7478515625	115.25893	115.25893	163.0
166.0		0.81689453125	-0.0021484375	1.5953125	117.38026	117.38026	166.0
169.0		0.6634765625	-0.00390625	1.39951171875	119.50159000000001	119.50159000000001	169.0
172.0		0.530078125	-0.00361328125	1.09833984375	121.62292000000001	121.62292000000001	172.0
175.0		0.38720703125	-0.00322265625	0.75068359375	123.74425000000001	123.74425000000001	175.0
178.0		0.27724609375	-0.00224609375	0.494921875	125.86558000000001	125.86558000000001	178.0
181.0		0.19404296875	-0.00478515625	0.29091796875	127.98691000000001	127.98691000000001	181.0
184.0		0.146875	-0.00458984375	0.12275390625	130.10824	130.10824	184.0
187.0		0.11171875	-0.00537109375	0.04716796875	132.22957	132.22957	187.0
190.0		0.0888671875	-0.0048828125	0.0212890625	134.3509	134.3509	190.0
193.0		0.06806640625	-0.00419921875	0.0125	136.47223	136.47223	193.0
196.0		0.04404296875	-0.005859375	0.00732421875	138.59356	138.59356	196.0
199.0		0.03271484375	-0.00361328125	0.0087890625	140.71489	140.71489	199.0
202.0		0.0193359375	-0.00556640625	0.00556640625	142.83622	142.83622	202.0
205.0		0.01484375	-0.0044921875	0.0072265625	144.95755	144.95755	205.0
208.0		0.00966796875	-0.00625	0.0044921875	147.07888	147.07888	208.0
211.0		0.012109375	-0.0041015625	0.0078125	149.20021	149.20021	211.0
214.0		0.01015625	-0.00517578125	0.0064453125	151.32154	151.32154	214.0
217.0		0.00732421875	-0.0060546875	0.00361328125	153.44287	153.44287	217.0
220.0		0.00673828125	-0.00703125	0.00439453125	155.5642	155.5642	220.0
223.0		0.00546875	-0.0072265625	0.00263671875	157.68553	157.68553	223.0
226.0		0.00859375	-0.00478515625	0.00556640625	159.80686	159.80686	226.0
229.0		0.00654296875	-0.00556640625	0.00419921875	161.92819	161.92819	229.0
232.0		0.00703125	-0.00556640625	0.004296875	164.04952	164.04952	232.0
235.0		0.0080078125	-0.00478515625	0.0052734375	166.17085	166.17085	235.0
238.0		0.00556640625	-0.00595703125	0.0037109375	168.29218	168.29218	238.0
241.0		0.0060546875	-0.0056640625	0.0037109375	170.41351	170.41351	241.0
244.0		0.00380859375	-0.00712890625	0.0021484375	172.53484	172.53484	244.0
247.0		0.00498046875	-0.00576171875	0.00263671875	174.65617	174.65617	247.0
250.0		0.005078125	-0.005859375	0.0029296875	176.7775	176.7775	250.0
253.0		0.006640625	-0.00517578125	0.00361328125	178.89883	178.89883	253.0
256.0		0.00380859375	-0.00654296875	0.00146484375	181.02016	181.02016	256.0
259.0		0.003515625	-0.0064453125	0.00146484375	183.14149	183.14149	259.0
262.0		0.0048828125	-0.00625	0.00224609375	185.26282	185.26282	262.0
265.0		0.00361328125	-0.00693359375	0.001171875	187.38415	187.38415	265.0
268.0		0.00361328125	-0.00634765625	0.00146484375	189.50548	189.50548	268.0
271.0		0.00458984375	-0.00556640625	0.002734375	191.62681	191.62681	271.0
274.0		0.003515625	-0.0060546875	0.00126953125	193.74814	193.74814	274.0
277.0		0.00263671875	-0.00712890625	9.765625E-5	195.86947	195.86947	277.0
280.0		0.0048828125	-0.00576171875	0.00244140625	197.9908	197.9908	280.0
283.0		0.0017578125	-0.007421875	-4.8828125E-4	200.11213	200.11213	283.0
286.0		0.00283203125	-0.00654296875	4.8828125E-4	202.23346	202.23346	286.0
289.0		0.00341796875	-0.00615234375	3.90625E-4	204.35479	204.35479	289.0
292.0		0.00380859375	-0.0052734375	0.001953125	206.47612	206.47612	292.0

Position	X Fit	Y Fit	Z Fit
--------	-----	-----	-----
25.0		0.01469979451286548	-0.0029114045629713117	0.0015997638586487464	17.67775	17.67775	25.0
28.0		0.01469979451286548	-0.0029114045629695454	0.0015997638586487464	19.79908	19.79908	28.0
31.0		0.01469979451286548	-0.002911404562944782	0.0015997638586487464	21.92041	21.92041	31.0
34.0		0.01469979451286548	-0.002911404562632821	0.0015997638586487464	24.04174	24.04174	34.0
37.0		0.01469979451286548	-0.0029114045591012525	0.0015997638586487464	26.16307	26.16307	37.0
40.0		0.014699794512865483	-0.0029114045231805777	0.0015997638586487464	28.2844	28.2844	40.0
43.0		0.014699794512865504	-0.0029114041949631474	0.0015997638586487464	30.405730000000002	30.405730000000002	43.0
46.0		0.014699794512865676	-0.0029114015013318013	0.0015997638586487464	32.52706	32.52706	46.0
49.0		0.01469979451286697	-0.002911381650460363	0.0015997638586487464	34.64839	34.64839	49.0
52.0		0.014699794512876192	-0.0029112503171363755	0.0015997638586487464	36.76972	36.76972	52.0
55.0		0.01469979451293815	-0.0029104704995917582	0.0015997638586487473	38.89105	38.89105	55.0
58.0		0.014699794513330708	-0.0029063163956218607	0.0015997638586487549	41.01238	41.01238	58.0
61.0		0.014699794515675884	-0.0028864719055801953	0.0015997638586488334	43.13371	43.13371	61.0
64.0		0.014699794528885757	-0.002801504512178523	0.0015997638586495745	45.25504	45.25504	64.0
67.0		0.014699794599038078	-0.002475642560082909	0.0015997638586560947	47.37637	47.37637	67.0
70.0		0.014699794950253151	-0.001357147086706197	0.0015997638587095721	49.4977	49.4977	70.0
73.0		0.014699796607759481	0.00207535826067908	0.0015997638591183977	51.61903	51.61903	73.0
76.0		0.014699803980810694	0.011481107516163838	0.0015997638620313568	53.74036	53.74036	76.0
79.0		0.014699834891124168	0.03445459750322851	0.0015997638813744308	55.86169	55.86169	79.0
82.0		0.014699957006967641	0.08435333677823935	0.001599764001068587	57.98302	57.98302	82.0
85.0		0.014700411570579313	0.18041419727306976	0.0015997646912029883	60.104350000000004	60.104350000000004	85.0
88.0		0.0147020056319636	0.34352982753030564	0.0015997683985154289	62.225680000000004	62.225680000000004	88.0
91.0		0.014707270983853254	0.5860111278622137	0.0015997869506823342	64.34701	64.34701	91.0
94.0		0.014723649508188675	0.8976408312421988	0.0015998734231284738	66.46834	66.46834	94.0
97.0		0.014771616957934143	1.235833234645037	0.001600248773963566	68.58967	68.58967	97.0
100.0		0.01490384573611341	1.5298579498225233	0.0016017657962620804	70.711	70.711	100.0
103.0		0.01524683111532556	1.7031472993215242	0.001607473314001115	72.83233	72.83233	103.0
106.0		0.01608365317452759	1.7052671854870034	0.0016274578387156986	74.95366	74.95366	106.0
109.0		0.01800322561434451	1.5355787418524385	0.0016925612082042815	77.07499	77.07499	109.0
112.0		0.02214089101689406	1.2435484781721653	0.0018898148061616985	79.19632	79.19632	112.0
115.0		0.030516163465881006	0.9055030435735044	0.0024454350265982	81.31765	81.31765	115.0
118.0		0.04642283492208768	0.5926299192997239	0.0038997079504517287	83.43898	83.43898	118.0
121.0		0.07473983663037241	0.34829458385580014	0.0074345044636584595	85.56031	85.56031	121.0
124.0		0.12192708666565955	0.18339769389342564	0.015407241448237073	87.68164	87.68164	124.0
127.0		0.19540383192555313	0.08599403991876307	0.032078409171177366	89.80297	89.80297	127.0
130.0		0.3020612666890153	0.03525179621597984	0.06435724326634304	91.9243	91.9243	130.0
133.0		0.4459083714483177	0.011824722861105908	0.12213772572963577	94.04563	94.04563	133.0
136.0		0.6252823721154209	0.0022071116785085205	0.21755846899995115	96.16696	96.16696	136.0
139.0		0.8305296456157971	-0.0013121155837234803	0.36251573863943676	98.28829	98.28829	139.0
142.0		1.0433150067984587	-0.002461902235547309	0.5642389999499509	100.40962	100.40962	142.0
145.0		1.2384829196539353	-0.002797757272377847	0.8197676776605837	102.53095	102.53095	145.0
148.0		1.388596697678143	-0.00288555766851464	1.1113963690733397	104.65228	104.65228	148.0
151.0		1.4701655628750376	-0.0029061167048525564	1.4058123444316042	106.77361	106.77361	151.0
154.0		1.4696496081509067	-0.002910431427373327	1.6589368421480333	108.89494	108.89494	154.0
157.0		1.3871360985640742	-0.0029112434653727317	1.8262404427755194	111.01627	111.01627	157.0
160.0		1.2363153345772944	-0.00291138057315551	1.8754392164017266	113.1376	113.1376	160.0
163.0		1.0407652500920548	-0.0029114013494077867	1.7966471739262795	115.25893	115.25893	163.0
166.0		0.8279304680381279	-0.0029114041757413956	1.6056131479510194	117.38026	117.38026	166.0
169.0		0.6229056574164561	-0.002911404520998113	1.3385910335298137	119.50159000000001	119.50159000000001	169.0
172.0		0.44392539832132516	-0.002911404558878828	1.0411313128251403	121.62292000000001	121.62292000000001	172.0
175.0		0.3005370313378327	-0.00291140456261247	0.7555371796524327	123.74425000000001	123.74425000000001	175.0
178.0		0.19431791857749312	-0.0029114045629431103	0.5116599655485204	125.86558000000001	125.86558000000001	178.0
181.0		0.121207167864985	-0.0029114045629694218	0.3234813251825294	127.98691000000001	127.98691000000001	181.0
184.0		0.07429445627421866	-0.0029114045629713035	0.19107797658857256	130.10824	130.10824	184.0
187.0		0.04616519115910789	-0.0029114045629714245	0.10564231177917666	132.22957	132.22957	187.0
190.0		0.030376587698206343	-0.0029114045629714314	0.054890436028592976	134.3509	134.3509	190.0
193.0		0.02206999690203637	-0.002911404562971432	0.027061026478907943	136.47223	136.47223	193.0
196.0		0.0179694332166959	-0.002911404562971432	0.01294718554291137	138.59356	138.59356	196.0
199.0		0.01606852608153482	-0.002911404562971432	0.006317166773439855	140.71489	140.71489	199.0
202.0		0.015240467869791701	-0.002911404562971432	0.0034291158073403404	142.83622	142.83622	202.0
205.0		0.014901329207172092	-0.002911404562971432	0.002261492729363353	144.95755	144.95755	205.0
208.0		0.014770680899550047	-0.002911404562971432	0.0018230446784032802	147.07888	147.07888	208.0
211.0		0.01472332191766232	-0.002911404562971432	0.0016700405444453176	149.20021	149.20021	211.0
214.0		0.01470716308563285	-0.002911404562971432	0.0016203967288403755	151.32154	151.32154	214.0
217.0		0.014701972176984428	-0.002911404562971432	0.0016054144843288991	153.44287	153.44287	217.0
220.0		0.01470040180349605	-0.002911404562971432	0.0016012073758093638	155.5642	155.5642	220.0
223.0		0.014699954321570716	-0.002911404562971432	0.00160010784077986	157.68553	157.68553	223.0
226.0		0.014699834195678593	-0.002911404562971432	0.0015998403193600306	159.80686	159.80686	226.0
229.0		0.01469980381114585	-0.002911404562971432	0.0015997797123001338	161.92819	161.92819	229.0
232.0		0.01469979656876076	-0.002911404562971432	0.0015997669249074482	164.04952	164.04952	232.0
235.0		0.014699794941806428	-0.002911404562971432	0.0015997644118419078	166.17085	166.17085	235.0
238.0		0.014699794597314029	-0.002911404562971432	0.0015997639517452416	168.29218	168.29218	238.0
241.0		0.01469979452855411	-0.002911404562971432	0.0015997638732630586	170.41351	170.41351	241.0
244.0		0.014699794515615754	-0.002911404562971432	0.0015997638607887375	172.53484	172.53484	244.0
247.0		0.014699794513320432	-0.002911404562971432	0.00159976385894105	174.65617	174.65617	247.0
250.0		0.014699794512936496	-0.002911404562971432	0.0015997638586859894	176.7775	176.7775	250.0
253.0		0.01469979451287594	-0.002911404562971432	0.0015997638586531728	178.89883	178.89883	253.0
256.0		0.014699794512866933	-0.002911404562971432	0.0015997638586492371	181.02016	181.02016	256.0
259.0		0.01469979451286567	-0.002911404562971432	0.0015997638586487972	183.14149	183.14149	259.0
262.0		0.014699794512865504	-0.002911404562971432	0.0015997638586487514	185.26282	185.26282	262.0
265.0		0.014699794512865483	-0.002911404562971432	0.0015997638586487469	187.38415	187.38415	265.0
268.0		0.01469979451286548	-0.002911404562971432	0.0015997638586487464	189.50548	189.50548	268.0
271.0		0.01469979451286548	-0.002911404562971432	0.0015997638586487464	191.62681	191.62681	271.0
274.0		0.01469979451286548	-0.002911404562971432	0.0015997638586487464	193.74814	193.74814	274.0
277.0		0.01469979451286548	-0.002911404562971432	0.0015997638586487464	195.86947	195.86947	277.0
280.0		0.01469979451286548	-0.002911404562971432	0.0015997638586487464	197.9908	197.9908	280.0
283.0		0.01469979451286548	-0.002911404562971432	0.0015997638586487464	200.11213	200.11213	283.0
286.0		0.01469979451286548	-0.002911404562971432	0.0015997638586487464	202.23346	202.23346	286.0
289.0		0.01469979451286548	-0.002911404562971432	0.0015997638586487464	204.35479	204.35479	289.0
292.0		0.01469979451286548	-0.002911404562971432	0.0015997638586487464	206.47612	206.47612	292.0
RTBT_Diag:WS23

Name	X Fit	X RMS	Y Fit	Y RMS	Z Fit	Z RMS
-------	-----	-----	-----	-----	-----	-----
Area	38.76962432816921	39.20700525439453	42.44797217373205	39.49012858072917	42.206669918768604	39.124139650374346
Ampl	2.5105829710908374	2.5228515624999996	1.6073785152726947	1.57861328125	1.3003662672718117	1.2811523437499999
Mean	102.47182484600476	102.41561996551454	101.94136351543455	102.14616950644681	115.64180012512658	115.60380905922335
Sigma	6.160657710932537	6.611816082886485	10.535347248020352	9.240342002223509	12.948678821752685	11.429600640317632
Offset	-0.0023121887964115493	-0.00947265625	-0.00597848819741215	-0.0014160156250000002	-0.010471111857143405	-0.002490234375
Slope	0.0	0.0	0.0	0.0	0.0	0.0

Position	X Raw	Y Raw	Z Raw
--------	-----	-----	-----
25.0		-0.00966796875	-0.0017578125	-0.002734375	17.67775	17.67775	25.0
28.0		-0.00927734375	-0.00107421875	-0.00224609375	19.79908	19.79908	28.0
31.0		-0.009375	-0.00146484375	-0.00244140625	21.92041	21.92041	31.0
34.0		-0.009375	-0.00166015625	-0.0029296875	24.04174	24.04174	34.0
37.0		-0.009375	-0.00126953125	-0.00244140625	26.16307	26.16307	37.0
40.0		-0.00908203125	-0.0013671875	-0.0029296875	28.2844	28.2844	40.0
43.0		-0.00888671875	-0.0015625	-0.002734375	30.405730000000002	30.405730000000002	43.0
46.0		-0.0087890625	-8.7890625E-4	-0.0021484375	32.52706	32.52706	46.0
49.0		-0.0087890625	-4.8828125E-4	-0.00205078125	34.64839	34.64839	49.0
52.0		-0.00859375	-3.90625E-4	-0.0029296875	36.76972	36.76972	52.0
55.0		-0.008984375	-6.8359375E-4	-0.00263671875	38.89105	38.89105	55.0
58.0		-0.00888671875	-9.765625E-5	-0.001953125	41.01238	41.01238	58.0
61.0		-0.00859375	9.765625E-5	-0.0021484375	43.13371	43.13371	61.0
64.0		-0.008203125	1.953125E-4	-0.0015625	45.25504	45.25504	64.0
67.0		-0.00810546875	7.8125E-4	-0.0015625	47.37637	47.37637	67.0
70.0		-0.00810546875	0.00185546875	-0.0017578125	49.4977	49.4977	70.0
73.0		-0.0080078125	0.00380859375	-0.00166015625	51.61903	51.61903	73.0
76.0		-0.0076171875	0.0134765625	-0.00126953125	53.74036	53.74036	76.0
79.0		-0.00888671875	0.05849609375	-0.0015625	55.86169	55.86169	79.0
82.0		-0.0087890625	0.1625	-0.00166015625	57.98302	57.98302	82.0
85.0		-0.00703125	0.3166015625	0.0	60.104350000000004	60.104350000000004	85.0
88.0		-0.0078125	0.55693359375	-7.8125E-4	62.225680000000004	62.225680000000004	88.0
91.0		-0.00703125	0.928125	-9.765625E-5	64.34701	64.34701	91.0
94.0		-0.00615234375	1.2474609375	0.00107421875	66.46834	66.46834	94.0
97.0		-0.00439453125	1.45009765625	0.0021484375	68.58967	68.58967	97.0
100.0		-0.00419921875	1.5568359375	0.00263671875	70.711	70.711	100.0
103.0		-0.00341796875	1.57578125	0.003125	72.83233	72.83233	103.0
106.0		-0.00185546875	1.49375	0.00322265625	74.95366	74.95366	106.0
109.0		-5.859375E-4	1.31552734375	0.0021484375	77.07499	77.07499	109.0
112.0		0.006640625	1.08134765625	0.0037109375	79.19632	79.19632	112.0
115.0		0.023828125	0.78017578125	0.0060546875	81.31765	81.31765	115.0
118.0		0.0638671875	0.41640625	0.00859375	83.43898	83.43898	118.0
121.0		0.1357421875	0.19697265625	0.0171875	85.56031	85.56031	121.0
124.0		0.21640625	0.0828125	0.03359375	87.68164	87.68164	124.0
127.0		0.33056640625	0.02392578125	0.09052734375	89.80297	89.80297	127.0
130.0		0.5177734375	0.00673828125	0.16640625	91.9243	91.9243	130.0
133.0		0.91484375	0.0029296875	0.269921875	94.04563	94.04563	133.0
136.0		1.50947265625	0.00234375	0.36806640625	96.16696	96.16696	136.0
139.0		2.0193359375	0.00263671875	0.4775390625	98.28829	98.28829	139.0
142.0		2.3712890625	0.0017578125	0.62890625	100.40962	100.40962	142.0
145.0		2.50390625	0.00185546875	0.7779296875	102.53095	102.53095	145.0
148.0		2.3291015625	0.00185546875	0.91259765625	104.65228	104.65228	148.0
151.0		1.976953125	0.00146484375	1.03330078125	106.77361	106.77361	151.0
154.0		1.48818359375	0.0015625	1.1248046875	108.89494	108.89494	154.0
157.0		0.9376953125	0.0	1.201953125	111.01627	111.01627	157.0
160.0		0.4978515625	-5.859375E-4	1.25224609375	113.1376	113.1376	160.0
163.0		0.2853515625	9.765625E-4	1.276171875	115.25893	115.25893	163.0
166.0		0.1830078125	-4.8828125E-4	1.26142578125	117.38026	117.38026	166.0
169.0		0.10771484375	-0.00107421875	1.22119140625	119.50159000000001	119.50159000000001	169.0
172.0		0.05595703125	-3.90625E-4	1.15947265625	121.62292000000001	121.62292000000001	172.0
175.0		0.02216796875	-0.00126953125	1.0755859375	123.74425000000001	123.74425000000001	175.0
178.0		0.0060546875	-0.0013671875	0.98984375	125.86558000000001	125.86558000000001	178.0
181.0		-0.00126953125	-0.00126953125	0.87490234375	127.98691000000001	127.98691000000001	181.0
184.0		-0.0021484375	-6.8359375E-4	0.71494140625	130.10824	130.10824	184.0
187.0		-0.0052734375	-0.0013671875	0.5427734375	132.22957	132.22957	187.0
190.0		-0.005859375	-0.0021484375	0.402734375	134.3509	134.3509	190.0
193.0		-0.00625	-0.001953125	0.28232421875	136.47223	136.47223	193.0
196.0		-0.00751953125	-0.0025390625	0.17431640625	138.59356	138.59356	196.0
199.0		-0.00615234375	-0.001953125	0.09921875	140.71489	140.71489	199.0
202.0		-0.0078125	-0.0025390625	0.0423828125	142.83622	142.83622	202.0
205.0		-0.00693359375	-0.0029296875	0.020703125	144.95755	144.95755	205.0
208.0		-0.0083984375	-0.002734375	0.00927734375	147.07888	147.07888	208.0
211.0		-0.007421875	-0.002734375	0.00556640625	149.20021	149.20021	211.0
214.0		-0.00751953125	-0.0033203125	0.0037109375	151.32154	151.32154	214.0
217.0		-0.00830078125	-0.00341796875	0.001171875	153.44287	153.44287	217.0
220.0		-0.00849609375	-0.00263671875	0.00107421875	155.5642	155.5642	220.0
223.0		-0.00927734375	-0.00341796875	-9.765625E-5	157.68553	157.68553	223.0
226.0		-0.0087890625	-0.003125	1.953125E-4	159.80686	159.80686	226.0
229.0		-0.0083984375	-0.00244140625	6.8359375E-4	161.92819	161.92819	229.0
232.0		-0.0083984375	-0.002734375	2.9296875E-4	164.04952	164.04952	232.0
235.0		-0.00791015625	-0.0025390625	8.7890625E-4	166.17085	166.17085	235.0
238.0		-0.00908203125	-0.00224609375	9.765625E-5	168.29218	168.29218	238.0
241.0		-0.0087890625	-0.0029296875	-9.765625E-5	170.41351	170.41351	241.0
244.0		-0.0091796875	-0.00263671875	-2.9296875E-4	172.53484	172.53484	244.0
247.0		-0.00830078125	-0.00234375	-1.953125E-4	174.65617	174.65617	247.0
250.0		-0.0087890625	-0.00302734375	9.765625E-5	176.7775	176.7775	250.0
253.0		-0.00859375	-0.0033203125	9.765625E-5	178.89883	178.89883	253.0
256.0		-0.00888671875	-0.002734375	-6.8359375E-4	181.02016	181.02016	256.0
259.0		-0.0095703125	-0.002734375	-0.001171875	183.14149	183.14149	259.0
262.0		-0.00927734375	-0.00283203125	-4.8828125E-4	185.26282	185.26282	262.0
265.0		-0.00947265625	-0.002734375	-0.00107421875	187.38415	187.38415	265.0
268.0		-0.00908203125	-0.00283203125	-8.7890625E-4	189.50548	189.50548	268.0
271.0		-0.0083984375	-0.002734375	-2.9296875E-4	191.62681	191.62681	271.0
274.0		-0.00947265625	-0.00322265625	-8.7890625E-4	193.74814	193.74814	274.0
277.0		-0.0099609375	-0.0033203125	-0.0013671875	195.86947	195.86947	277.0
280.0		-0.00947265625	-0.00283203125	-0.0013671875	197.9908	197.9908	280.0
283.0		-0.00986328125	-0.00283203125	-0.0017578125	200.11213	200.11213	283.0
286.0		-0.00966796875	-0.00302734375	-0.0015625	202.23346	202.23346	286.0
289.0		-0.009375	-0.0025390625	-0.0013671875	204.35479	204.35479	289.0
292.0		-0.0091796875	-0.0029296875	-4.8828125E-4	206.47612	206.47612	292.0

Position	X Fit	Y Fit	Z Fit
--------	-----	-----	-----
25.0		-0.0023121887964115493	-0.00583934616501803	-0.010349609483013607	17.67775	17.67775	25.0
28.0		-0.0023121887964115493	-0.005839346136225173	-0.010349609481830422	19.79908	19.79908	28.0
31.0		-0.0023121887964115493	-0.00583934593517308	-0.010349609477952252	21.92041	21.92041	31.0
34.0		-0.0023121887964115493	-0.005839344642163185	-0.010349609465582577	24.04174	24.04174	34.0
37.0		-0.0023121887964115493	-0.005839336984408903	-0.01034960942719093	26.16307	26.16307	37.0
40.0		-0.0023121887964115493	-0.005839295226853758	-0.0103496093112461	28.2844	28.2844	40.0
43.0		-0.0023121887964115493	-0.005839085613225414	-0.010349608970531471	30.405730000000002	30.405730000000002	43.0
46.0		-0.0023121887964115493	-0.005838117205284809	-0.010349607996344018	32.52706	32.52706	46.0
49.0		-0.0023121887964115493	-0.0058340006014372826	-0.010349605286194146	34.64839	34.64839	49.0
52.0		-0.0023121887964115493	-0.005817904170162618	-0.010349597950711022	36.76972	36.76972	52.0
55.0		-0.0023121887964115493	-0.00576003151181636	-0.010349578633998463	38.89105	38.89105	55.0
58.0		-0.0023121887964115493	-0.005568789411923126	-0.010349529147133694	41.01238	41.01238	58.0
61.0		-0.0023121887964115493	-0.0049882471873964156	-0.010349405813765498	43.13371	43.13371	61.0
64.0		-0.002312188796411549	-0.0033703608341617507	-0.010349106804075954	45.25504	45.25504	64.0
67.0		-0.0023121887964115385	7.656672368446475E-4	-0.010348401652906614	47.37637	47.37637	67.0
70.0		-0.0023121887964113286	0.010455326854718722	-0.010346784140035438	49.4977	49.4977	70.0
73.0		-0.002312188796407529	0.03123165802446832	-0.010343175398641708	51.61903	51.61903	73.0
76.0		-0.002312188796346549	0.07193561529087858	-0.010335345112441325	53.74036	53.74036	76.0
79.0		-0.002312188795478149	0.14463484316847483	-0.010318822383648825	55.86169	55.86169	79.0
82.0		-0.0023121887845065784	0.2626338750838605	-0.010284919767813202	57.98302	57.98302	82.0
85.0		-0.002312188661547616	0.4358904437493588	-0.010217281402597944	60.104350000000004	60.104350000000004	85.0
88.0		-0.0023121874394408043	0.6643988241768891	-0.010086086137914015	62.225680000000004	62.225680000000004	88.0
91.0		-0.002312176669440666	0.9319782559406751	-0.009838708796806404	64.34701	64.34701	91.0
94.0		-0.002312092537405777	1.204269277565163	-0.009385327201624894	66.46834	66.46834	94.0
97.0		-0.0023115101593159507	1.4341095712175311	-0.008577778886608295	68.58967	68.58967	97.0
100.0		-0.002307939265372104	1.5742679158013828	-0.007180111230415669	70.711	70.711	100.0
103.0		-0.002288554014294887	1.5931398235011225	-0.004829989910247951	72.83233	72.83233	103.0
106.0		-0.002195435436619774	1.4863220387311769	-9.91716271115755E-4	74.95366	74.95366	106.0
109.0		-0.0017999241812678974	1.2782804502616918	0.005095725555454629	77.07499	77.07499	109.0
112.0		-3.158855386140038E-4	1.0132494789516597	0.014468396875488333	79.19632	79.19632	112.0
115.0		0.004597617293527553	0.7399828276163881	0.028473181985424093	81.31765	81.31765	115.0
118.0		0.018930642062598695	0.49751670798888736	0.04877345500119033	83.43898	83.43898	118.0
121.0		0.05569290176467126	0.30744021052519016	0.0773055377016645	85.56031	85.56031	121.0
124.0		0.13836607961078978	0.17396722873253717	0.11616719664823959	87.68164	87.68164	124.0
127.0		0.3007244258192749	0.08932972588584312	0.1674248332102732	89.80297	89.80297	127.0
130.0		0.5774773619622434	0.04061248670355341	0.232837606811031	91.9243	91.9243	130.0
133.0		0.9829523434313243	0.01506933443986329	0.31351423485008534	94.04563	94.04563	133.0
136.0		1.4847957814242723	0.002839603224163904	0.4095393945608735	96.16696	96.16696	136.0
139.0		1.9912938479990172	-0.0025171563951544205	0.5196271752170968	98.28829	98.28829	139.0
142.0		2.3714836580074223	-0.00466661498993973	0.6408730447595157	100.40962	100.40962	142.0
145.0		2.5081551644167996	-0.005457587190478475	0.7686773074641492	102.53095	102.53095	145.0
148.0		2.355846230239851	-0.005724742954011634	0.8968978001963973	104.65228	104.65228	148.0
151.0		1.9651145218390955	-0.005807619747216935	1.018257021536442	106.77361	106.77361	151.0
154.0		1.4555998965634258	-0.005831246595894235	1.1249832617206519	108.89494	108.89494	154.0
157.0		0.9572459549803418	-0.005837439304320999	1.2096155110509574	111.01627	111.01627	157.0
160.0		0.5586304356030692	-0.005838932174896409	1.2658597511904202	113.1376	113.1376	160.0
163.0		0.2889423991336573	-0.005839263282450576	1.2893612479606498	115.25893	115.25893	163.0
166.0		0.13200583554155604	-0.005839330865725724	1.2782615193558802	117.38026	117.38026	166.0
169.0		0.05270558355496171	-0.0058393435636697405	1.2334411274743222	119.50159000000001	119.50159000000001	169.0
172.0		0.017703885093869047	-0.005839345760206456	1.1584042771119132	121.62292000000001	121.62292000000001	172.0
175.0		0.004155691534201147	-0.005839346110094979	1.058826208751647	123.74425000000001	123.74425000000001	175.0
178.0		-4.558713638568991E-4	-0.00583934616142515	0.9418445139241716	125.86558000000001	125.86558000000001	178.0
181.0		-0.0018389833908085515	-0.005839346168361403	0.815217106943857	127.98691000000001	127.98691000000001	181.0
184.0		-0.0022050481313521746	-0.0058393461692248525	0.6864841198460516	130.10824	130.10824	184.0
187.0		-0.0022906428207251973	-0.00583934616932388	0.5622571387488808	132.22957	132.22957	187.0
190.0		-0.002308340352336975	-0.005839346169334344	0.44772273169381444	134.3509	134.3509	190.0
193.0		-0.00231157826026545	-0.005839346169335363	0.3463987515954862	136.47223	136.47223	193.0
196.0		-0.002312102767432504	-0.005839346169335455	0.2601335391799751	138.59356	138.59356	196.0
199.0		-0.002312178029643832	-0.005839346169335462	0.18930013085557018	140.71489	140.71489	199.0
202.0		-0.0023121875995797897	-0.005839346169335463	0.13311592994961016	142.83622	142.83622	202.0
205.0		-0.0023121886782467684	-0.005839346169335463	0.09001411074840189	144.95755	144.95755	205.0
208.0		-0.002312188786049392	-0.005839346169335463	0.05800317581472776	147.07888	147.07888	208.0
211.0		-0.002312188795604464	-0.005839346169335463	0.0349699824759981	149.20021	149.20021	211.0
214.0		-0.0023121887963557155	-0.005839346169335463	0.018903098464993155	151.32154	151.32154	214.0
217.0		-0.0023121887964081184	-0.005839346169335463	0.00803254743838781	153.44287	153.44287	217.0
220.0		-0.002312188796411362	-0.005839346169335463	8.958491590672739E-4	155.5642	155.5642	220.0
223.0		-0.00231218879641154	-0.005839346169335463	-0.0036521794428459467	157.68553	157.68553	223.0
226.0		-0.002312188796411549	-0.005839346169335463	-0.00646641172336079	159.80686	159.80686	226.0
229.0		-0.0023121887964115493	-0.005839346169335463	-0.008157707443934736	161.92819	161.92819	229.0
232.0		-0.0023121887964115493	-0.005839346169335463	-0.00914511980542451	164.04952	164.04952	232.0
235.0		-0.0023121887964115493	-0.005839346169335463	-0.009705239451758961	166.17085	166.17085	235.0
238.0		-0.0023121887964115493	-0.005839346169335463	-0.01001401261850116	168.29218	168.29218	238.0
241.0		-0.0023121887964115493	-0.005839346169335463	-0.010179452112923386	170.41351	170.41351	241.0
244.0		-0.0023121887964115493	-0.005839346169335463	-0.010265618252571152	172.53484	172.53484	244.0
247.0		-0.0023121887964115493	-0.005839346169335463	-0.01030924797068716	174.65617	174.65617	247.0
250.0		-0.0023121887964115493	-0.005839346169335463	-0.010330727342546002	176.7775	176.7775	250.0
253.0		-0.0023121887964115493	-0.005839346169335463	-0.010341009743045148	178.89883	178.89883	253.0
256.0		-0.0023121887964115493	-0.005839346169335463	-0.01034579645753643	181.02016	181.02016	256.0
259.0		-0.0023121887964115493	-0.005839346169335463	-0.01034796357954097	183.14149	183.14149	259.0
262.0		-0.0023121887964115493	-0.005839346169335463	-0.010348917828492218	185.26282	185.26282	262.0
265.0		-0.0023121887964115493	-0.005839346169335463	-0.010349326523616413	187.38415	187.38415	265.0
268.0		-0.0023121887964115493	-0.005839346169335463	-0.010349496786978215	189.50548	189.50548	268.0
271.0		-0.0023121887964115493	-0.005839346169335463	-0.010349565787020804	191.62681	191.62681	271.0
274.0		-0.0023121887964115493	-0.005839346169335463	-0.010349592989247772	193.74814	193.74814	274.0
277.0		-0.0023121887964115493	-0.005839346169335463	-0.010349603422155506	195.86947	195.86947	277.0
280.0		-0.0023121887964115493	-0.005839346169335463	-0.010349607315021329	197.9908	197.9908	280.0
283.0		-0.0023121887964115493	-0.005839346169335463	-0.01034960872825076	200.11213	200.11213	283.0
286.0		-0.0023121887964115493	-0.005839346169335463	-0.010349609227422372	202.23346	202.23346	286.0
289.0		-0.0023121887964115493	-0.005839346169335463	-0.010349609398973962	204.35479	204.35479	289.0
292.0		-0.0023121887964115493	-0.005839346169335463	-0.01034960945634068	206.47612	206.47612	292.0
RTBT_Diag:WS21

Name	X Fit	X RMS	Y Fit	Y RMS	Z Fit	Z RMS
-------	-----	-----	-----	-----	-----	-----
Area	41.77973957559287	40.903752758219404	40.31838672532369	40.42228190104167	32.14367632102805	39.08347507089844
Ampl	1.778319694107617	1.77744140625	1.6899822803435918	1.69697265625	1.808091018296215	1.9670898437500002
Mean	97.63289549752693	97.62131157133736	99.52182374020902	99.31616556172727	116.04563718917031	115.52322061845457
Sigma	9.37272675778866	9.27574591427806	9.517679167048598	9.854937082644941	7.092271020780895	9.63670385542451
Offset	0.008214427452018603	0.007470703125	4.901160457777452E-4	-0.00244140625	0.026887472244810053	0.005664062500000001
Slope	0.0	0.0	0.0	0.0	0.0	0.0

Position	X Raw	Y Raw	Z Raw
--------	-----	-----	-----
25.0		0.00791015625	-0.00234375	0.00576171875	17.67775	17.67775	25.0
28.0		0.00703125	-0.0025390625	0.00556640625	19.79908	19.79908	28.0
31.0		0.0083984375	-0.00205078125	0.00634765625	21.92041	21.92041	31.0
34.0		0.00810546875	-0.0021484375	0.00498046875	24.04174	24.04174	34.0
37.0		0.00859375	-0.00166015625	0.00625	26.16307	26.16307	37.0
40.0		0.00908203125	-0.00126953125	0.0064453125	28.2844	28.2844	40.0
43.0		0.0091796875	-0.00146484375	0.00654296875	30.405730000000002	30.405730000000002	43.0
46.0		0.009765625	-0.00107421875	0.0064453125	32.52706	32.52706	46.0
49.0		0.0078125	-0.0021484375	0.00615234375	34.64839	34.64839	49.0
52.0		0.00791015625	-0.00185546875	0.00576171875	36.76972	36.76972	52.0
55.0		0.009375	-6.8359375E-4	0.0060546875	38.89105	38.89105	55.0
58.0		0.00986328125	-2.9296875E-4	0.0068359375	41.01238	41.01238	58.0
61.0		0.00830078125	-0.00107421875	0.00576171875	43.13371	43.13371	61.0
64.0		0.0083984375	1.953125E-4	0.00615234375	45.25504	45.25504	64.0
67.0		0.009375	0.00556640625	0.00673828125	47.37637	47.37637	67.0
70.0		0.0087890625	0.02099609375	0.00634765625	49.4977	49.4977	70.0
73.0		0.00849609375	0.05693359375	0.00634765625	51.61903	51.61903	73.0
76.0		0.0091796875	0.1287109375	0.006640625	53.74036	53.74036	76.0
79.0		0.00947265625	0.223046875	0.00703125	55.86169	55.86169	79.0
82.0		0.01044921875	0.33798828125	0.00751953125	57.98302	57.98302	82.0
85.0		0.01044921875	0.50458984375	0.00732421875	60.104350000000004	60.104350000000004	85.0
88.0		0.011328125	0.794140625	0.00771484375	62.225680000000004	62.225680000000004	88.0
91.0		0.0130859375	1.14482421875	0.00830078125	64.34701	64.34701	91.0
94.0		0.015625	1.42109375	0.0083984375	66.46834	66.46834	94.0
97.0		0.0232421875	1.63642578125	0.008984375	68.58967	68.58967	97.0
100.0		0.03896484375	1.69208984375	0.00908203125	70.711	70.711	100.0
103.0		0.0728515625	1.5748046875	0.0099609375	72.83233	72.83233	103.0
106.0		0.112890625	1.35283203125	0.01025390625	74.95366	74.95366	106.0
109.0		0.16416015625	1.04541015625	0.0111328125	77.07499	77.07499	109.0
112.0		0.23212890625	0.6669921875	0.01337890625	79.19632	79.19632	112.0
115.0		0.35654296875	0.411328125	0.01650390625	81.31765	81.31765	115.0
118.0		0.54794921875	0.263671875	0.0240234375	83.43898	83.43898	118.0
121.0		0.77216796875	0.16298828125	0.038671875	85.56031	85.56031	121.0
124.0		1.00498046875	0.08447265625	0.06796875	87.68164	87.68164	124.0
127.0		1.255078125	0.0326171875	0.1216796875	89.80297	89.80297	127.0
130.0		1.4740234375	0.01025390625	0.18310546875	91.9243	91.9243	130.0
133.0		1.65234375	0.00234375	0.26435546875	94.04563	94.04563	133.0
136.0		1.78251953125	0.0017578125	0.3453125	96.16696	96.16696	136.0
139.0		1.7923828125	2.9296875E-4	0.40810546875	98.28829	98.28829	139.0
142.0		1.70732421875	2.9296875E-4	0.4916015625	100.40962	100.40962	142.0
145.0		1.53955078125	-9.765625E-5	0.58427734375	102.53095	102.53095	145.0
148.0		1.32177734375	-8.7890625E-4	0.69560546875	104.65228	104.65228	148.0
151.0		1.1140625	-1.953125E-4	0.837109375	106.77361	106.77361	151.0
154.0		0.8962890625	-4.8828125E-4	1.0470703125	108.89494	108.89494	154.0
157.0		0.68349609375	-0.001171875	1.33505859375	111.01627	111.01627	157.0
160.0		0.4423828125	-3.90625E-4	1.67705078125	113.1376	113.1376	160.0
163.0		0.268359375	-0.00107421875	1.97841796875	115.25893	115.25893	163.0
166.0		0.1697265625	-9.765625E-4	1.929296875	117.38026	117.38026	166.0
169.0		0.114453125	-0.00126953125	1.6248046875	119.50159000000001	119.50159000000001	169.0
172.0		0.07412109375	-0.00185546875	1.25673828125	121.62292000000001	121.62292000000001	172.0
175.0		0.0451171875	-0.00146484375	0.989453125	123.74425000000001	123.74425000000001	175.0
178.0		0.0259765625	-0.0021484375	0.79189453125	125.86558000000001	125.86558000000001	178.0
181.0		0.016796875	-0.001953125	0.6501953125	127.98691000000001	127.98691000000001	181.0
184.0		0.0119140625	-0.00205078125	0.53125	130.10824	130.10824	184.0
187.0		0.01240234375	-0.0021484375	0.45205078125	132.22957	132.22957	187.0
190.0		0.009765625	-0.00263671875	0.380859375	134.3509	134.3509	190.0
193.0		0.00966796875	-0.0021484375	0.30205078125	136.47223	136.47223	193.0
196.0		0.00908203125	-0.00244140625	0.22744140625	138.59356	138.59356	196.0
199.0		0.0099609375	-0.00166015625	0.1578125	140.71489	140.71489	199.0
202.0		0.00947265625	-0.00224609375	0.09287109375	142.83622	142.83622	202.0
205.0		0.00869140625	-0.002734375	0.0521484375	144.95755	144.95755	205.0
208.0		0.00927734375	-0.003515625	0.03095703125	147.07888	147.07888	208.0
211.0		0.00859375	-0.0025390625	0.0173828125	149.20021	149.20021	211.0
214.0		0.00732421875	-0.0033203125	0.0125	151.32154	151.32154	214.0
217.0		0.00791015625	-0.003125	0.01025390625	153.44287	153.44287	217.0
220.0		0.00986328125	-0.00283203125	0.010546875	155.5642	155.5642	220.0
223.0		0.00859375	-0.00302734375	0.00849609375	157.68553	157.68553	223.0
226.0		0.007421875	-0.0033203125	0.007421875	159.80686	159.80686	226.0
229.0		0.00830078125	-0.00322265625	0.00810546875	161.92819	161.92819	229.0
232.0		0.00849609375	-0.00302734375	0.008203125	164.04952	164.04952	232.0
235.0		0.0080078125	-0.0029296875	0.007421875	166.17085	166.17085	235.0
238.0		0.008984375	-0.0029296875	0.00810546875	168.29218	168.29218	238.0
241.0		0.00849609375	-0.00322265625	0.00732421875	170.41351	170.41351	241.0
244.0		0.0083984375	-0.0033203125	0.0076171875	172.53484	172.53484	244.0
247.0		0.00810546875	-0.0029296875	0.00732421875	174.65617	174.65617	247.0
250.0		0.0078125	-0.002734375	0.00771484375	176.7775	176.7775	250.0
253.0		0.0068359375	-0.003125	0.0068359375	178.89883	178.89883	253.0
256.0		0.0078125	-0.00341796875	0.0076171875	181.02016	181.02016	256.0
259.0		0.00810546875	-0.00361328125	0.00751953125	183.14149	183.14149	259.0
262.0		0.00693359375	-0.00361328125	0.00634765625	185.26282	185.26282	262.0
265.0		0.008203125	-0.003125	0.00771484375	187.38415	187.38415	265.0
268.0		0.00732421875	-0.00380859375	0.00673828125	189.50548	189.50548	268.0
271.0		0.0078125	-0.00380859375	0.00595703125	191.62681	191.62681	271.0
274.0		0.007421875	-0.00380859375	0.00673828125	193.74814	193.74814	274.0
277.0		0.0078125	-0.00322265625	0.00703125	195.86947	195.86947	277.0
280.0		0.007421875	-0.00361328125	0.00654296875	197.9908	197.9908	280.0
283.0		0.00771484375	-0.00341796875	0.0064453125	200.11213	200.11213	283.0
286.0		0.0076171875	-0.00322265625	0.0064453125	202.23346	202.23346	286.0
289.0		0.0068359375	-0.00400390625	0.0056640625	204.35479	204.35479	289.0
292.0		0.007421875	-0.003125	0.00625	206.47612	206.47612	292.0

Position	X Fit	Y Fit	Z Fit
--------	-----	-----	-----
25.0		0.008223997950415758	5.132590093080405E-4	0.026030200491375124	17.67775	17.67775	25.0
28.0		0.00822399795041738	5.132590101483405E-4	0.026030200491375124	19.79908	19.79908	28.0
31.0		0.008223997950427636	5.132590186038076E-4	0.026030200491375124	21.92041	21.92041	31.0
34.0		0.008223997950489205	5.132590955471598E-4	0.026030200491375124	24.04174	24.04174	34.0
37.0		0.008223997950840155	5.132597286397173E-4	0.026030200491375124	26.16307	26.16307	37.0
40.0		0.008223997952739447	5.132644378458051E-4	0.026030200491375124	28.2844	28.2844	40.0
43.0		0.008223997962498047	5.132960986251933E-4	0.026030200491375124	30.405730000000002	30.405730000000002	43.0
46.0		0.00822399801009807	5.134884443341289E-4	0.026030200491375124	32.52706	32.52706	46.0
49.0		0.008223998230504308	5.145440581449828E-4	0.026030200491375124	34.64839	34.64839	49.0
52.0		0.008223999199246528	5.197757306759043E-4	0.026030200491375124	36.76972	36.76972	52.0
55.0		0.008224003240606827	5.431808540584742E-4	0.026030200491375124	38.89105	38.89105	55.0
58.0		0.008224019241553311	6.376523942648862E-4	0.026030200491375124	41.01238	41.01238	58.0
61.0		0.008224079361991125	9.814854309976254E-4	0.026030200491375124	43.13371	43.13371	61.0
64.0		0.008224293706199853	0.002109006826875593	0.026030200491375124	45.25504	45.25504	64.0
67.0		0.008225018749172997	0.005437307401966126	0.026030200491375124	47.37637	47.37637	67.0
70.0		0.008227345344286777	0.014270459830279995	0.026030200491375124	49.4977	49.4977	70.0
73.0		0.008234426725445384	0.03531392479097193	0.026030200491375128	51.61903	51.61903	73.0
76.0		0.008254866738521676	0.08021994260115906	0.026030200491375152	53.74036	53.74036	76.0
79.0		0.00831080713137983	0.16580518404804198	0.026030200491375482	55.86169	55.86169	79.0
82.0		0.008455935751901523	0.3108679019801404	0.0260302004913795	57.98302	57.98302	82.0
85.0		0.008812756480179039	0.5281251409454291	0.026030200491424033	60.104350000000004	60.104350000000004	85.0
88.0		0.009643914059804595	0.812633994145257	0.02603020049187503	62.225680000000004	62.225680000000004	88.0
91.0		0.011477476585300888	1.1323305956244276	0.0260302004960457	64.34701	64.34701	91.0
94.0		0.015306603090120264	1.428689474091505	0.026030200531262083	66.46834	66.46834	94.0
97.0		0.022872657975879073	1.6322006643392915	0.026030200802740832	68.58967	68.58967	97.0
100.0		0.03700875496239732	1.6883943107502613	0.0260302027130985	70.711	70.711	100.0
103.0		0.061962682837743	1.58138423270016	0.02603021498204689	72.83233	72.83233	103.0
106.0		0.10354120289857842	1.3411179179359691	0.026030286881953996	74.95366	74.95366	106.0
109.0		0.16884981947172015	1.0298435051759505	0.026030671277417528	77.07499	77.07499	109.0
112.0		0.2653933575682125	0.7160936904811975	0.02603254558455148	79.19632	79.19632	112.0
115.0		0.39940961942814984	0.45092726640322317	0.026040878148159734	81.31765	81.31765	115.0
118.0		0.5735596073775416	0.2572068537083955	0.026074640193670975	83.43898	83.43898	118.0
121.0		0.7844525233620739	0.13296811557175645	0.026199262355958194	85.56031	85.56031	121.0
124.0		1.0208117118430629	0.06239612980177775	0.026618095127596983	87.68164	87.68164	124.0
127.0		1.2632002484330453	0.026690431214970268	0.02789887073883724	89.80297	89.80297	127.0
130.0		1.4859644403963326	0.010539190172058462	0.03145951717027087	91.9243	91.9243	130.0
133.0		1.6614057753607678	0.003990032663925306	0.0404492623942575	94.04563	94.04563	133.0
136.0		1.7653498089779884	0.001604894957856469	0.06103343427640982	96.16696	96.16696	136.0
139.0		1.7825969371691137	8.235927175393746E-4	0.10370115829452038	98.28829	98.28829	139.0
142.0		1.7105657506574223	5.93137487781791E-4	0.1835693449120962	100.40962	100.40962	142.0
145.0		1.5599262664450841	5.31874750257059E-4	0.3181073853608633	102.53095	102.53095	145.0
148.0		1.3520091479170908	5.17187091579777E-4	0.5210084499598457	104.65228	104.65228	148.0
151.0		1.1138572157529845	5.140094744137015E-4	0.7927804508749381	106.77361	106.77361	151.0
154.0		0.8724993295805833	5.133888258255393E-4	1.1117082750852927	108.89494	108.89494	154.0
157.0		0.6501026841624408	5.132793412032959E-4	1.4311958930242208	111.01627	111.01627	157.0
160.0		0.46113575129558815	5.132618924521068E-4	1.688421809688717	113.1376	113.1376	160.0
163.0		0.31184654938481965	5.13259379418313E-4	1.8237353737793986	115.25893	115.25893	163.0
166.0		0.20160520125274137	5.132590522613064E-4	1.803011788775457	117.38026	117.38026	166.0
169.0		0.12524243400656848	5.132590137556362E-4	1.6315908574438263	119.50159000000001	119.50159000000001	169.0
172.0		0.07549906187809678	5.132590096575759E-4	1.3520494749894096	121.62292000000001	121.62292000000001	172.0
175.0		0.04497030901920998	5.132590092631351E-4	1.0270721697224559	123.74425000000001	123.74425000000001	175.0
178.0		0.027293228681209654	5.132590092287959E-4	0.7168011495811426	125.86558000000001	125.86558000000001	178.0
181.0		0.017625828042075724	5.132590092260915E-4	0.46173783848878547	127.98691000000001	127.98691000000001	181.0
184.0		0.012628039642280358	5.132590092258989E-4	0.27723944158985814	130.10824	130.10824	184.0
187.0		0.010183971648247017	5.132590092258864E-4	0.15842026066185588	132.22957	132.22957	187.0
190.0		0.009052719941249359	5.132590092258856E-4	0.0898057893597998	134.3509	134.3509	190.0
193.0		0.008556908288516588	5.132590092258856E-4	0.05411251538375533	136.47223	136.47223	193.0
196.0		0.008351056969643347	5.132590092258856E-4	0.037333120709748056	138.59356	138.59356	196.0
199.0		0.008270070634499603	5.132590092258856E-4	0.030188614729676908	140.71489	140.71489	199.0
202.0		0.008239870303927787	5.132590092258856E-4	0.027428641548264212	142.83622	142.83622	202.0
205.0		0.008229193110561781	5.132590092258856E-4	0.02646007323818554	144.95755	144.95755	205.0
208.0		0.008225613485336873	5.132590092258856E-4	0.026150986043467467	147.07888	147.07888	208.0
211.0		0.008224475252750552	5.132590092258856E-4	0.02606122246289208	149.20021	149.20021	211.0
214.0		0.008224131927513404	5.132590092258856E-4	0.026037483370979036	151.32154	151.32154	214.0
217.0		0.008224033679951122	5.132590092258856E-4	0.026031763337412903	153.44287	153.44287	217.0
220.0		0.008224007003237369	5.132590092258856E-4	0.02603050704650734	155.5642	155.5642	220.0
223.0		0.008224000129631974	5.132590092258856E-4	0.026030255455626393	157.68553	157.68553	223.0
226.0		0.008223998448813805	5.132590092258856E-4	0.026030209499437216	159.80686	159.80686	226.0
229.0		0.008223998058711515	5.132590092258856E-4	0.02603020184084053	161.92819	161.92819	229.0
232.0		0.008223997972772209	5.132590092258856E-4	0.026030200676162147	164.04952	164.04952	232.0
235.0		0.008223997954800418	5.132590092258856E-4	0.02603020051450432	166.17085	166.17085	235.0
238.0		0.008223997951232583	5.132590092258856E-4	0.026030200494021362	168.29218	168.29218	238.0
241.0		0.008223997950560136	5.132590092258856E-4	0.02603020049165187	170.41351	170.41351	241.0
244.0		0.008223997950439807	5.132590092258856E-4	0.02603020049140158	172.53484	172.53484	244.0
247.0		0.008223997950419363	5.132590092258856E-4	0.026030200491377435	174.65617	174.65617	247.0
250.0		0.008223997950416064	5.132590092258856E-4	0.02603020049137531	176.7775	176.7775	250.0
253.0		0.008223997950415559	5.132590092258856E-4	0.02603020049137514	178.89883	178.89883	253.0
256.0		0.008223997950415486	5.132590092258856E-4	0.026030200491375124	181.02016	181.02016	256.0
259.0		0.008223997950415476	5.132590092258856E-4	0.026030200491375124	183.14149	183.14149	259.0
262.0		0.008223997950415474	5.132590092258856E-4	0.026030200491375124	185.26282	185.26282	262.0
265.0		0.008223997950415474	5.132590092258856E-4	0.026030200491375124	187.38415	187.38415	265.0
268.0		0.008223997950415474	5.132590092258856E-4	0.026030200491375124	189.50548	189.50548	268.0
271.0		0.008223997950415474	5.132590092258856E-4	0.026030200491375124	191.62681	191.62681	271.0
274.0		0.008223997950415474	5.132590092258856E-4	0.026030200491375124	193.74814	193.74814	274.0
277.0		0.008223997950415474	5.132590092258856E-4	0.026030200491375124	195.86947	195.86947	277.0
280.0		0.008223997950415474	5.132590092258856E-4	0.026030200491375124	197.9908	197.9908	280.0
283.0		0.008223997950415474	5.132590092258856E-4	0.026030200491375124	200.11213	200.11213	283.0
286.0		0.008223997950415474	5.132590092258856E-4	0.026030200491375124	202.23346	202.23346	286.0
289.0		0.008223997950415474	5.132590092258856E-4	0.026030200491375124	204.35479	204.35479	289.0
292.0		0.008223997950415474	5.132590092258856E-4	0.026030200491375124	206.47612	206.47612	292.0
RTBT_Diag:WS20

Name	X Fit	X RMS	Y Fit	Y RMS	Z Fit	Z RMS
-------	-----	-----	-----	-----	-----	-----
Area	45.26381065991968	42.90778927571615	44.439933470563716	42.611357421875006	39.179531553923084	40.27596130328776
Ampl	1.1830738839295916	1.17119140625	1.4710895946155254	1.4493164062500001	2.3594122560320554	2.3474609374999997
Mean	89.9750194316844	89.98952955407019	102.23063436033392	102.13278397617637	126.66774940906623	126.7122701612132
Sigma	15.263330625090278	14.320929790372322	12.051589831459705	11.450982669893975	6.624688679658027	7.031181683219838
Offset	-0.003962582405799519	0.00146484375	0.004989621802980403	0.00546875	9.699103299650838E-4	1.46484375E-4
Slope	0.0	0.0	0.0	0.0	0.0	0.0

Position	X Raw	Y Raw	Z Raw
--------	-----	-----	-----
25.0		0.0013671875	0.00517578125	0.0	17.67775	17.67775	25.0
28.0		0.0015625	0.00576171875	2.9296875E-4	19.79908	19.79908	28.0
31.0		0.00205078125	0.0060546875	0.0	21.92041	21.92041	31.0
34.0		0.0025390625	0.0064453125	2.9296875E-4	24.04174	24.04174	34.0
37.0		0.00224609375	0.00654296875	-1.953125E-4	26.16307	26.16307	37.0
40.0		0.00244140625	0.00703125	8.7890625E-4	28.2844	28.2844	40.0
43.0		0.0025390625	0.0064453125	2.9296875E-4	30.405730000000002	30.405730000000002	43.0
46.0		0.00361328125	0.00693359375	6.8359375E-4	32.52706	32.52706	46.0
49.0		0.00234375	0.0060546875	3.90625E-4	34.64839	34.64839	49.0
52.0		0.00234375	0.0060546875	-9.765625E-5	36.76972	36.76972	52.0
55.0		0.0046875	0.00830078125	0.00107421875	38.89105	38.89105	55.0
58.0		0.00556640625	0.0080078125	0.001171875	41.01238	41.01238	58.0
61.0		0.00634765625	0.0072265625	-9.765625E-5	43.13371	43.13371	61.0
64.0		0.0099609375	0.01103515625	9.765625E-5	45.25504	45.25504	64.0
67.0		0.01572265625	0.01943359375	7.8125E-4	47.37637	47.37637	67.0
70.0		0.02822265625	0.04384765625	0.0013671875	49.4977	49.4977	70.0
73.0		0.0408203125	0.07763671875	7.8125E-4	51.61903	51.61903	73.0
76.0		0.05869140625	0.12744140625	0.00146484375	53.74036	53.74036	76.0
79.0		0.0787109375	0.184765625	0.0015625	55.86169	55.86169	79.0
82.0		0.10224609375	0.27861328125	0.0025390625	57.98302	57.98302	82.0
85.0		0.1283203125	0.462109375	0.0025390625	60.104350000000004	60.104350000000004	85.0
88.0		0.16298828125	0.741796875	0.00283203125	62.225680000000004	62.225680000000004	88.0
91.0		0.21455078125	1.00263671875	0.00400390625	64.34701	64.34701	91.0
94.0		0.28896484375	1.19287109375	0.0033203125	66.46834	66.46834	94.0
97.0		0.391796875	1.35	0.00546875	68.58967	68.58967	97.0
100.0		0.503515625	1.434765625	0.0046875	70.711	70.711	100.0
103.0		0.62470703125	1.46025390625	0.00556640625	72.83233	72.83233	103.0
106.0		0.743359375	1.4044921875	0.0052734375	74.95366	74.95366	106.0
109.0		0.84951171875	1.28583984375	0.00439453125	77.07499	77.07499	109.0
112.0		0.9482421875	1.09443359375	0.0056640625	79.19632	79.19632	112.0
115.0		1.01796875	0.85830078125	0.0048828125	81.31765	81.31765	115.0
118.0		1.07509765625	0.56865234375	0.005078125	83.43898	83.43898	118.0
121.0		1.11982421875	0.3466796875	0.004296875	85.56031	85.56031	121.0
124.0		1.15703125	0.22099609375	0.00478515625	87.68164	87.68164	124.0
127.0		1.17412109375	0.14580078125	0.0046875	89.80297	89.80297	127.0
130.0		1.1646484375	0.0935546875	0.00478515625	91.9243	91.9243	130.0
133.0		1.12666015625	0.05224609375	0.00380859375	94.04563	94.04563	133.0
136.0		1.0810546875	0.02802734375	0.0052734375	96.16696	96.16696	136.0
139.0		1.00791015625	0.012890625	0.00380859375	98.28829	98.28829	139.0
142.0		0.94189453125	0.01015625	0.00654296875	100.40962	100.40962	142.0
145.0		0.85869140625	0.0083984375	0.0087890625	102.53095	102.53095	145.0
148.0		0.7525390625	0.00791015625	0.015625	104.65228	104.65228	148.0
151.0		0.6552734375	0.0080078125	0.0365234375	106.77361	106.77361	151.0
154.0		0.546875	0.0064453125	0.0919921875	108.89494	108.89494	154.0
157.0		0.44052734375	0.0076171875	0.2203125	111.01627	111.01627	157.0
160.0		0.32509765625	0.00732421875	0.417578125	113.1376	113.1376	160.0
163.0		0.23291015625	0.00712890625	0.6294921875	115.25893	115.25893	163.0
166.0		0.16953125	0.00810546875	0.85849609375	117.38026	117.38026	166.0
169.0		0.1267578125	0.0080078125	1.27451171875	119.50159000000001	119.50159000000001	169.0
172.0		0.0953125	0.0083984375	1.783984375	121.62292000000001	121.62292000000001	172.0
175.0		0.07392578125	0.00849609375	2.1423828125	123.74425000000001	123.74425000000001	175.0
178.0		0.055859375	0.00849609375	2.34775390625	125.86558000000001	125.86558000000001	178.0
181.0		0.0404296875	0.0091796875	2.3458984375	127.98691000000001	127.98691000000001	181.0
184.0		0.02783203125	0.0095703125	2.06953125	130.10824	130.10824	184.0
187.0		0.0193359375	0.0083984375	1.65322265625	132.22957	132.22957	187.0
190.0		0.01123046875	0.006640625	1.19560546875	134.3509	134.3509	190.0
193.0		0.0072265625	0.00576171875	0.82607421875	136.47223	136.47223	193.0
196.0		0.00576171875	0.0060546875	0.60830078125	138.59356	138.59356	196.0
199.0		0.004296875	0.00537109375	0.39375	140.71489	140.71489	199.0
202.0		0.00390625	0.00498046875	0.19208984375	142.83622	142.83622	202.0
205.0		0.0025390625	0.005078125	0.06630859375	144.95755	144.95755	205.0
208.0		0.00283203125	0.00498046875	0.02451171875	147.07888	147.07888	208.0
211.0		0.00185546875	0.00537109375	0.011328125	149.20021	149.20021	211.0
214.0		0.00166015625	0.0046875	0.00595703125	151.32154	151.32154	214.0
217.0		0.0015625	0.0044921875	0.00439453125	153.44287	153.44287	217.0
220.0		0.00302734375	0.0052734375	0.00537109375	155.5642	155.5642	220.0
223.0		0.0025390625	0.00537109375	0.00498046875	157.68553	157.68553	223.0
226.0		3.90625E-4	0.00419921875	0.00244140625	159.80686	159.80686	226.0
229.0		0.00244140625	0.00498046875	0.00400390625	161.92819	161.92819	229.0
232.0		0.00205078125	0.00478515625	0.0037109375	164.04952	164.04952	232.0
235.0		0.0017578125	0.004296875	0.0029296875	166.17085	166.17085	235.0
238.0		0.00263671875	0.00537109375	0.00380859375	168.29218	168.29218	238.0
241.0		0.00234375	0.0044921875	0.002734375	170.41351	170.41351	241.0
244.0		0.00224609375	0.00546875	0.00380859375	172.53484	172.53484	244.0
247.0		0.0017578125	0.005078125	0.00302734375	174.65617	174.65617	247.0
250.0		0.0015625	0.0046875	0.0029296875	176.7775	176.7775	250.0
253.0		0.0013671875	0.0046875	0.0025390625	178.89883	178.89883	253.0
256.0		0.00166015625	0.00517578125	0.00341796875	181.02016	181.02016	256.0
259.0		0.001171875	0.00546875	0.0033203125	183.14149	183.14149	259.0
262.0		0.00146484375	0.005078125	0.00361328125	185.26282	185.26282	262.0
265.0		0.00166015625	0.00537109375	0.0033203125	187.38415	187.38415	265.0
268.0		7.8125E-4	0.004296875	0.00185546875	189.50548	189.50548	268.0
271.0		0.00166015625	0.005078125	0.0021484375	191.62681	191.62681	271.0
274.0		0.0013671875	0.0048828125	0.00224609375	193.74814	193.74814	274.0
277.0		0.0013671875	0.0048828125	0.0021484375	195.86947	195.86947	277.0
280.0		0.00126953125	0.005078125	0.0021484375	197.9908	197.9908	280.0
283.0		0.001171875	0.0046875	0.00166015625	200.11213	200.11213	283.0
286.0		0.0015625	0.00498046875	0.0029296875	202.23346	202.23346	286.0
289.0		6.8359375E-4	0.00478515625	0.001953125	204.35479	204.35479	289.0
292.0		0.0017578125	0.00537109375	0.00234375	206.47612	206.47612	292.0

Position	X Fit	Y Fit	Z Fit
--------	-----	-----	-----
25.0		-0.0038166903104615534	0.005067562411794314	8.963013303496201E-4	17.67775	17.67775	25.0
28.0		-0.0038021433053733273	0.005067569185962431	8.963013303496201E-4	19.79908	19.79908	28.0
31.0		-0.0037754356743732466	0.0050675990806948925	8.963013303496201E-4	21.92041	21.92041	31.0
34.0		-0.0037273833327049243	0.005067722908581726	8.963013303496201E-4	24.04174	24.04174	34.0
37.0		-0.0036426635509064047	0.005068204261212503	8.963013303496201E-4	26.16307	26.16307	37.0
40.0		-0.00349630529505454	0.005069959985550754	8.963013303496201E-4	28.2844	28.2844	40.0
43.0		-0.0032485746132065326	0.005075967760360709	8.963013303496201E-4	30.405730000000002	30.405730000000002	43.0
46.0		-0.0028377682320849798	0.00509524916279385	8.963013303496201E-4	32.52706	32.52706	46.0
49.0		-0.00217042372943878	0.005153274662880262	8.963013303496201E-4	34.64839	34.64839	49.0
52.0		-0.0011085455250406892	0.005316964944238689	8.963013303496201E-4	36.76972	36.76972	52.0
55.0		5.46317240553984E-4	0.005749673278379355	8.963013303496201E-4	38.89105	38.89105	55.0
58.0		0.0030718717626497093	0.006821071130083522	8.963013303496201E-4	41.01238	41.01238	58.0
61.0		0.006845826177774838	0.009304583144811768	8.963013303496201E-4	43.13371	43.13371	61.0
64.0		0.012366738644453326	0.014690623154141137	8.963013303496201E-4	45.25504	45.25504	64.0
67.0		0.02027204066631873	0.025610660563157733	8.963013303496201E-4	47.37637	47.37637	67.0
70.0		0.03134915019746189	0.04628858554034536	8.963013303496201E-4	49.4977	49.4977	70.0
73.0		0.0465345823773704	0.08281242827867698	8.963013303496201E-4	51.61903	51.61903	73.0
76.0		0.06689539233371175	0.1428915470198515	8.963013303496201E-4	53.74036	53.74036	76.0
79.0		0.09358747873025774	0.23472367982424575	8.963013303496201E-4	55.86169	55.86169	79.0
82.0		0.12778655609473744	0.3647600520978673	8.963013303496201E-4	57.98302	57.98302	82.0
85.0		0.17059018350601796	0.5345905969124876	8.963013303496201E-4	60.104350000000004	60.104350000000004	85.0
88.0		0.22289313187585455	0.7377882936206103	8.963013303496201E-4	62.225680000000004	62.225680000000004	88.0
91.0		0.2852433110557395	0.9580661076172549	8.963013303496202E-4	64.34701	64.34701	91.0
94.0		0.3576908610086477	1.1701217674477553	8.963013303496227E-4	66.46834	66.46834	94.0
97.0		0.4396479346150174	1.3438196516038166	8.963013303496651E-4	68.58967	68.58967	97.0
100.0		0.5297800700338511	1.4510210639117358	8.963013303503318E-4	70.711	70.711	100.0
103.0		0.6259507835952884	1.4730086577937913	8.963013303597781E-4	72.83233	72.83233	103.0
106.0		0.7252382891853841	1.4058254164513135	8.96301330480446E-4	74.95366	74.95366	106.0
109.0		0.824036766556571	1.261437799183219	8.963013318700485E-4	77.07499	77.07499	109.0
112.0		0.9182447690619968	1.0642538472409857	8.963013462946058E-4	79.19632	79.19632	112.0
115.0		1.0035313588296888	0.8443868308572113	8.963014812423362E-4	81.31765	81.31765	115.0
118.0		1.0756582111076058	0.6302145950363216	8.9630261889107E-4	83.43898	83.43898	118.0
121.0		1.13082541828589	0.4427280001198007	8.963112595548145E-4	85.56031	85.56031	121.0
124.0		1.1660021520049324	0.29306759848213065	8.963703728566328E-4	87.68164	87.68164	124.0
127.0		1.179202272206308	0.18320201728272933	8.967345464555304E-4	89.80297	89.80297	127.0
130.0		1.1696700369454958	0.10863028290530495	8.987542233866391E-4	91.9243	91.9243	130.0
133.0		1.1379517572385003	0.061660091732809195	9.088338559709564E-4	94.04563	94.04563	133.0
136.0		1.0858439458071942	0.03413554475642906	9.540822655204482E-4	96.16696	96.16696	136.0
139.0		1.0162248058142151	0.019101217263677896	0.0011366913907037933	98.28829	98.28829	139.0
142.0		0.9327910480765872	0.011435910482460713	0.0017987747531218725	100.40962	100.40962	142.0
145.0		0.8397335019484069	0.007783894298083493	0.003953603118315102	102.53095	102.53095	145.0
148.0		0.7413910274106771	0.006156589651583648	0.010242352922876497	104.65228	104.65228	148.0
151.0		0.6419221465882746	0.0054779498279654655	0.026677553841793666	106.77361	106.77361	151.0
154.0		0.5450280471571309	0.005212923171942491	0.06507129368078864	108.89494	108.89494	154.0
157.0		0.4537506032532601	0.0051159565982049175	0.14504595829529107	111.01627	111.01627	157.0
160.0		0.3703568590544135	0.005082705509563573	0.29307420952934404	113.1376	113.1376	160.0
163.0		0.2963092242186443	0.005072015366270802	0.5352971170329724	115.25893	115.25893	163.0
166.0		0.23231034707454473	0.0050687922479776375	0.8829049097176676	117.38026	117.38026	166.0
169.0		0.1784045569027526	0.0050678806823169385	1.314500445699558	119.50159000000001	119.50159000000001	169.0
172.0		0.1341144357985161	0.005067638797610224	1.7662924331830427	121.62292000000001	121.62292000000001	172.0
175.0		0.0985912980552414	0.005067578567229231	2.1418427576047723	123.74425000000001	123.74425000000001	175.0
178.0		0.07076136777859614	0.005067564491278218	2.343805275819268	125.86558000000001	125.86558000000001	178.0
181.0		0.04945419382513976	0.005067561403438486	2.3145108174756537	127.98691000000001	127.98691000000001	181.0
184.0		0.03350521786529955	0.005067560767522782	2.062535009306281	130.10824	130.10824	184.0
187.0		0.021829471847454995	0.005067560644564129	1.6586503354021818	132.22957	132.22957	187.0
190.0		0.013467471927670345	0.005067560622239966	1.2037521987262785	134.3509	134.3509	190.0
193.0		0.007607174279338041	0.005067560618433822	0.7884734102685973	136.47223	136.47223	193.0
196.0		0.003587337803724	0.005067560617824393	0.4662236118117457	138.59356	138.59356	196.0
199.0		8.879888946431999E-4	0.0050675606177327465	0.24898671008021137	140.71489	140.71489	199.0
202.0		-8.867886705394637E-4	0.005067560617719801	0.12025316036019143	142.83622	142.83622	202.0
205.0		-0.0020294742169702294	0.005067560617718084	0.05271312206090747	144.95755	144.95755	205.0
208.0		-0.00275002350438745	0.0050675606177178695	0.021195557253761897	147.07888	147.07888	208.0
211.0		-0.003195069389474701	0.005067560617717845	0.008072185991994356	149.20021	149.20021	211.0
214.0		-0.003464343520197013	0.005067560617717842	0.003185359108979878	151.32154	151.32154	214.0
217.0		-0.0036239583347129982	0.005067560617717842	0.0015552081990656995	153.44287	153.44287	217.0
220.0		-0.0037166576336097167	0.005067560617717842	0.0010674514824161679	155.5642	155.5642	220.0
223.0		-0.0037694093822347482	0.005067560617717842	9.36417228356479E-4	157.68553	157.68553	223.0
226.0		-0.003798825397820508	0.005067560617717842	9.047861325460216E-4	159.80686	159.80686	226.0
229.0		-0.0038149001446995037	0.005067560617717842	8.979207257467962E-4	161.92819	161.92819	229.0
232.0		-0.0038235089347198104	0.005067560617717842	8.965802313381037E-4	164.04952	164.04952	232.0
235.0		-0.003828027494509974	0.005067560617717842	8.963446747681351E-4	166.17085	166.17085	235.0
238.0		-0.0038303520413746845	0.005067560617717842	8.963074089316698E-4	168.29218	168.29218	238.0
241.0		-0.003831524171104901	0.005067560617717842	8.963020995816511E-4	170.41351	170.41351	241.0
244.0		-0.0038321035056442018	0.005067560617717842	8.963014181908507E-4	172.53484	172.53484	244.0
247.0		-0.0038323841882211577	0.005067560617717842	8.963013394012218E-4	174.65617	174.65617	247.0
250.0		-0.003832517493857696	0.005067560617717842	8.963013311912836E-4	176.7775	176.7775	250.0
253.0		-0.003832579558212248	0.005067560617717842	8.963013304202417E-4	178.89883	178.89883	253.0
256.0		-0.003832607885781852	0.005067560617717842	8.963013303549673E-4	181.02016	181.02016	256.0
259.0		-0.003832620561177121	0.005067560617717842	8.963013303499855E-4	183.14149	183.14149	259.0
262.0		-0.0038326261216254077	0.005067560617717842	8.963013303496427E-4	185.26282	185.26282	262.0
265.0		-0.003832628513092671	0.005067560617717842	8.963013303496214E-4	187.38415	187.38415	265.0
268.0		-0.003832629521497654	0.005067560617717842	8.963013303496202E-4	189.50548	189.50548	268.0
271.0		-0.003832629938396209	0.005067560617717842	8.963013303496201E-4	191.62681	191.62681	271.0
274.0		-0.0038326301073854496	0.005067560617717842	8.963013303496201E-4	193.74814	193.74814	274.0
277.0		-0.0038326301745482587	0.005067560617717842	8.963013303496201E-4	195.86947	195.86947	277.0
280.0		-0.003832630200720878	0.005067560617717842	8.963013303496201E-4	197.9908	197.9908	280.0
283.0		-0.003832630210721362	0.005067560617717842	8.963013303496201E-4	200.11213	200.11213	283.0
286.0		-0.003832630214468131	0.005067560617717842	8.963013303496201E-4	202.23346	202.23346	286.0
289.0		-0.0038326302158445827	0.005067560617717842	8.963013303496201E-4	204.35479	204.35479	289.0
292.0		-0.00383263021634042	0.005067560617717842	8.963013303496201E-4	206.47612	206.47612	292.0

PVLoggerID = 49548061