node_id M11 M12 M13 M14 M21 M22 M23 M34 M31 M32 M33 M34 M41 M42 M43 M44
Begin_Of_RTBT1 -1.0564355243 -8.78262704204 0.0 0.0 0.0400543207787 -0.613589589014 0.0 0.0 0.0 0.0 -0.926438291186 -6.17740734581 0.0 0.0 0.0577282973657 -0.694475603948
Ring_Mag:EKick01 -1.0564355243 -8.33575481526 0.0 0.0 0.0400543207787 -0.630532566704 0.0 0.0 0.0 0.0 -0.926438291186 -5.78552394864 0.0 0.0 0.0577282973657 -0.718894673733
Ring_Mag:EKick02 -1.0564355243 -7.85613308723 0.0 0.0 0.0400543207787 -0.648717228337 0.0 0.0 0.0 0.0 -0.926438291186 -5.36492096444 0.0 0.0 0.0577282973657 -0.745103320738
Ring_Mag:EKick03 -1.0564355243 -7.34904403556 0.0 0.0 0.0400543207787 -0.667943302311 0.0 0.0 0.0 0.0 -0.926438291186 -4.92023058467 0.0 0.0 0.0577282973657 -0.772812903473
Ring_Mag:EKick04 -1.0564355243 -6.78596390111 0.0 0.0 0.0400543207787 -0.689292255286 0.0 0.0 0.0 0.0 -0.926438291186 -4.42643897547 0.0 0.0 0.0577282973657 -0.803582085969
Ring_Mag:EKick05 -1.0564355243 -6.16794911939 0.0 0.0 0.0400543207787 -0.712724032942 0.0 0.0 0.0 0.0 -0.926438291186 -3.88447257513 0.0 0.0 0.0577282973657 -0.837353139928
Ring_Mag:EKick06 -1.0564355243 -5.54993433767 0.0 0.0 0.0400543207787 -0.736155810597 0.0 0.0 0.0 0.0 -0.926438291186 -3.34250617479 0.0 0.0 0.0577282973657 -0.871124193887
Ring_Mag:EKick07 -1.0564355243 -4.93191955595 0.0 0.0 0.0400543207787 -0.759587588253 0.0 0.0 0.0 0.0 -0.926438291186 -2.80053977444 0.0 0.0 0.0577282973657 -0.904895247846
Ring_Mag:QTH_C10 -1.88941071988 -3.3570871426 0.0 0.0 -0.142796201294 -0.782984491307 0.0 0.0 0.0 0.0 -0.530804595082 -1.61334688397 0.0 0.0 0.283972652933 -1.02081558878
Ring_Mag:QTV_C11 -2.34322649334 -0.860189913505 0.0 0.0 -0.208504125636 -0.50330309475 0.0 0.0 0.0 0.0 -0.450940705861 -1.3366987025 0.0 0.0 0.246748018052 -1.48616488978
Ring_Mag:EKick08 -2.23336830692 1.26901114382 0.0 0.0 -0.113381254197 -0.383330381411 0.0 0.0 0.0 0.0 -0.701739316989 -0.704188946098 0.0 0.0 -0.0517689698462 -1.47698028488
Ring_Mag:EKick09 -2.23336830692 2.40579561205 0.0 0.0 -0.113381254197 -0.325619323025 0.0 0.0 0.0 0.0 -0.701739316989 -0.34700363375 0.0 0.0 -0.0517689698462 -1.45062987923
Ring_Mag:EKick10 -2.23336830692 3.54481344858 0.0 0.0 -0.113381254197 -0.267794883384 0.0 0.0 0.0 0.0 -0.701739316989 0.0108834179142 0.0 0.0 -0.0517689698462 -1.4242277046
Ring_Mag:EKick11 -2.23336830692 4.67489781188 0.0 0.0 -0.113381254197 -0.21042396876 0.0 0.0 0.0 0.0 -0.701739316989 0.365963512311 0.0 0.0 -0.0517689698462 -1.39803260586
Ring_Mag:EKick12 -2.23336830692 5.76768492446 0.0 0.0 -0.113381254197 -0.154946521082 0.0 0.0 0.0 0.0 -0.701739316989 0.709324560113 0.0 0.0 -0.0517689698462 -1.37270204892
Ring_Mag:EKick13 -2.23336830692 6.8158046709 0.0 0.0 -0.113381254197 -0.101736698487 0.0 0.0 0.0 0.0 -0.701739316989 1.03865082158 0.0 0.0 -0.0517689698462 -1.34840687137
Ring_Mag:EKick14 -2.23336830692 7.86794448029 0.0 0.0 -0.113381254197 -0.0483227896352 0.0 0.0 0.0 0.0 -0.701739316989 1.36924021381 0.0 0.0 -0.0517689698462 -1.32401850967
RTBT_Mag:ExSptm -2.23336830692 21.9656821448 0.0 0.0 -0.113381254197 0.667376082238 0.0 0.0 0.0 0.0 -0.701739316989 5.79884404097 0.0 0.0 -0.0517689698462 -0.997236154165
RTBT_POST_SEPTUM -2.29307435884 29.32969059 0.0 0.0 -0.117220082938 1.06321400093 0.0 0.0 0.0 0.0 -0.420037308133 8.07835865676 0.0 0.0 -0.0842226458216 -0.760930645548
RTBT_Mag:QV01 -7.97713601904 36.0334199423 0.0 0.0 -0.33690981528 1.39649278013 0.0 0.0 0.0 0.0 1.03989442988 8.97364747013 0.0 0.0 -0.172902732431 -0.530407848732
RTBT_Diag:BLM02 -10.3453183275 45.6155895598 0.0 0.0 -0.427698870721 1.78918961757 0.0 0.0 0.0 0.0 1.84481369648 7.33650215966 0.0 0.0 -0.224296918943 -0.349929551942
RTBT_Mag:QH02 -10.3453183275 45.6155895598 0.0 0.0 -0.427698870721 1.78918961757 0.0 0.0 0.0 0.0 1.84481369648 7.33650215966 0.0 0.0 -0.224296918943 -0.349929551942
RTBT_Diag:WS02 4.7555393734 30.7564840328 0.0 0.0 0.166465526555 1.28689804225 0.0 0.0 0.0 0.0 -0.416733380871 8.394261299 0.0 0.0 -0.1283315448 0.185366768061
RTBT_Diag:BCM02 4.7555393734 27.5845392708 0.0 0.0 0.166465526555 1.17586553604 0.0 0.0 0.0 0.0 -0.416733380871 8.67222246405 0.0 0.0 -0.1283315448 0.270963908443
RTBT_Diag:BLM03 4.07874500449 23.5497659064 0.0 0.0 0.13675744636 1.0347805129 0.0 0.0 0.0 0.0 -0.158838736021 9.02083365389 0.0 0.0 -0.117546124738 0.380033481936
RTBT_Mag:QV03 4.07874500449 23.5497659064 0.0 0.0 0.13675744636 1.0347805129 0.0 0.0 0.0 0.0 -0.158838736021 9.02083365389 0.0 0.0 -0.117546124738 0.380033481936
RTBT_Diag:BLM04 -0.93723499541 29.3903839933 0.0 0.0 -0.0807126549555 1.46406816752 0.0 0.0 0.0 0.0 2.08514171795 1.31522627515 0.0 0.0 -0.0293649347201 0.46106145113
RTBT_Mag:QH04 -0.93723499541 29.3903839933 0.0 0.0 -0.0807126549555 1.46406816752 0.0 0.0 0.0 0.0 2.08514171795 1.31522627515 0.0 0.0 -0.0293649347201 0.46106145113
RTBT_Diag:BLM05 7.15636485745 3.06960751216 0.0 0.0 0.319408446884 0.276740860402 0.0 0.0 0.0 0.0 1.59331113857 -5.82193359101 0.0 0.0 -0.120010594612 1.06614061179
RTBT_Mag:QV05 7.15636485745 3.06960751216 0.0 0.0 0.319408446884 0.276740860402 0.0 0.0 0.0 0.0 1.59331113857 -5.82193359101 0.0 0.0 -0.120010594612 1.06614061179
RTBT_Mag:DCV05 6.57489089521 -1.99178522756 0.0 0.0 0.238631598351 0.0798031657011 0.0 0.0 0.0 0.0 -0.69863763501 -5.81202185041 0.0 0.0 0.285174045223 0.941028294299
RTBT_Diag:BLM06 5.60162139995 -22.3778507929 0.0 0.0 0.209963992884 -0.660262920426 0.0 0.0 0.0 0.0 -0.53830386515 -3.64726480527 0.0 0.0 0.282419249104 0.0558379560931
RTBT_Mag:QH06 5.60162139995 -22.3778507929 0.0 0.0 0.209963992884 -0.660262920426 0.0 0.0 0.0 0.0 -0.53830386515 -3.64726480527 0.0 0.0 0.282419249104 0.0558379560931
RTBT_Mag:DCH06 -3.44724055945 -21.8132510527 0.0 0.0 -0.060928202077 -0.675625076909 0.0 0.0 0.0 0.0 0.893287917544 -3.99978180254 0.0 0.0 0.285172038681 -0.157425090103
RTBT_Diag:BLM07 -2.9724136913 -11.1239294559 0.0 0.0 -0.0402356174326 -0.487004273387 0.0 0.0 0.0 0.0 0.607256630986 -6.76565882355 0.0 0.0 0.24129357694 -1.04158602083
RTBT_Mag:QV07 -2.9724136913 -11.1239294559 0.0 0.0 -0.0402356174326 -0.487004273387 0.0 0.0 0.0 0.0 0.607256630986 -6.76565882355 0.0 0.0 0.24129357694 -1.04158602083
RTBT_Diag:BPM07 1.13483263081 -10.8363539436 0.0 0.0 0.147406270878 -0.526374117663 0.0 0.0 0.0 0.0 -1.95189477293 -6.25220109147 0.0 0.0 -0.165198853117 -1.04147850487
RTBT_Mag:DCV07 1.13483263081 -11.0641307403 0.0 0.0 0.147406270878 -0.555960619917 0.0 0.0 0.0 0.0 -1.95189477293 -5.86042848402 0.0 0.0 -0.165198853117 -1.00832078226
RTBT_Diag:BLM08 0.497366694532 -14.5710465889 0.0 0.0 0.10318803612 -1.01244753069 0.0 0.0 0.0 0.0 -1.95846770957 0.198957618465 0.0 0.0 -0.143306117422 -0.496045021024
RTBT_Mag:QH08 0.497366694532 -14.5710465889 0.0 0.0 0.10318803612 -1.01244753069 0.0 0.0 0.0 0.0 -1.95846770957 0.198957618465 0.0 0.0 -0.143306117422 -0.496045021024
RTBT_Diag:BPM08 -5.12195659632 -12.9729505461 0.0 0.0 -0.293260208687 -0.938010717993 0.0 0.0 0.0 0.0 -2.21553851766 1.35887125392 0.0 0.0 0.0451775562843 -0.479066589951
RTBT_Mag:DCH08 -5.12195659632 -11.9449021499 0.0 0.0 -0.293260208687 -0.879149288467 0.0 0.0 0.0 0.0 -2.21553851766 1.80356085195 0.0 0.0 0.0451775562843 -0.488134357983
RTBT_Diag:BLM09 -5.28420971309 3.95912640185 0.0 0.0 -0.294272698429 0.0312369907059 0.0 0.0 0.0 0.0 -1.85009140075 8.67210782934 0.0 0.0 0.0186031929463 -0.627714336022
RTBT_Mag:QV09 -5.28420971309 3.95912640185 0.0 0.0 -0.294272698429 0.0312369907059 0.0 0.0 0.0 0.0 -1.85009140075 8.67210782934 0.0 0.0 0.0186031929463 -0.627714336022
RTBT_Diag:BPM09 -7.29795446135 7.52242637953 0.0 0.0 -0.332149857653 0.205341491113 0.0 0.0 0.0 0.0 1.52044115474 8.5864959206 0.0 0.0 -0.215610878249 -0.559930862087
RTBT_Diag:BLM10 -5.92091496265 31.6078001938 0.0 0.0 -0.275474798054 1.30168266627 0.0 0.0 0.0 0.0 1.36277265929 3.56539276459 0.0 0.0 -0.222061889058 0.152822369925
RTBT_Mag:QH10 -5.92091496265 31.6078001938 0.0 0.0 -0.275474798054 1.30168266627 0.0 0.0 0.0 0.0 1.36277265929 3.56539276459 0.0 0.0 -0.222061889058 0.152822369925
RTBT_Diag:BPM10 6.68768862292 30.7251230171 0.0 0.0 0.246540892643 1.28220671426 0.0 0.0 0.0 0.0 0.0384315745785 3.25063373983 0.0 0.0 -0.30406594656 0.301652354989
RTBT_Diag:BLM11 6.315158188 8.63168275361 0.0 0.0 0.226470072122 0.467892921727 0.0 0.0 0.0 0.0 0.170768370365 3.12030804248 0.0 0.0 -0.249049181317 1.30521733086
RTBT_Mag:QV11 6.315158188 8.63168275361 0.0 0.0 0.226470072122 0.467892921727 0.0 0.0 0.0 0.0 0.170768370365 3.12030804248 0.0 0.0 -0.249049181317 1.30521733086
RTBT_Mag:DCV11 3.47842634397 5.39291784295 0.0 0.0 0.06261827488 0.384569077972 0.0 0.0 0.0 0.0 1.31241233397 2.37946438276 0.0 0.0 0.255602842312 1.22537545388
RTBT_Diag:BCM11 3.47842634397 -0.170080711001 0.0 0.0 0.06261827488 0.284424547612 0.0 0.0 0.0 0.0 1.31241233397 0.28054171082 0.0 0.0 0.255602842312 0.81659340661
RTBT_Diag:BLM12 3.30974199303 -5.4009176876 0.0 0.0 0.0687002817626 0.190031559684 0.0 0.0 0.0 0.0 1.36515084474 -1.69594846693 0.0 0.0 0.241693189892 0.432260513488
RTBT_Mag:QH12 3.30974199303 -5.4009176876 0.0 0.0 0.0687002817626 0.190031559684 0.0 0.0 0.0 0.0 1.36515084474 -1.69594846693 0.0 0.0 0.241693189892 0.432260513488
RTBT_Mag:DCV13 1.58999310623 -13.5009289713 0.0 0.0 0.117440989325 -0.368279870465 0.0 0.0 0.0 0.0 1.94850364566 -10.9943620155 0.0 0.0 0.131299233621 -0.227636888321
RTBT_Diag:BPM13 1.58999310623 -13.8200628476 0.0 0.0 0.117440989325 -0.391851921197 0.0 0.0 0.0 0.0 1.94850364566 -11.3854539762 0.0 0.0 0.131299233621 -0.253990482698
RTBT_Diag:BLM13 1.97915207429 -14.0775024377 0.0 0.0 0.128737696346 -0.410430933879 0.0 0.0 0.0 0.0 1.62573251165 -11.6809718935 0.0 0.0 0.123780184196 -0.274259664106
RTBT_Mag:QV13 1.97915207429 -14.0775024377 0.0 0.0 0.128737696346 -0.410430933879 0.0 0.0 0.0 0.0 1.62573251165 -11.6809718935 0.0 0.0 0.123780184196 -0.274259664106
RTBT_Diag:BLM_Mov01 5.67147964227 -18.3209587518 0.0 0.0 0.240414946539 -0.600307597592 0.0 0.0 0.0 0.0 -1.32620037789 -11.1555273251 0.0 0.0 0.0497079252958 -0.335908425694
Begin_Of_RTBT2 5.67147964227 -20.0365700006 0.0 0.0 0.240414946539 -0.67303263809 0.0 0.0 0.0 0.0 -1.32620037789 -10.7543543632 0.0 0.0 0.0497079252958 -0.35094497368
RTBT_Mag:DH13 5.67147964227 -21.4476341356 0.0 0.0 0.240414946539 -0.732847876789 0.0 0.0 0.0 0.0 -1.32620037789 -10.4243957091 0.0 0.0 0.0497079252958 -0.363312305493
RTBT_Diag:BLM14 3.80869365961 -38.7131599793 0.0 0.0 0.171330388825 -1.47891672455 0.0 0.0 0.0 0.0 -1.19986756146 -5.87733042323 0.0 0.0 0.0610983990445 -0.534146051673
RTBT_Mag:QH14 3.80869365961 -38.7131599793 0.0 0.0 0.171330388825 -1.47891672455 0.0 0.0 0.0 0.0 -1.19986756146 -5.87733042323 0.0 0.0 0.0610983990445 -0.534146051673
RTBT_Mag:DCH14 -3.69784925745 -37.6048389522 0.0 0.0 -0.116544298356 -1.45561086884 0.0 0.0 0.0 0.0 -0.10478057807 -5.55376804256 0.0 0.0 0.168042916647 -0.636841492709
RTBT_Diag:BCM14 -3.69784925745 -31.8768704525 0.0 0.0 -0.116544298356 -1.27508375069 0.0 0.0 0.0 0.0 -0.10478057807 -5.39146292713 0.0 0.0 0.168042916647 -0.897139970596
RTBT_Diag:BLM15 -3.19996047074 -24.1442389363 0.0 0.0 -0.0952942605932 -1.03151505376 0.0 0.0 0.0 0.0 -0.211099882484 -5.16934281443 0.0 0.0 0.142464771863 -1.24846471804
RTBT_Mag:QV15 -3.19996047074 -24.1442389363 0.0 0.0 -0.0952942605932 -1.03151505376 0.0 0.0 0.0 0.0 -0.211099882484 -5.16934281443 0.0 0.0 0.142464771863 -1.24846471804
RTBT_Diag:BPM15 1.19358854661 -23.8221920283 0.0 0.0 0.0941469869845 -1.04121944397 0.0 0.0 0.0 0.0 -1.14523096129 -4.74086861714 0.0 0.0 -0.0911346053599 -1.25045273738
RTBT_Mag:DCV15 1.19358854661 -24.0617619598 0.0 0.0 0.0941469869845 -1.06011606232 0.0 0.0 0.0 0.0 -1.14523096129 -4.51100472998 0.0 0.0 -0.0911346053599 -1.2321607462
RTBT_Diag:BLM16 0.656122344358 -30.0576722982 0.0 0.0 0.0667423220034 -1.53343176292 0.0 0.0 0.0 0.0 -1.1671760897 1.25541787608 0.0 0.0 -0.0772541693866 -0.773673949216
RTBT_Mag:QH16 0.656122344358 -30.0576722982 0.0 0.0 0.0667423220034 -1.53343176292 0.0 0.0 0.0 0.0 -1.1671760897 1.25541787608 0.0 0.0 -0.0772541693866 -0.773673949216
RTBT_Diag:BLM_Mov02 -3.62434736756 -29.4611783275 0.0 0.0 -0.15257943907 -1.51618195119 0.0 0.0 0.0 0.0 -1.3821832944 1.76287068553 0.0 0.0 0.0323339195866 -0.764732523733
RTBT_Diag:BPM16 -4.14981403176 -28.8277594762 0.0 0.0 -0.179637093382 -1.48887031412 0.0 0.0 0.0 0.0 -1.41435044838 1.9824170945 0.0 0.0 0.0460342413144 -0.771562004428
RTBT_Mag:DCH16 -4.14981403176 -27.9948337027 0.0 0.0 -0.179637093382 -1.45281463456 0.0 0.0 0.0 0.0 -1.41435044838 2.26629703039 0.0 0.0 0.0460342413144 -0.78080172114
RTBT_Diag:BLM17 -3.99183832092 -7.1057910753 0.0 0.0 -0.167515493895 -0.548702108002 0.0 0.0 0.0 0.0 -1.20939672475 9.38198958041 0.0 0.0 0.0238679054121 -1.01201567264
RTBT_Mag:QV17 -3.99183832092 -7.1057910753 0.0 0.0 -0.167515493895 -0.548702108002 0.0 0.0 0.0 0.0 -1.20939672475 9.38198958041 0.0 0.0 0.0238679054121 -1.01201567264
RTBT_Diag:BPM17 -2.74767384917 -5.3098165354 0.0 0.0 -0.0651492429744 -0.489843628283 0.0 0.0 0.0 0.0 0.66751151114 9.43420111419 0.0 0.0 -0.173893964168 -0.95960986412
RTBT_Mag:DCV17 -2.74767384917 -4.75831992644 0.0 0.0 -0.0651492429744 -0.476767263129 0.0 0.0 0.0 0.0 0.66751151114 9.30022220874 0.0 0.0 -0.173893964168 -0.924706910996
RTBT_Diag:BPM18 -2.74767384917 8.64726754883 0.0 0.0 -0.0651492429744 -0.15891153367 0.0 0.0 0.0 0.0 0.66751151114 6.04350964221 0.0 0.0 -0.173893964168 -0.0762980837328
RTBT_Diag:BLM18 -2.53255571269 9.06999032225 0.0 0.0 -0.0687412013721 -0.148671149436 0.0 0.0 0.0 0.0 0.525195089484 5.94307222694 0.0 0.0 -0.172614373697 -0.0492382560411
RTBT_Mag:QH18 -2.53255571269 9.06999032225 0.0 0.0 -0.0687412013721 -0.148671149436 0.0 0.0 0.0 0.0 0.525195089484 5.94307222694 0.0 0.0 -0.172614373697 -0.0492382560411
RTBT_Diag:BLM19a -0.790735978666 12.3928190764 0.0 0.0 -0.106640145121 0.406674330541 0.0 0.0 0.0 0.0 -0.507315707766 9.98016308064 0.0 0.0 -0.14778825097 0.936203706703
RTBT_Mag:QV19 -0.790735978666 12.3928190764 0.0 0.0 -0.106640145121 0.406674330541 0.0 0.0 0.0 0.0 -0.507315707766 9.98016308064 0.0 0.0 -0.14778825097 0.936203706703
RTBT_Diag:BPM19 -3.5637354503 13.7417203171 0.0 0.0 -0.201610170735 0.496801910246 0.0 0.0 0.0 0.0 1.64851569422 9.54686940462 0.0 0.0 0.059296629445 0.950004408775
RTBT_Mag:DCV19 -3.5637354503 14.4570119143 0.0 0.0 -0.201610170735 0.537267894055 0.0 0.0 0.0 0.0 1.64851569422 9.21598922557 0.0 0.0 0.059296629445 0.938102745092
RTBT_Diag:BLM19b -3.5637354503 23.1649495948 0.0 0.0 -0.201610170735 1.0298995237 0.0 0.0 0.0 0.0 1.64851569422 5.18786420596 0.0 0.0 0.059296629445 0.793212261196
RTBT_Diag:BLM20 -2.79202810024 32.3800240277 0.0 0.0 -0.164654639512 1.55138882137 0.0 0.0 0.0 0.0 1.62563861485 0.916810412652 0.0 0.0 0.043979602652 0.639946017615
RTBT_Mag:QH20 -2.79202810024 32.3800240277 0.0 0.0 -0.164654639512 1.55138882137 0.0 0.0 0.0 0.0 1.62563861485 0.916810412652 0.0 0.0 0.043979602652 0.639946017615
RTBT_Mag:DCH20 4.19199218368 30.7775633611 0.0 0.0 0.171445098375 1.49729820647 0.0 0.0 0.0 0.0 1.5046059175 -0.243053290475 0.0 0.0 -0.0936944962809 0.679761221011
RTBT_Diag:WS20 4.19199218368 12.9437973816 0.0 0.0 0.171445098375 0.767928582493 0.0 0.0 0.0 0.0 1.5046059175 -6.64401699658 0.0 0.0 -0.0936944962809 1.07836065704
RTBT_Diag:BLM21a 3.9561388176 9.6781158043 0.0 0.0 0.156044505157 0.634511807412 0.0 0.0 0.0 0.0 1.31698643789 -7.81358824148 0.0 0.0 -0.0659845956157 1.15079124341
RTBT_Mag:QV21 3.9561388176 9.6781158043 0.0 0.0 0.156044505157 0.634511807412 0.0 0.0 0.0 0.0 1.31698643789 -7.81358824148 0.0 0.0 -0.0659845956157 1.15079124341
RTBT_Diag:BLM_Mov03 2.21830890239 8.4511077252 0.0 0.0 0.0380967642763 0.595931368014 0.0 0.0 0.0 0.0 -0.221802318904 -8.03404477573 0.0 0.0 0.155742306625 1.13272334638
RTBT_Diag:BPM21 2.01577829619 8.13199683766 0.0 0.0 0.0237439283955 0.591873398419 0.0 0.0 0.0 0.0 -0.415398078384 -7.97416404806 0.0 0.0 0.182962410924 1.10489745432
RTBT_Mag:DCV21 2.01577829619 7.72740191272 0.0 0.0 0.0237439283955 0.587107659575 0.0 0.0 0.0 0.0 -0.415398078384 -7.89078783815 0.0 0.0 0.182962410924 1.06817433698
RTBT_Diag:BLM21b 2.01577829619 3.61725818768 0.0 0.0 0.0237439283955 0.538694121991 0.0 0.0 0.0 0.0 -0.415398078384 -7.0437969719 0.0 0.0 0.182962410924 0.695116542578
RTBT_Diag:WS21 2.01577829619 0.301907623935 0.0 0.0 0.0237439283955 0.499642482959 0.0 0.0 0.0 0.0 -0.415398078384 -6.36059175238 0.0 0.0 0.182962410924 0.394198265331
RTBT_Diag:BPM22 2.01577829619 -2.10735059567 0.0 0.0 0.0237439283955 0.471263739741 0.0 0.0 0.0 0.0 -0.415398078384 -5.8641079691 0.0 0.0 0.182962410924 0.175521591794
RTBT_Diag:BLM22a 1.95914812426 -2.42000299249 0.0 0.0 0.03492556042 0.467284748883 0.0 0.0 0.0 0.0 -0.276580330736 -5.80286111392 0.0 0.0 0.17934033247 0.147107501596
RTBT_Mag:QH22 1.95914812426 -2.42000299249 0.0 0.0 0.03492556042 0.467284748883 0.0 0.0 0.0 0.0 -0.276580330736 -5.80286111392 0.0 0.0 0.17934033247 0.147107501596
RTBT_Diag:BLM22b 1.35318019047 -7.73426799206 0.0 0.0 0.132104358433 -0.0160588450764 0.0 0.0 0.0 0.0 0.977771980272 -9.25641652498 0.0 0.0 0.155945324878 -0.453577000716
RTBT_Diag:BLM23 1.60322064481 -10.4051940079 0.0 0.0 0.138687495712 -0.276362645897 0.0 0.0 0.0 0.0 0.708727179257 -11.1751232261 0.0 0.0 0.137696989498 -0.760209063899
RTBT_Mag:QV23 1.60322064481 -10.4051940079 0.0 0.0 0.138687495712 -0.276362645897 0.0 0.0 0.0 0.0 0.708727179257 -11.1751232261 0.0 0.0 0.137696989498 -0.760209063899
RTBT_Diag:BPM23 3.97772217613 -12.0716265614 0.0 0.0 0.206486535955 -0.375247009702 0.0 0.0 0.0 0.0 -1.71204401601 -10.7663869855 0.0 0.0 -0.0313155300566 -0.781028468158
RTBT_Mag:DCV23 3.97772217613 -12.8700110903 0.0 0.0 0.206486535955 -0.41669174828 0.0 0.0 0.0 0.0 -1.71204401601 -10.4227557829 0.0 0.0 -0.0313155300566 -0.774743002858
RTBT_Diag:WS23 3.97772217613 -29.479729893 0.0 0.0 0.206486535955 -1.27891468566 0.0 0.0 0.0 0.0 -1.71204401601 -3.27379755385 0.0 0.0 -0.0313155300566 -0.643979182418
RTBT_Diag:BLM24 3.19438450962 -32.8770276502 0.0 0.0 0.171827411653 -1.45542108346 0.0 0.0 0.0 0.0 -1.66793703934 -1.8042628284 0.0 0.0 -0.0165524407457 -0.617448338435
RTBT_Mag:QH24 3.19438450962 -32.8770276502 0.0 0.0 0.171827411653 -1.45542108346 0.0 0.0 0.0 0.0 -1.66793703934 -1.8042628284 0.0 0.0 -0.0165524407457 -0.617448338435
RTBT_Diag:BPM24 -3.91408531388 -32.2996663943 0.0 0.0 -0.144314410979 -1.44639344227 0.0 0.0 0.0 0.0 -1.35507173274 -0.986150690247 0.0 0.0 0.117543775554 -0.652426069589
RTBT_Diag:WS24 -3.91408531388 -15.4496856815 0.0 0.0 -0.144314410979 -0.825125675588 0.0 0.0 0.0 0.0 -1.35507173274 4.84737891633 0.0 0.0 0.117543775554 -1.1584473216
RTBT_Diag:BLM25 -3.6127172773 -12.4025300476 0.0 0.0 -0.127039617991 -0.712929488159 0.0 0.0 0.0 0.0 -1.2134995841 5.90139824961 0.0 0.0 0.0874682513142 -1.24943181281
RTBT_Mag:QV25 -3.6127172773 -12.4025300476 0.0 0.0 -0.127039617991 -0.712929488159 0.0 0.0 0.0 0.0 -1.2134995841 5.90139824961 0.0 0.0 0.0874682513142 -1.24943181281
RTBT_Diag:BLM_Mov04 -1.32909313122 -11.4204760127 0.0 0.0 0.00736048278201 -0.689146427315 0.0 0.0 0.0 0.0 -0.042903041023 6.15430747606 0.0 0.0 -0.153870934761 -1.23606519691
RTBT_Diag:BPM25 -1.05439545757 -11.249339746 0.0 0.0 0.0239893817129 -0.692468171761 0.0 0.0 0.0 0.0 0.10552513629 6.14157720692 0.0 0.0 -0.183584108037 -1.2082047743
RTBT_Diag:BCM25 -1.05439545757 -8.5030613372 0.0 0.0 0.0239893817129 -0.75495091537 0.0 0.0 0.0 0.0 0.10552513629 5.86672643694 0.0 0.0 -0.183584108037 -0.730041606509
RTBT_Diag:BLM26 -1.40278324776 -5.7052654863 0.0 0.0 -0.025041712667 -0.814715759417 0.0 0.0 0.0 0.0 -0.231486949516 5.61210610719 0.0 0.0 -0.167950507233 -0.248151927246
RTBT_Mag:QH26 -1.40278324776 -5.7052654863 0.0 0.0 -0.025041712667 -0.814715759417 0.0 0.0 0.0 0.0 -0.231486949516 5.61210610719 0.0 0.0 -0.167950507233 -0.248151927246
RTBT_Diag:BLM27 -3.53936748597 10.2951544764 0.0 0.0 -0.249550051353 0.443343714517 0.0 0.0 0.0 0.0 -0.238773791085 14.8611636983 0.0 0.0 -0.0751163325221 0.487139369454
RTBT_Mag:QV27 -3.53936748597 10.2951544764 0.0 0.0 -0.249550051353 0.443343714517 0.0 0.0 0.0 0.0 -0.238773791085 14.8611636983 0.0 0.0 -0.0751163325221 0.487139369454
RTBT_Diag:BPM27 -6.04053639357 15.5315010402 0.0 0.0 -0.364642720027 0.772025608581 0.0 0.0 0.0 0.0 2.84369811583 13.0408439854 0.0 0.0 0.0309139861829 0.493422442758
RTBT_Diag:BLM28 -3.53726249001 20.9872814603 0.0 0.0 -0.233807521955 1.10452200871 0.0 0.0 0.0 0.0 1.51205915186 10.5005489269 0.0 0.0 -0.0271872188141 0.472547173685
RTBT_Mag:QH28 -3.53726249001 20.9872814603 0.0 0.0 -0.233807521955 1.10452200871 0.0 0.0 0.0 0.0 1.51205915186 10.5005489269 0.0 0.0 -0.0271872188141 0.472547173685
RTBT_Mag:DCH28 2.5406705431 20.0857229381 0.0 0.0 0.0907592280742 1.11111010313 0.0 0.0 0.0 0.0 -1.39847081398 11.1551912138 0.0 0.0 -0.1678726391 0.624004004947
RTBT_Mag:DCV28 2.5406705431 20.0857229381 0.0 0.0 0.0907592280742 1.11111010313 0.0 0.0 0.0 0.0 -1.39847081398 11.1551912138 0.0 0.0 -0.1678726391 0.624004004947
RTBT_Diag:BLM29 1.67066954801 11.7992818987 0.0 0.0 0.0312814530312 0.819491014335 0.0 0.0 0.0 0.0 -0.283017478566 15.6188096714 0.0 0.0 -0.0851857070156 1.16777008359
RTBT_Mag:QV29 1.67066954801 11.7992818987 0.0 0.0 0.0312814530312 0.819491014335 0.0 0.0 0.0 0.0 -0.283017478566 15.6188096714 0.0 0.0 -0.0851857070156 1.16777008359
RTBT_Diag:BPM29 -0.211444509965 11.3519620931 0.0 0.0 -0.104438221991 0.877671106945 0.0 0.0 0.0 0.0 2.2550535556 14.2109636995 0.0 0.0 0.108283828641 1.12583470657
RTBT_Diag:BLM30 0.160402575368 11.498723763 0.0 0.0 -0.0733815683575 0.973834839019 0.0 0.0 0.0 0.0 1.85420466768 12.0937948458 0.0 0.0 0.0746785527064 1.02639537532
RTBT_Mag:QH30 0.160402575368 11.498723763 0.0 0.0 -0.0733815683575 0.973834839019 0.0 0.0 0.0 0.0 1.85420466768 12.0937948458 0.0 0.0 0.0746785527064 1.02639537532
RTBT_Mag:DCH30 1.0 10.588492 0.0 0.0 -3.46944695195e-18 1.0 0.0 0.0 0.0 0.0 1.0 10.588492 0.0 0.0 0.0 1.0
RTBT_Mag:DCV30 1.0 10.588492 0.0 0.0 -3.46944695195e-18 1.0 0.0 0.0 0.0 0.0 1.0 10.588492 0.0 0.0 0.0 1.0
RTBT_Diag:Harp30 1.0 9.517196 0.0 0.0 -3.46944695195e-18 1.0 0.0 0.0 0.0 0.0 1.0 9.517196 0.0 0.0 -6.93889390391e-18 1.0
RTBT_Diag:BPM30 1.0 9.252693 0.0 0.0 -3.46944695195e-18 1.0 0.0 0.0 0.0 0.0 1.0 9.252693 0.0 0.0 0.0 1.0
RTBT_Vac:VIW 1.0 2.3252 0.0 0.0 -6.93889390391e-18 1.0 0.0 0.0 0.0 0.0 1.0 2.3252 0.0 0.0 -6.93889390391e-18 1.0
RTBT:Tgt 1.0 0.0 0.0 0.0 6.93889390391e-18 1.0 0.0 0.0 0.0 0.0 1.0 0.0 0.0 0.0 0.0 1.0
