node_id M11 M12 M13 M14 M21 M22 M23 M34 M31 M32 M33 M34 M41 M42 M43 M44
Begin_Of_RTBT1 -2.41397499439 -4.36829287465 0.0 0.0 -0.00410466905211 -0.421682245648 0.0 0.0 0.0 0.0 -0.879381568683 -1.50020520027 0.0 0.0 -0.022177575438 -1.1749972376
Ring_Mag:EKick01 -2.41397499439 -3.34718145202 0.0 0.0 -0.00410466905211 -0.419945970639 0.0 0.0 0.0 0.0 -0.879381568683 -1.12822679672 0.0 0.0 -0.022177575438 -1.16561612319
Ring_Mag:EKick02 -2.41397499439 -2.25123680457 0.0 0.0 -0.00410466905211 -0.41808245089 0.0 0.0 0.0 0.0 -0.879381568683 -0.728987564538 0.0 0.0 -0.022177575438 -1.15554750394
Ring_Mag:EKick03 -2.41397499439 -1.09252880726 0.0 0.0 -0.00410466905211 -0.416112209745 0.0 0.0 0.0 0.0 -0.879381568683 -0.30688441157 0.0 0.0 -0.022177575438 -1.14490226773
Ring_Mag:EKick04 -2.41397499439 0.194119864749 0.0 0.0 -0.00410466905211 -0.41392442114 0.0 0.0 0.0 0.0 -0.879381568683 0.161825964539 0.0 0.0 -0.022177575438 -1.13308162002
Ring_Mag:EKick05 -2.41397499439 1.60629523647 0.0 0.0 -0.00410466905211 -0.411523189744 0.0 0.0 0.0 0.0 -0.879381568683 0.676264182218 0.0 0.0 -0.022177575438 -1.12010773839
Ring_Mag:EKick06 -2.41397499439 3.01847060819 0.0 0.0 -0.00410466905211 -0.409121958349 0.0 0.0 0.0 0.0 -0.879381568683 1.1907023999 0.0 0.0 -0.022177575438 -1.10713385676
Ring_Mag:EKick07 -2.41397499439 4.4306459799 0.0 0.0 -0.00410466905211 -0.406720726953 0.0 0.0 0.0 0.0 -0.879381568683 1.70514061758 0.0 0.0 -0.022177575438 -1.09415997513
Ring_Mag:QTH_C10 -0.760714896817 7.42688497755 0.0 0.0 -0.0951362488293 -0.385734555715 0.0 0.0 0.0 0.0 -1.51808255089 3.00158830889 0.0 0.0 0.226037604839 -1.10565254246
Ring_Mag:QTV_C11 -0.42245970261 6.92328580369 0.0 0.0 -0.130847075429 -0.222762785772 0.0 0.0 0.0 0.0 -1.31191364737 5.07565034606 0.0 0.0 0.197263298812 -1.52543540872
Ring_Mag:EKick08 -1.81824617695 8.45968705358 0.0 0.0 -0.0897686739182 -0.132317127619 0.0 0.0 0.0 0.0 -0.280058681231 5.47957952378 0.0 0.0 -0.10766884118 -1.46405039372
Ring_Mag:EKick09 -1.81824617695 9.38517435764 0.0 0.0 -0.0897686739182 -0.0866248725946 0.0 0.0 0.0 0.0 -0.280058681231 5.62212939253 0.0 0.0 -0.10766884118 -1.40924695356
Ring_Mag:EKick10 -1.81824617695 10.3124799079 0.0 0.0 -0.0897686739182 -0.0408428488964 0.0 0.0 0.0 0.0 -0.280058681231 5.76495931996 0.0 0.0 -0.10766884118 -1.35433584456
Ring_Mag:EKick11 -1.81824617695 11.2325124734 0.0 0.0 -0.0897686739182 0.00458010010624 0.0 0.0 0.0 0.0 -0.280058681231 5.90666901266 0.0 0.0 -0.10766884118 -1.29985541092
Ring_Mag:EKick12 -1.81824617695 12.1221803278 0.0 0.0 -0.0897686739182 0.0485039122544 0.0 0.0 0.0 0.0 -0.280058681231 6.04370172539 0.0 0.0 -0.10766884118 -1.24717304693
Ring_Mag:EKick13 -1.81824617695 12.9754832586 0.0 0.0 -0.0897686739182 0.0906323509242 0.0 0.0 0.0 0.0 -0.280058681231 6.17513326449 0.0 0.0 -0.10766884118 -1.19664405977
Ring_Mag:EKick14 -1.81824617695 13.8320590326 0.0 0.0 -0.0897686739182 0.132922373207 0.0 0.0 0.0 0.0 -0.280058681231 6.30706890922 0.0 0.0 -0.10766884118 -1.14592126869
RTBT_Mag:ExSptm -1.81824617695 25.3094125585 0.0 0.0 -0.0897686739182 0.699571058723 0.0 0.0 0.0 0.0 -0.280058681231 8.07488920398 0.0 0.0 -0.10766884118 -0.466280981461
RTBT_POST_SEPTUM -1.85345722109 30.9399251857 0.0 0.0 -0.092499228339 1.00456551322 0.0 0.0 0.0 0.0 0.0475682694326 8.70917179975 0.0 0.0 -0.115103815481 -0.0516921018541
RTBT_Mag:QV01 -7.62334395551 36.5145304918 0.0 0.0 -0.292767558902 1.27113114837 0.0 0.0 0.0 0.0 1.4240830139 8.40159160769 0.0 0.0 -0.0779748758322 0.242181764848
RTBT_Diag:BLM02 -10.0395827754 45.8707692218 0.0 0.0 -0.375902876543 1.61789134699 0.0 0.0 0.0 0.0 2.19312241558 6.53041374383 0.0 0.0 -0.0598843149639 0.277654654476
RTBT_Mag:QH02 -10.0395827754 45.8707692218 0.0 0.0 -0.375902876543 1.61789134699 0.0 0.0 0.0 0.0 2.19312241558 6.53041374383 0.0 0.0 -0.0598843149639 0.277654654476
RTBT_Diag:WS02 5.11489476706 29.5928486532 0.0 0.0 0.160455243537 1.12384086074 0.0 0.0 0.0 0.0 0.228180188002 5.10409435933 0.0 0.0 -0.156801196637 0.875062372672
RTBT_Diag:BCM02 5.11489476706 26.1812138435 0.0 0.0 0.160455243537 1.0168172133 0.0 0.0 0.0 0.0 0.228180188002 4.95189817394 0.0 0.0 -0.156801196637 0.979648770829
RTBT_Diag:BLM03 4.486760552 21.8390554664 0.0 0.0 0.135156102807 0.880742705127 0.0 0.0 0.0 0.0 0.364414035616 4.75408104137 0.0 0.0 -0.125073011392 1.11245102584
RTBT_Mag:QV03 4.486760552 21.8390554664 0.0 0.0 0.135156102807 0.880742705127 0.0 0.0 0.0 0.0 0.364414035616 4.75408104137 0.0 0.0 -0.125073011392 1.11245102584
RTBT_Diag:BLM04 -0.213492069186 24.3917867942 0.0 0.0 -0.051236794782 1.16986535047 0.0 0.0 0.0 0.0 1.57270342995 -0.946693324926 0.0 0.0 0.145608726314 0.548198200837
RTBT_Mag:QH04 -0.213492069186 24.3917867942 0.0 0.0 -0.051236794782 1.16986535047 0.0 0.0 0.0 0.0 1.57270342995 -0.946693324926 0.0 0.0 0.145608726314 0.548198200837
RTBT_Diag:BLM05 6.55429805439 0.493672461352 0.0 0.0 0.269671802548 0.17288343208 0.0 0.0 0.0 0.0 1.59617401098 -8.36953272264 0.0 0.0 0.0184174869304 0.5299260824
RTBT_Mag:QV05 6.55429805439 0.493672461352 0.0 0.0 0.269671802548 0.17288343208 0.0 0.0 0.0 0.0 1.59617401098 -8.36953272264 0.0 0.0 0.0184174869304 0.5299260824
RTBT_Mag:DCV05 6.93106752575 -4.62234593464 0.0 0.0 0.225313611929 -0.00598428134838 0.0 0.0 0.0 0.0 -1.63997133718 -7.85686076831 0.0 0.0 0.213211662187 0.411698868557
RTBT_Diag:BLM06 5.79466583792 -26.1100098283 0.0 0.0 0.194686253158 -0.704658404401 0.0 0.0 0.0 0.0 -1.51703233366 -2.76900857588 0.0 0.0 0.223935261925 -0.250437206154
RTBT_Mag:QH06 5.79466583792 -26.1100098283 0.0 0.0 0.194686253158 -0.704658404401 0.0 0.0 0.0 0.0 -1.51703233366 -2.76900857588 0.0 0.0 0.223935261925 -0.250437206154
RTBT_Mag:DCH06 -4.69860952864 -24.9201427851 0.0 0.0 -0.0918525808723 -0.699989946061 0.0 0.0 0.0 0.0 -0.529892305059 -2.1527180466 0.0 0.0 0.345709497451 -0.482711153783
RTBT_Diag:BLM07 -4.25543258003 -10.3454339561 0.0 0.0 -0.0741645998435 -0.415296197583 0.0 0.0 0.0 0.0 -0.551969221372 -0.507224081824 0.0 0.0 0.280149334705 -1.55425606667
RTBT_Mag:QV07 -4.25543258003 -10.3454339561 0.0 0.0 -0.0741645998435 -0.415296197583 0.0 0.0 0.0 0.0 -0.551969221372 -0.507224081824 0.0 0.0 0.280149334705 -1.55425606667
RTBT_Diag:BPM07 -0.565449981736 -9.21616621494 0.0 0.0 0.082378312413 -0.425833916479 0.0 0.0 0.0 0.0 -0.693274053179 -0.149617784747 0.0 0.0 -0.319657873999 -1.51141745199
RTBT_Mag:DCV07 -0.565449981736 -9.1026724873 0.0 0.0 0.082378312413 -0.442368397077 0.0 0.0 0.0 0.0 -0.693274053179 -0.0104679764374 0.0 0.0 -0.319657873999 -1.44725764147
RTBT_Diag:BLM08 -0.887781412865 -7.33928910737 0.0 0.0 0.05190159118 -0.69733293379 0.0 0.0 0.0 0.0 -0.786357752553 2.14397330382 0.0 0.0 -0.299372648476 -0.455458132906
RTBT_Mag:QH08 -0.887781412865 -7.33928910737 0.0 0.0 0.05190159118 -0.69733293379 0.0 0.0 0.0 0.0 -0.786357752553 2.14397330382 0.0 0.0 -0.299372648476 -0.455458132906
RTBT_Diag:BPM08 -3.61869513925 -5.92721359914 0.0 0.0 -0.219480542269 -0.635839153711 0.0 0.0 0.0 0.0 -1.72755259945 2.88416208344 0.0 0.0 -0.141415263697 -0.342759727612
RTBT_Mag:DCH08 -3.61869513925 -5.20089082296 0.0 0.0 -0.219480542269 -0.59178633615 0.0 0.0 0.0 0.0 -1.72755259945 3.23090607589 0.0 0.0 -0.141415263697 -0.314375704374
RTBT_Diag:BLM09 -3.87061870737 6.03883886895 0.0 0.0 -0.22304422102 0.0896311772393 0.0 0.0 0.0 0.0 -1.36529589898 8.58468066413 0.0 0.0 -0.136285400235 0.124490698556
RTBT_Mag:QV09 -3.87061870737 6.03883886895 0.0 0.0 -0.22304422102 0.0896311772393 0.0 0.0 0.0 0.0 -1.36529589898 8.58468066413 0.0 0.0 -0.136285400235 0.124490698556
RTBT_Diag:BPM09 -6.57746106979 9.05249399716 0.0 0.0 -0.277636603732 0.230074138427 0.0 0.0 0.0 0.0 1.93182022518 8.25097099205 0.0 0.0 -0.0786173012765 0.181865229029
RTBT_Diag:BLM10 -5.23688994566 30.757542454 0.0 0.0 -0.227705461448 1.14641714067 0.0 0.0 0.0 0.0 1.84795377298 1.86841904563 0.0 0.0 -0.0978789646929 0.442176146476
RTBT_Mag:QH10 -5.23688994566 30.757542454 0.0 0.0 -0.227705461448 1.14641714067 0.0 0.0 0.0 0.0 1.84795377298 1.86841904563 0.0 0.0 -0.0978789646929 0.442176146476
RTBT_Diag:BPM10 6.98669317634 29.6187212359 0.0 0.0 0.230741182947 1.12131140979 0.0 0.0 0.0 0.0 1.25597042374 1.04729551404 0.0 0.0 -0.286139005767 0.557599040256
RTBT_Diag:BLM11 6.70262266103 6.53486245435 0.0 0.0 0.215293219783 0.359099967335 0.0 0.0 0.0 0.0 1.12584807977 -3.10044419192 0.0 0.0 -0.222772408418 1.50170653588
RTBT_Mag:QV11 6.70262266103 6.53486245435 0.0 0.0 0.215293219783 0.359099967335 0.0 0.0 0.0 0.0 1.12584807977 -3.10044419192 0.0 0.0 -0.222772408418 1.50170653588
RTBT_Mag:DCV11 4.72222622094 2.55298082408 0.0 0.0 0.0931498259051 0.262124189183 0.0 0.0 0.0 0.0 -0.118099243042 -3.29428751204 0.0 0.0 0.352457279185 1.36406982124
RTBT_Diag:BCM11 4.72222622094 -4.9992094599 0.0 0.0 0.0931498259051 0.11315097671 0.0 0.0 0.0 0.0 -0.118099243042 -3.10541304603 0.0 0.0 0.352457279185 0.800389829046
RTBT_Diag:BLM12 4.34198060884 -12.0966837431 0.0 0.0 0.0923660268293 -0.0270205295063 0.0 0.0 0.0 0.0 -0.0250948930133 -2.92999926717 0.0 0.0 0.343610926845 0.270165082743
RTBT_Mag:QH12 4.34198060884 -12.0966837431 0.0 0.0 0.0923660268293 -0.0270205295063 0.0 0.0 0.0 0.0 -0.0250948930133 -2.92999926717 0.0 0.0 0.343610926845 0.270165082743
RTBT_Mag:DCV13 0.685378924489 -16.2513122654 0.0 0.0 0.0789437260737 -0.4128214827 0.0 0.0 0.0 0.0 0.827946912756 -6.74630439503 0.0 0.0 0.287118015219 -1.13169759259
RTBT_Diag:BPM13 0.685378924489 -16.3888774109 0.0 0.0 0.0789437260737 -0.428666593736 0.0 0.0 0.0 0.0 0.827946912756 -6.91248493167 0.0 0.0 0.287118015219 -1.1893261979
RTBT_Diag:BLM13 1.14251833034 -16.5070826523 0.0 0.0 0.0911220405903 -0.441269992856 0.0 0.0 0.0 0.0 0.63326968192 -7.03661635206 0.0 0.0 0.253098161558 -1.23321024927
RTBT_Mag:QV13 1.14251833034 -16.5070826523 0.0 0.0 0.0911220405903 -0.441269992856 0.0 0.0 0.0 0.0 0.63326968192 -7.03661635206 0.0 0.0 0.253098161558 -1.23321024927
RTBT_Diag:BLM_Mov01 5.40529590339 -20.3855841633 0.0 0.0 0.208509660192 -0.601371559449 0.0 0.0 0.0 0.0 -1.12571904569 -6.42100477163 0.0 0.0 -0.0630826087846 -1.24813890055
Begin_Of_RTBT2 5.40529590339 -22.0206753635 0.0 0.0 0.208509660192 -0.664445314638 0.0 0.0 0.0 0.0 -1.12571904569 -6.08047701174 0.0 0.0 -0.0630826087846 -1.22905653755
RTBT_Mag:DH13 5.40529590339 -23.3655129843 0.0 0.0 0.208509660192 -0.716322518093 0.0 0.0 0.0 0.0 -1.12571904569 -5.80039811317 0.0 0.0 -0.0630826087846 -1.21336158449
RTBT_Diag:BLM14 3.46607809698 -39.5855040165 0.0 0.0 0.144069947304 -1.3568884907 0.0 0.0 0.0 0.0 -1.08367091545 -1.93908185775 0.0 0.0 -0.0417288805754 -0.997457530567
RTBT_Mag:QH14 3.46607809698 -39.5855040165 0.0 0.0 0.144069947304 -1.3568884907 0.0 0.0 0.0 0.0 -1.08367091545 -1.93908185775 0.0 0.0 -0.0417288805754 -0.997457530567
RTBT_Mag:DCH14 -4.19119642561 -38.1365043551 0.0 0.0 -0.119487505967 -1.32583520967 0.0 0.0 0.0 0.0 -0.75237008723 -1.29831624477 0.0 0.0 0.151182204112 -1.06824779736
RTBT_Diag:BCM14 -4.19119642561 -31.6443410918 0.0 0.0 -0.119487505967 -1.14074906292 0.0 0.0 0.0 0.0 -0.75237008723 -0.132894979652 0.0 0.0 0.151182204112 -1.30242903153
RTBT_Diag:BLM15 -3.71907131601 -22.8777589139 0.0 0.0 -0.101123683066 -0.890943722265 0.0 0.0 0.0 0.0 -0.723109569032 1.44220528066 0.0 0.0 0.1179937921 -1.61824890745
RTBT_Mag:QV15 -3.71907131601 -22.8777589139 0.0 0.0 -0.101123683066 -0.890943722265 0.0 0.0 0.0 0.0 -0.723109569032 1.44220528066 0.0 0.0 0.1179937921 -1.61824890745
RTBT_Diag:BPM15 0.415229474556 -22.1834388786 0.0 0.0 0.0617127269339 -0.888666456935 0.0 0.0 0.0 0.0 -0.430177682373 1.74902252343 0.0 0.0 -0.182040567197 -1.58447770706
RTBT_Mag:DCV15 0.415229474556 -22.2667812473 0.0 0.0 0.0617127269339 -0.901053065209 0.0 0.0 0.0 0.0 -0.430177682373 1.83536520677 0.0 0.0 -0.182040567197 -1.54793961665
RTBT_Diag:BLM16 -0.0203601100139 -24.3464422661 0.0 0.0 0.0400608637211 -1.21121616066 0.0 0.0 0.0 0.0 -0.50159129012 4.00295836533 0.0 0.0 -0.170659009784 -0.631707717832
RTBT_Mag:QH16 -0.0203601100139 -24.3464422661 0.0 0.0 0.0400608637211 -1.21121616066 0.0 0.0 0.0 0.0 -0.50159129012 4.00295836533 0.0 0.0 -0.170659009784 -0.631707717832
RTBT_Diag:BLM_Mov02 -3.47177876021 -23.6446626623 0.0 0.0 -0.132814803535 -1.19257634547 0.0 0.0 0.0 0.0 -1.09452311992 4.32066670675 0.0 0.0 -0.0842746524644 -0.580962889959
RTBT_Diag:BPM16 -3.89325079879 -23.0486172598 0.0 0.0 -0.154091693684 -1.16910024703 0.0 0.0 0.0 0.0 -1.17233657949 4.50136718448 0.0 0.0 -0.0739152884812 -0.56918819874
RTBT_Mag:DCH16 -3.89325079879 -22.2671873189 0.0 0.0 -0.154091693684 -1.13817188683 0.0 0.0 0.0 0.0 -1.17233657949 4.7366715487 0.0 0.0 -0.0739152884812 -0.554352365528
RTBT_Diag:BLM17 -3.83266945838 -2.66742420025 0.0 0.0 -0.146062627723 -0.362570005849 0.0 0.0 0.0 0.0 -0.93981329604 10.633209854 0.0 0.0 -0.0779491576433 -0.1821109039
RTBT_Mag:QV17 -3.83266945838 -2.66742420025 0.0 0.0 -0.146062627723 -0.362570005849 0.0 0.0 0.0 0.0 -0.93981329604 10.633209854 0.0 0.0 -0.0779491576433 -0.1821109039
RTBT_Diag:BPM17 -3.47000475253 -0.669244758537 0.0 0.0 -0.0800030679592 -0.303613887886 0.0 0.0 0.0 0.0 1.1684224432 10.4577697597 0.0 0.0 -0.109912409545 -0.127897810959
RTBT_Mag:DCV17 -3.47000475253 0.0272337753624 0.0 0.0 -0.0800030679592 -0.287556152104 0.0 0.0 0.0 0.0 1.1684224432 10.2232510175 0.0 0.0 -0.109912409545 -0.10583685159
RTBT_Diag:BPM18 -3.47000475253 16.9569913824 0.0 0.0 -0.0800030679592 0.10276969612 0.0 0.0 0.0 0.0 1.1684224432 4.52265111727 0.0 0.0 -0.109912409545 0.430413264566
RTBT_Diag:BLM18 -3.07118244122 17.4876631777 0.0 0.0 -0.0774092662538 0.115169704781 0.0 0.0 0.0 0.0 1.06828681624 4.3431196287 0.0 0.0 -0.120104874379 0.44779188071
RTBT_Mag:QH18 -3.07118244122 17.4876631777 0.0 0.0 -0.0774092662538 0.115169704781 0.0 0.0 0.0 0.0 1.06828681624 4.3431196287 0.0 0.0 -0.120104874379 0.44779188071
RTBT_Diag:BLM19a 0.291959459772 14.7367177458 0.0 0.0 -0.0596570529585 0.413930239149 0.0 0.0 0.0 0.0 0.274468998947 2.94121340346 0.0 0.0 -0.181820592843 1.69500685721
RTBT_Mag:QV19 0.291959459772 14.7367177458 0.0 0.0 -0.0596570529585 0.413930239149 0.0 0.0 0.0 0.0 0.274468998947 2.94121340346 0.0 0.0 -0.181820592843 1.69500685721
RTBT_Diag:BPM19 -2.69534645042 15.5586163473 0.0 0.0 -0.146651158301 0.475519244919 0.0 0.0 0.0 0.0 0.843292818837 2.5985876747 0.0 0.0 0.161219006429 1.68262042714
RTBT_Mag:DCV19 -2.69534645042 16.0996101147 0.0 0.0 -0.146651158301 0.504954185506 0.0 0.0 0.0 0.0 0.843292818837 2.42932699986 0.0 0.0 0.161219006429 1.65026151548
RTBT_Diag:BLM19b -2.69534645042 22.6856514315 0.0 0.0 -0.146651158301 0.863294237699 0.0 0.0 0.0 0.0 0.843292818837 0.368752803127 0.0 0.0 0.161219006429 1.25632513034
RTBT_Diag:BLM20 -2.01725766852 29.6528921824 0.0 0.0 -0.118255550362 1.24258746118 0.0 0.0 0.0 0.0 0.884432645716 -1.81741192189 0.0 0.0 0.141910493033 0.839057877064
RTBT_Mag:QH20 -2.01725766852 29.6528921824 0.0 0.0 -0.118255550362 1.24258746118 0.0 0.0 0.0 0.0 0.884432645716 -1.81741192189 0.0 0.0 0.141910493033 0.839057877064
RTBT_Mag:DCH20 4.0958548696 27.9261207464 0.0 0.0 0.139463455113 1.19503093811 0.0 0.0 0.0 0.0 1.30635261935 -2.70697749418 0.0 0.0 -0.0271545889228 0.821758876718
RTBT_Diag:WS20 4.0958548696 10.5013465508 0.0 0.0 0.139463455113 0.601719092052 0.0 0.0 0.0 0.0 1.30635261935 -8.26452289965 0.0 0.0 -0.0271545889228 0.937281178024
RTBT_Diag:BLM21a 3.93074154409 7.30892404153 0.0 0.0 0.12839903775 0.493153465363 0.0 0.0 0.0 0.0 1.10020656735 -9.27890467416 0.0 0.0 -0.00581233769487 0.957940225665
RTBT_Mag:QV21 3.93074154409 7.30892404153 0.0 0.0 0.12839903775 0.493153465363 0.0 0.0 0.0 0.0 1.10020656735 -9.27890467416 0.0 0.0 -0.00581233769487 0.957940225665
RTBT_Diag:BLM_Mov03 2.75305554278 5.98005294034 0.0 0.0 0.0440293967851 0.458871281045 0.0 0.0 0.0 0.0 -0.573577777158 -9.38486089628 0.0 0.0 0.163166426249 0.926281028391
RTBT_Diag:BPM21 2.6212884096 5.56837450318 0.0 0.0 0.0338252436794 0.453346384975 0.0 0.0 0.0 0.0 -0.782378214247 -9.26818323317 0.0 0.0 0.183715560288 0.898171067058
RTBT_Mag:DCV21 2.6212884096 5.04224522134 0.0 0.0 0.0338252436794 0.446557185015 0.0 0.0 0.0 0.0 -0.782378214247 -9.11114897227 0.0 0.0 0.183715560288 0.86129678209
RTBT_Diag:BLM21b 2.6212884096 -0.30252514779 0.0 0.0 0.0338252436794 0.377587986707 0.0 0.0 0.0 0.0 -0.782378214247 -7.51589074672 0.0 0.0 0.183715560288 0.486703326681
RTBT_Diag:WS21 2.6212884096 -4.61375819505 0.0 0.0 0.0338252436794 0.321955608427 0.0 0.0 0.0 0.0 -0.782378214247 -6.22911329775 0.0 0.0 0.183715560288 0.184546344675
RTBT_Diag:BPM22 2.6212884096 -7.7467221022 0.0 0.0 0.0338252436794 0.281527677181 0.0 0.0 0.0 0.0 -0.782378214247 -5.29401485608 0.0 0.0 0.183715560288 -0.0350304929811
RTBT_Diag:BLM22a 2.43598411601 -8.1504982999 0.0 0.0 0.0401727105525 0.276098840924 0.0 0.0 0.0 0.0 -0.663409517224 -5.17509799777 0.0 0.0 0.185068936255 -0.0636863316514
RTBT_Mag:QH22 2.43598411601 -8.1504982999 0.0 0.0 0.0401727105525 0.276098840924 0.0 0.0 0.0 0.0 -0.663409517224 -5.17509799777 0.0 0.0 0.185068936255 -0.0636863316514
RTBT_Diag:BLM22b 0.669093449346 -11.1107766627 0.0 0.0 0.0943779327076 -0.0726537261027 0.0 0.0 0.0 0.0 0.389246718943 -6.4264239067 0.0 0.0 0.207057736481 -0.84943757185
RTBT_Diag:BLM23 0.945760681104 -12.4352684155 0.0 0.0 0.100087611241 -0.258645041744 0.0 0.0 0.0 0.0 0.229185706146 -7.1889284562 0.0 0.0 0.179159809573 -1.25647911508
RTBT_Mag:QV23 0.945760681104 -12.4352684155 0.0 0.0 0.100087611241 -0.258645041744 0.0 0.0 0.0 0.0 0.229185706146 -7.1889284562 0.0 0.0 0.179159809573 -1.25647911508
RTBT_Diag:BPM23 3.52074324215 -13.8052349058 0.0 0.0 0.157302121969 -0.332768584469 0.0 0.0 0.0 0.0 -1.20145144147 -6.8413946453 0.0 0.0 -0.0771173394474 -1.27145392684
RTBT_Mag:DCV23 3.52074324215 -14.5118973649 0.0 0.0 0.157302121969 -0.364341322577 0.0 0.0 0.0 0.0 -1.20145144147 -6.60024652068 0.0 0.0 -0.0771173394474 -1.25597539717
RTBT_Diag:WS23 3.52074324215 -29.2134156308 0.0 0.0 0.157302121969 -1.02118559105 0.0 0.0 0.0 0.0 -1.20145144147 -1.58336255687 0.0 0.0 -0.0771173394474 -0.93395760248
RTBT_Diag:BLM24 2.78430545567 -32.2193381801 0.0 0.0 0.130905217711 -1.15564887912 0.0 0.0 0.0 0.0 -1.18812954652 -0.551654518226 0.0 0.0 -0.0571892749659 -0.868212329999
RTBT_Mag:QH24 2.78430545567 -32.2193381801 0.0 0.0 0.130905217711 -1.15564887912 0.0 0.0 0.0 0.0 -1.18812954652 -0.551654518226 0.0 0.0 -0.0571892749659 -0.868212329999
RTBT_Diag:BPM24 -3.88516932106 -31.5586596789 0.0 0.0 -0.109745533734 -1.14883588888 0.0 0.0 0.0 0.0 -1.12816249828 0.084877956271 0.0 0.0 0.121941882782 -0.895571497308
RTBT_Diag:WS24 -3.88516932106 -14.8331611585 0.0 0.0 -0.109745533734 -0.676385755973 0.0 0.0 0.0 0.0 -1.12816249828 4.94157238488 0.0 0.0 0.121941882782 -1.42052642501
RTBT_Diag:BLM25 -3.6199478068 -11.8076675729 0.0 0.0 -0.096516290613 -0.591067161496 0.0 0.0 0.0 0.0 -0.999060263485 5.81881290817 0.0 0.0 0.0882360432994 -1.51485259001
RTBT_Mag:QV25 -3.6199478068 -11.8076675729 0.0 0.0 -0.096516290613 -0.591067161496 0.0 0.0 0.0 0.0 -0.999060263485 5.81881290817 0.0 0.0 0.0882360432994 -1.51485259001
RTBT_Diag:BLM_Mov04 -1.61944313842 -10.7659729906 0.0 0.0 0.00666276426312 -0.573202502687 0.0 0.0 0.0 0.0 0.0615295356495 6.00744143721 0.0 0.0 -0.181782896792 -1.49603122784
RTBT_Diag:BPM25 -1.38036151677 -10.5449425891 0.0 0.0 0.019443718346 -0.575912249553 0.0 0.0 0.0 0.0 0.195357238607 5.98034987557 0.0 0.0 -0.215017228873 -1.46336148059
RTBT_Diag:BCM25 -1.38036151677 -6.94965298256 0.0 0.0 0.019443718346 -0.626555358357 0.0 0.0 0.0 0.0 0.195357238607 5.47152241189 0.0 0.0 -0.215017228873 -0.903327606273
RTBT_Diag:BLM26 -1.60264803463 -3.30287563207 0.0 0.0 -0.0246171520685 -0.67470047592 0.0 0.0 0.0 0.0 -0.129421069239 4.97974604462 0.0 0.0 -0.191996465121 -0.339252043659
RTBT_Mag:QH26 -1.60264803463 -3.30287563207 0.0 0.0 -0.0246171520685 -0.67470047592 0.0 0.0 0.0 0.0 -0.129421069239 4.97974604462 0.0 0.0 -0.191996465121 -0.339252043659
RTBT_Diag:BLM27 -3.22453720966 10.9097280045 0.0 0.0 -0.229344364718 0.465829525531 0.0 0.0 0.0 0.0 -0.303634534745 13.3182704748 0.0 0.0 -0.0839693849706 0.389701984143
RTBT_Mag:QV27 -3.22453720966 10.9097280045 0.0 0.0 -0.229344364718 0.465829525531 0.0 0.0 0.0 0.0 -0.303634534745 13.3182704748 0.0 0.0 -0.0839693849706 0.389701984143
RTBT_Diag:BPM27 -5.6626949414 15.7882510585 0.0 0.0 -0.339962893242 0.771261661501 0.0 0.0 0.0 0.0 2.29082925348 11.8924497688 0.0 0.0 -0.00284203792364 0.421769193529
RTBT_Diag:BLM28 -3.25735561859 20.8934835784 0.0 0.0 -0.216392336386 1.08099640907 0.0 0.0 0.0 0.0 1.09234507818 9.86540300463 0.0 0.0 -0.0534934800859 0.432340722972
RTBT_Mag:QH28 -3.25735561859 20.8934835784 0.0 0.0 -0.216392336386 1.08099640907 0.0 0.0 0.0 0.0 1.09234507818 9.86540300463 0.0 0.0 -0.0534934800859 0.432340722972
RTBT_Mag:DCH28 2.55164145159 19.8812954049 0.0 0.0 0.0887019071445 1.08303179398 0.0 0.0 0.0 0.0 -1.56990745493 10.8116818619 0.0 0.0 -0.180105861978 0.603377783959
RTBT_Mag:DCV28 2.55164145159 19.8812954049 0.0 0.0 0.0887019071445 1.08303179398 0.0 0.0 0.0 0.0 -1.56990745493 10.8116818619 0.0 0.0 -0.180105861978 0.603377783959
RTBT_Diag:BLM29 1.64023414929 11.564979708 0.0 0.0 0.0267969788627 0.798609465209 0.0 0.0 0.0 0.0 -0.363164853527 15.8295858235 0.0 0.0 -0.090396464443 1.18661976196
RTBT_Mag:QV29 1.64023414929 11.564979708 0.0 0.0 0.0267969788627 0.798609465209 0.0 0.0 0.0 0.0 -0.363164853527 15.8295858235 0.0 0.0 -0.090396464443 1.18661976196
RTBT_Diag:BPM29 -0.333396798314 11.2094417966 0.0 0.0 -0.114946887583 0.865306588197 0.0 0.0 0.0 0.0 2.38642150287 14.3620568809 0.0 0.0 0.119622801958 1.13895616626
RTBT_Diag:BLM30 0.0750136551561 11.4684507731 0.0 0.0 -0.0808434959113 0.971161139497 0.0 0.0 0.0 0.0 1.94274740715 12.1246258721 0.0 0.0 0.0824205094432 1.02911877984
RTBT_Mag:QH30 0.0750136551561 11.4684507731 0.0 0.0 -0.0808434959113 0.971161139497 0.0 0.0 0.0 0.0 1.94274740715 12.1246258721 0.0 0.0 0.0824205094432 1.02911877984
RTBT_Mag:DCH30 1.0 10.588492 0.0 0.0 0.0 1.0 0.0 0.0 0.0 0.0 1.0 10.588492 0.0 0.0 6.93889390391e-18 1.0
RTBT_Mag:DCV30 1.0 10.588492 0.0 0.0 0.0 1.0 0.0 0.0 0.0 0.0 1.0 10.588492 0.0 0.0 6.93889390391e-18 1.0
RTBT_Diag:Harp30 1.0 9.517196 0.0 0.0 0.0 1.0 0.0 0.0 0.0 0.0 1.0 9.517196 0.0 0.0 0.0 1.0
RTBT_Diag:BPM30 1.0 9.252693 0.0 0.0 -4.33680868994e-19 1.0 0.0 0.0 0.0 0.0 1.0 9.252693 0.0 0.0 0.0 1.0
RTBT_Vac:VIW 1.0 2.3252 0.0 0.0 0.0 1.0 0.0 0.0 0.0 0.0 1.0 2.3252 0.0 0.0 0.0 1.0
RTBT:Tgt 1.0 0.0 0.0 0.0 2.16840434497e-19 1.0 0.0 0.0 0.0 0.0 1.0 0.0 0.0 0.0 6.93889390391e-18 1.0
