node_id M11 M12 M13 M14 M21 M22 M23 M34 M31 M32 M33 M34 M41 M42 M43 M44
Begin_Of_RTBT1 -4.93607976451 9.77707070561 0.0 0.0 -0.153055925295 0.10057345651 0.0 0.0 0.0 0.0 -0.564572764195 2.43559672281 0.0 0.0 -0.0806118084166 -1.42348727138
Ring_Mag:EKick01 -4.93607976451 11.865032446 0.0 0.0 -0.153055925295 0.16531611291 0.0 0.0 0.0 0.0 -0.564572764195 2.67441100206 0.0 0.0 -0.0806118084166 -1.38938847642
Ring_Mag:EKick02 -4.93607976451 14.1060126591 0.0 0.0 -0.153055925295 0.234803502994 0.0 0.0 0.0 0.0 -0.564572764195 2.93072703701 0.0 0.0 -0.0806118084166 -1.3527907154
Ring_Mag:EKick03 -4.93607976451 16.4753309461 0.0 0.0 -0.153055925295 0.308270347136 0.0 0.0 0.0 0.0 -0.564572764195 3.20172196382 0.0 0.0 -0.0806118084166 -1.31409704736
Ring_Mag:EKick04 -4.93607976451 19.1062614605 0.0 0.0 -0.153055925295 0.389849155318 0.0 0.0 0.0 0.0 -0.564572764195 3.50263924714 0.0 0.0 -0.0806118084166 -1.27113095348
Ring_Mag:EKick05 -4.93607976451 21.9938681228 0.0 0.0 -0.153055925295 0.479386871616 0.0 0.0 0.0 0.0 -0.564572764195 3.83291431419 0.0 0.0 -0.0806118084166 -1.22397304555
Ring_Mag:EKick06 -4.93607976451 24.881474785 0.0 0.0 -0.153055925295 0.568924587914 0.0 0.0 0.0 0.0 -0.564572764195 4.16318938125 0.0 0.0 -0.0806118084166 -1.17681513763
Ring_Mag:EKick07 -4.93607976451 27.7690814473 0.0 0.0 -0.153055925295 0.658462304211 0.0 0.0 0.0 0.0 -0.564572764195 4.4934644483 0.0 0.0 -0.0806118084166 -1.1296572297
Ring_Mag:QTH_C10 2.68279468142 33.1780524532 0.0 0.0 0.0372934774729 0.833953103923 0.0 0.0 0.0 0.0 -1.76463259707 5.45786817163 0.0 0.0 0.159749946682 -1.06078407059
Ring_Mag:QTV_C11 5.01327140885 24.7491901031 0.0 0.0 0.0918103849516 0.652714047124 0.0 0.0 0.0 0.0 -1.53072922249 8.2004179109 0.0 0.0 0.140229793634 -1.40452202766
Ring_Mag:EKick08 0.196727792129 23.9239280473 0.0 0.0 -0.0362890572268 0.670079222528 0.0 0.0 0.0 0.0 0.120889495505 8.30672432339 0.0 0.0 -0.13944323224 -1.30959673807
Ring_Mag:EKick09 0.196727792129 23.8237936011 0.0 0.0 -0.0362890572268 0.688550352657 0.0 0.0 0.0 0.0 0.120889495505 8.24519157018 0.0 0.0 -0.13944323224 -1.23862013286
Ring_Mag:EKick10 0.196727792129 23.7234624272 0.0 0.0 -0.0362890572268 0.707057771842 0.0 0.0 0.0 0.0 0.120889495505 8.18353792747 0.0 0.0 -0.13944323224 -1.16750408442
Ring_Mag:EKick11 0.196727792129 23.6239181643 0.0 0.0 -0.0362890572268 0.725420034799 0.0 0.0 0.0 0.0 0.120889495505 8.12236784275 0.0 0.0 -0.13944323224 -1.0969458089
Ring_Mag:EKick12 0.196727792129 23.5276592556 0.0 0.0 -0.0362890572268 0.7431762705 0.0 0.0 0.0 0.0 0.120889495505 8.0632166126 0.0 0.0 -0.13944323224 -1.02871623537
Ring_Mag:EKick13 0.196727792129 23.4353349028 0.0 0.0 -0.0362890572268 0.760206725057 0.0 0.0 0.0 0.0 0.120889495505 8.00648317236 0.0 0.0 -0.13944323224 -0.963275526479
Ring_Mag:EKick14 0.196727792129 23.3426564399 0.0 0.0 -0.0362890572268 0.777302499916 0.0 0.0 0.0 0.0 0.120889495505 7.94953213103 0.0 0.0 -0.13944323224 -0.89758381977
RTBT_Mag:ExSptm 0.196727792129 22.1008474664 0.0 0.0 -0.0362890572268 1.00637067792 0.0 0.0 0.0 0.0 0.120889495505 7.18643882987 0.0 0.0 -0.13944323224 -0.0173733765947
RTBT_POST_SEPTUM 0.245346773928 20.2717575611 0.0 0.0 -0.0360875890813 1.09412950039 0.0 0.0 0.0 0.0 0.378146438739 6.40234426252 0.0 0.0 -0.127161738898 0.491520616116
RTBT_Mag:QV01 -2.95109243262 20.0596485969 0.0 0.0 -0.228344050143 1.21327999269 0.0 0.0 0.0 0.0 1.25466956892 5.30336180078 0.0 0.0 0.00175142316512 0.80442568762
RTBT_Diag:BLM02 -4.32264704086 24.2487159627 0.0 0.0 -0.309520468678 1.50497458343 0.0 0.0 0.0 0.0 1.75229953347 3.85498184371 0.0 0.0 0.0707733992243 0.726377051822
RTBT_Mag:QH02 -4.32264704086 24.2487159627 0.0 0.0 -0.309520468678 1.50497458343 0.0 0.0 0.0 0.0 1.75229953347 3.85498184371 0.0 0.0 0.0707733992243 0.726377051822
RTBT_Diag:WS02 3.60492770057 12.0268815654 0.0 0.0 0.185996901184 0.897927218222 0.0 0.0 0.0 0.0 0.632339970447 1.04623023966 0.0 0.0 -0.162909907959 1.31188722321
RTBT_Diag:BCM02 3.60492770057 9.62239478909 0.0 0.0 0.185996901184 0.773867285133 0.0 0.0 0.0 0.0 0.632339970447 0.624459479368 0.0 0.0 -0.162909907959 1.42054813182
RTBT_Diag:BLM03 3.41489166289 6.55576820536 0.0 0.0 0.168254207428 0.615842548193 0.0 0.0 0.0 0.0 0.635243365645 0.0856294617027 0.0 0.0 -0.118426903447 1.55823613679
RTBT_Mag:QV03 3.41489166289 6.55576820536 0.0 0.0 0.168254207428 0.615842548193 0.0 0.0 0.0 0.0 0.635243365645 0.0856294617027 0.0 0.0 -0.118426903447 1.55823613679
RTBT_Diag:BLM04 1.86110833141 -1.08627620585 0.0 0.0 0.0328288111948 0.518152988334 0.0 0.0 0.0 0.0 0.693042635404 -2.31759696773 0.0 0.0 0.26397713599 0.560149362028
RTBT_Mag:QH04 1.86110833141 -1.08627620585 0.0 0.0 0.0328288111948 0.518152988334 0.0 0.0 0.0 0.0 0.693042635404 -2.31759696773 0.0 0.0 0.26397713599 0.560149362028
RTBT_Diag:BLM05 1.72610976945 -6.76071076408 0.0 0.0 0.179954363374 -0.12549572764 0.0 0.0 0.0 0.0 1.09002852249 -7.58803436708 0.0 0.0 0.121624534136 0.0707402178057
RTBT_Mag:QV05 1.72610976945 -6.76071076408 0.0 0.0 0.179954363374 -0.12549572764 0.0 0.0 0.0 0.0 1.09002852249 -7.58803436708 0.0 0.0 0.121624534136 0.0707402178057
RTBT_Mag:DCV05 4.52884617663 -9.53644438369 0.0 0.0 0.244853909674 -0.294784949559 0.0 0.0 0.0 0.0 -1.81373993745 -6.86689336547 0.0 0.0 0.137548501402 -0.0305827242082
RTBT_Diag:BLM06 3.50111836178 -23.5696216006 0.0 0.0 0.198953323006 -1.05373602324 0.0 0.0 0.0 0.0 -1.75759571521 -1.2379457597 0.0 0.0 0.157438823666 -0.458068524442
RTBT_Mag:QH06 3.50111836178 -23.5696216006 0.0 0.0 0.198953323006 -1.05373602324 0.0 0.0 0.0 0.0 -1.75759571521 -1.2379457597 0.0 0.0 0.157438823666 -0.458068524442
RTBT_Mag:DCH06 -5.82010169478 -21.2560584963 0.0 0.0 -0.221480344451 -0.980704368541 0.0 0.0 0.0 0.0 -1.41339231186 -0.101607954268 0.0 0.0 0.357484790775 -0.681818270585
RTBT_Diag:BLM07 -5.67871968269 -3.192383597 0.0 0.0 -0.208814705551 -0.293484576443 0.0 0.0 0.0 0.0 -1.23328419402 4.28147499737 0.0 0.0 0.281951665735 -1.78966779759
RTBT_Mag:QV07 -5.67871968269 -3.192383597 0.0 0.0 -0.208814705551 -0.293484576443 0.0 0.0 0.0 0.0 -1.23328419402 4.28147499737 0.0 0.0 0.281951665735 -1.78966779759
RTBT_Diag:BPM07 -4.92017380791 -0.320617844543 0.0 0.0 -0.111805645335 -0.210530547386 0.0 0.0 0.0 0.0 0.458045651633 4.4099813418 0.0 0.0 -0.405266125575 -1.7186410338
RTBT_Mag:DCV07 -4.92017380791 0.666929921138 0.0 0.0 -0.111805645335 -0.188089589088 0.0 0.0 0.0 0.0 0.458045651633 4.31804516688 0.0 0.0 -0.405266125575 -1.63729844867
RTBT_Diag:BLM08 -4.22758262231 15.9232835588 0.0 0.0 -0.104966573186 0.158817122932 0.0 0.0 0.0 0.0 0.330640251858 2.89932919592 0.0 0.0 -0.38820464982 -0.379666645263
RTBT_Mag:QH08 -4.22758262231 15.9232835588 0.0 0.0 -0.104966573186 0.158817122932 0.0 0.0 0.0 0.0 0.330640251858 2.89932919592 0.0 0.0 -0.38820464982 -0.379666645263
RTBT_Diag:BPM08 2.23520224893 16.1418315676 0.0 0.0 -0.0350188924531 0.194492886067 0.0 0.0 0.0 0.0 -0.816662822495 3.09349875242 0.0 0.0 -0.269013535453 -0.205478881944
RTBT_Mag:DCH08 2.23520224893 15.6931951834 0.0 0.0 -0.0350188924531 0.201521668047 0.0 0.0 0.0 0.0 -0.816662822495 3.25741441418 0.0 0.0 -0.269013535453 -0.151484099189
RTBT_Diag:BLM09 1.86167345767 8.7638444375 0.0 0.0 -0.0481344348222 0.310557847161 0.0 0.0 0.0 0.0 -0.572116654566 5.78646185897 0.0 0.0 -0.240336202891 0.682896168536
RTBT_Mag:QV09 1.86167345767 8.7638444375 0.0 0.0 -0.0481344348222 0.310557847161 0.0 0.0 0.0 0.0 -0.572116654566 5.78646185897 0.0 0.0 -0.240336202891 0.682896168536
RTBT_Diag:BPM09 -1.41553110821 8.81463721495 0.0 0.0 -0.174199968926 0.378309968483 0.0 0.0 0.0 0.0 1.62083375566 5.37558221101 0.0 0.0 0.0330881099352 0.726704914089
RTBT_Diag:BLM10 -0.82647280687 13.4782512985 0.0 0.0 -0.132630788268 0.953003036086 0.0 0.0 0.0 0.0 1.6182381888 0.018806308509 0.0 0.0 0.00600988100117 0.618025844771
RTBT_Mag:QH10 -0.82647280687 13.4782512985 0.0 0.0 -0.132630788268 0.953003036086 0.0 0.0 0.0 0.0 1.6182381888 0.018806308509 0.0 0.0 0.00600988100117 0.618025844771
RTBT_Diag:BPM10 4.40173095304 12.1960122818 0.0 0.0 0.243520454251 0.901913018598 0.0 0.0 0.0 0.0 1.75622744486 -0.915232331269 0.0 0.0 -0.24426802885 0.696699052893
RTBT_Diag:BLM11 4.49673955166 -2.35404446894 0.0 0.0 0.239147884641 0.0971893612871 0.0 0.0 0.0 0.0 1.47348966068 -6.71250984892 0.0 0.0 -0.180826761295 1.50242073306
RTBT_Mag:QV11 4.49673955166 -2.35404446894 0.0 0.0 0.239147884641 0.0971893612871 0.0 0.0 0.0 0.0 1.47348966068 -6.71250984892 0.0 0.0 -0.180826761295 1.50242073306
RTBT_Mag:DCV11 5.81161803035 -6.42216095935 0.0 0.0 0.221832061469 -0.0730676383897 0.0 0.0 0.0 0.0 -1.13814502294 -6.44020277197 0.0 0.0 0.391119932451 1.33453263207
RTBT_Diag:BCM11 5.81161803035 -15.7166003126 0.0 0.0 0.221832061469 -0.427840548649 0.0 0.0 0.0 0.0 -1.13814502294 -4.61998337081 0.0 0.0 0.391119932451 0.709019999777
RTBT_Diag:BLM12 5.04029256448 -24.4438381817 0.0 0.0 0.197848003775 -0.761099586933 0.0 0.0 0.0 0.0 -1.04498498134 -2.90941132617 0.0 0.0 0.386989143811 0.12049034231
RTBT_Mag:QH12 5.04029256448 -24.4438381817 0.0 0.0 0.197848003775 -0.761099586933 0.0 0.0 0.0 0.0 -1.04498498134 -2.90941132617 0.0 0.0 0.386989143811 0.12049034231
RTBT_Mag:DCV13 -2.11131003112 -15.8339967472 0.0 0.0 -0.0274293750936 -0.679349131519 0.0 0.0 0.0 0.0 -0.264178153463 -1.4573007124 0.0 0.0 0.376972766501 -1.70580842101
RTBT_Diag:BPM13 -2.11131003112 -15.4102272656 0.0 0.0 -0.0274293750936 -0.673843671927 0.0 0.0 0.0 0.0 -0.264178153463 -1.4042764585 0.0 0.0 0.376972766501 -1.78147213287
RTBT_Diag:BLM13 -1.69146769425 -15.0917922061 0.0 0.0 -0.00883544985904 -0.670035128175 0.0 0.0 0.0 0.0 -0.302158751519 -1.36216635083 0.0 0.0 0.326207568785 -1.83893739177
RTBT_Mag:QV13 -1.69146769425 -15.0917922061 0.0 0.0 -0.00883544985904 -0.670035128175 0.0 0.0 0.0 0.0 -0.302158751519 -1.36216635083 0.0 0.0 0.326207568785 -1.83893739177
RTBT_Diag:BLM_Mov01 2.05071722417 -16.0895751849 0.0 0.0 0.16106396476 -0.776045937405 0.0 0.0 0.0 0.0 -0.619035372009 -0.875915902541 0.0 0.0 -0.142425441543 -1.81694416835
Begin_Of_RTBT2 2.05071722417 -16.7099130438 0.0 0.0 0.16106396476 -0.824767464617 0.0 0.0 0.0 0.0 -0.619035372009 -0.688658940578 0.0 0.0 -0.142425441543 -1.77386075713
RTBT_Mag:DH13 2.05071722417 -17.2201314892 0.0 0.0 0.16106396476 -0.864840179049 0.0 0.0 0.0 0.0 -0.619035372009 -0.534642940023 0.0 0.0 -0.142425441543 -1.73842530728
RTBT_Diag:BLM14 0.846839655314 -22.7018603277 0.0 0.0 0.093833162318 -1.33459426227 0.0 0.0 0.0 0.0 -0.652692478957 1.59012269718 0.0 0.0 -0.11562218405 -1.25043043571
RTBT_Mag:QH14 0.846839655314 -22.7018603277 0.0 0.0 0.093833162318 -1.33459426227 0.0 0.0 0.0 0.0 -0.652692478957 1.59012269718 0.0 0.0 -0.11562218405 -1.25043043571
RTBT_Mag:DCH14 -3.49548020989 -21.0301644283 0.0 0.0 -0.163336164249 -1.26877742826 0.0 0.0 0.0 0.0 -0.991593015167 2.2613771768 0.0 0.0 0.123453496927 -1.29002009976
RTBT_Diag:BCM14 -3.49548020989 -15.6156655832 0.0 0.0 -0.163336164249 -1.01576970984 0.0 0.0 0.0 0.0 -0.991593015167 3.7973547573 0.0 0.0 0.123453496927 -1.4812495665
RTBT_Diag:BLM15 -3.32320572098 -8.29875267711 0.0 0.0 -0.149406177996 -0.674013319572 0.0 0.0 0.0 0.0 -0.871408575634 5.87123182263 0.0 0.0 0.0877700183212 -1.73892955269
RTBT_Mag:QV15 -3.32320572098 -8.29875267711 0.0 0.0 -0.149406177996 -0.674013319572 0.0 0.0 0.0 0.0 -0.871408575634 5.87123182263 0.0 0.0 0.0877700183212 -1.73892955269
RTBT_Diag:BPM15 -1.9062378929 -6.92854110055 0.0 0.0 -0.0292727045233 -0.630990046361 0.0 0.0 0.0 0.0 0.235477823706 5.99040338848 0.0 0.0 -0.233026700323 -1.68136399849
RTBT_Mag:DCV15 -1.9062378929 -6.54593246811 0.0 0.0 -0.0292727045233 -0.625114604745 0.0 0.0 0.0 0.0 0.235477823706 5.94313969257 0.0 0.0 -0.233026700323 -1.63459227736
RTBT_Diag:BLM16 -1.85249847255 3.05004028501 0.0 0.0 -0.037832932599 -0.477521598307 0.0 0.0 0.0 0.0 0.150229496044 4.7597147173 0.0 0.0 -0.224665527189 -0.461585893967
RTBT_Mag:QH16 -1.85249847255 3.05004028501 0.0 0.0 -0.037832932599 -0.477521598307 0.0 0.0 0.0 0.0 0.150229496044 4.7597147173 0.0 0.0 -0.224665527189 -0.461585893967
RTBT_Diag:BLM_Mov02 -1.36725970165 3.69708231284 0.0 0.0 -0.104461097701 -0.448926215383 0.0 0.0 0.0 0.0 -0.533317168167 4.8359687428 0.0 0.0 -0.164420557095 -0.384137877881
RTBT_Diag:BPM16 -1.3005038791 3.9013746857 0.0 0.0 -0.112446078746 -0.431606336508 0.0 0.0 0.0 0.0 -0.620101541317 4.93040880392 0.0 0.0 -0.157619480951 -0.359411336047
RTBT_Mag:DCH16 -1.3005038791 4.16240402129 0.0 0.0 -0.112446078746 -0.409036834258 0.0 0.0 0.0 0.0 -0.620101541317 5.05487186469 0.0 0.0 -0.157619480951 -0.327774899547
RTBT_Diag:BLM17 -1.53459868414 10.7158785917 0.0 0.0 -0.115828580586 0.157177905533 0.0 0.0 0.0 0.0 -0.441235941265 8.172419197 0.0 0.0 -0.147497549829 0.465537343009
RTBT_Mag:QV17 -1.53459868414 10.7158785917 0.0 0.0 -0.115828580586 0.157177905533 0.0 0.0 0.0 0.0 -0.441235941265 8.172419197 0.0 0.0 -0.147497549829 0.465537343009
RTBT_Diag:BPM17 -3.74867709335 12.2925087461 0.0 0.0 -0.152477160312 0.233236100348 0.0 0.0 0.0 0.0 1.16671668637 7.88452898261 0.0 0.0 -0.0505100206945 0.515765553843
RTBT_Mag:DCV17 -3.74867709335 13.0449207202 0.0 0.0 -0.152477160312 0.263840401103 0.0 0.0 0.0 0.0 1.16671668637 7.65035260962 0.0 0.0 -0.0505100206945 0.525903622136
RTBT_Diag:BPM18 -3.74867709335 31.3342889095 0.0 0.0 -0.152477160312 1.00775908387 0.0 0.0 0.0 0.0 1.16671668637 1.95807490253 0.0 0.0 -0.0505100206945 0.772336254962
RTBT_Diag:BLM18 -3.09809676546 31.9020828762 0.0 0.0 -0.131468156977 1.03099040517 0.0 0.0 0.0 0.0 1.1297954597 1.77722836409 0.0 0.0 -0.0664391208031 0.780603694635
RTBT_Mag:QH18 -3.09809676546 31.9020828762 0.0 0.0 -0.131468156977 1.03099040517 0.0 0.0 0.0 0.0 1.1297954597 1.77722836409 0.0 0.0 -0.0664391208031 0.780603694635
RTBT_Diag:BLM19a 2.46546268383 16.9168676043 0.0 0.0 0.0460024209085 0.721250771974 0.0 0.0 0.0 0.0 0.779575297202 -3.17755300236 0.0 0.0 -0.173501870682 1.98994426282
RTBT_Mag:QV19 2.46546268383 16.9168676043 0.0 0.0 0.0460024209085 0.721250771974 0.0 0.0 0.0 0.0 0.779575297202 -3.17755300236 0.0 0.0 -0.173501870682 1.98994426282
RTBT_Diag:BPM19 -0.645066524028 16.5783810517 0.0 0.0 -0.089125263589 0.740315243963 0.0 0.0 0.0 0.0 0.159746878705 -3.40729970943 0.0 0.0 0.201488310304 1.96228521889
RTBT_Mag:DCV19 -0.645066524028 16.707854934 0.0 0.0 -0.089125263589 0.758203932119 0.0 0.0 0.0 0.0 0.159746878705 -3.43936314444 0.0 0.0 0.201488310304 1.92184369418
RTBT_Diag:BLM19b -0.645066524028 18.2840659545 0.0 0.0 -0.089125263589 0.975980265945 0.0 0.0 0.0 0.0 0.159746878705 -3.8297024061 0.0 0.0 0.201488310304 1.42950982879
RTBT_Diag:BLM20 -0.23745116471 19.9453738274 0.0 0.0 -0.0644981059975 1.20630629724 0.0 0.0 0.0 0.0 0.246446077574 -4.24580513315 0.0 0.0 0.182829017815 0.907880619876
RTBT_Mag:QH20 -0.23745116471 19.9453738274 0.0 0.0 -0.0644981059975 1.20630629724 0.0 0.0 0.0 0.0 0.246446077574 -4.24580513315 0.0 0.0 0.182829017815 0.907880619876
RTBT_Mag:DCH20 3.39212385511 18.1909000797 0.0 0.0 0.157081984923 1.13718214806 0.0 0.0 0.0 0.0 1.04884139592 -4.8567347992 0.0 0.0 0.0210719008149 0.855858063499
RTBT_Diag:WS20 3.39212385511 3.75997073757 0.0 0.0 0.157081984923 0.468916742032 0.0 0.0 0.0 0.0 1.04884139592 -9.31876411242 0.0 0.0 0.0210719008149 0.766213013744
RTBT_Diag:BLM21a 3.36718434489 1.1132597443 0.0 0.0 0.149787132498 0.346506714607 0.0 0.0 0.0 0.0 0.838325519681 -10.1320630885 0.0 0.0 0.0366932314814 0.749377000891
RTBT_Mag:QV21 3.36718434489 1.1132597443 0.0 0.0 0.149787132498 0.346506714607 0.0 0.0 0.0 0.0 0.838325519681 -10.1320630885 0.0 0.0 0.0366932314814 0.749377000891
RTBT_Diag:BLM_Mov03 3.29247156693 -0.21132413348 0.0 0.0 0.0964373923812 0.297533458287 0.0 0.0 0.0 0.0 -0.858678564037 -10.1279697238 0.0 0.0 0.158935090467 0.710032612704
RTBT_Diag:BPM21 3.29858711895 -0.725076822278 0.0 0.0 0.0902907250954 0.283312901635 0.0 0.0 0.0 0.0 -1.06909862051 -9.96666047802 0.0 0.0 0.173635425742 0.683347000283
RTBT_Mag:DCV21 3.29858711895 -1.38714943727 0.0 0.0 0.0902907250954 0.265190289038 0.0 0.0 0.0 0.0 -1.06909862051 -9.75207741751 0.0 0.0 0.173635425742 0.648495939441
RTBT_Diag:BLM21b 3.29858711895 -8.11292239259 0.0 0.0 0.0902907250954 0.0810887646392 0.0 0.0 0.0 0.0 -1.06909862051 -7.57220029768 0.0 0.0 0.173635425742 0.294455737248
RTBT_Diag:WS21 3.29858711895 -13.5381086271 0.0 0.0 0.0902907250954 -0.0674123909252 0.0 0.0 0.0 0.0 -1.06909862051 -5.81385379653 0.0 0.0 0.173635425742 0.00887755252994
RTBT_Diag:BPM22 3.29858711895 -17.4805799517 0.0 0.0 0.0902907250954 -0.175327865559 0.0 0.0 0.0 0.0 -1.06909862051 -4.5360671253 0.0 0.0 0.173635425742 -0.198651508317
RTBT_Diag:BLM22a 2.93241712675 -17.9853588472 0.0 0.0 0.0864651227233 -0.189299896964 0.0 0.0 0.0 0.0 -0.979197278207 -4.37175345581 0.0 0.0 0.178162212028 -0.22581632812
RTBT_Mag:QH22 2.93241712675 -17.9853588472 0.0 0.0 0.0864651227233 -0.189299896964 0.0 0.0 0.0 0.0 -0.979197278207 -4.37175345581 0.0 0.0 0.178162212028 -0.22581632812
RTBT_Diag:BLM22b -0.452255172395 -17.0222737757 0.0 0.0 0.0485544718065 -0.383616370719 0.0 0.0 0.0 0.0 -0.204401365248 -3.41802495715 0.0 0.0 0.227719336331 -1.08438426978
RTBT_Diag:BLM23 -0.116036912807 -16.1400995793 0.0 0.0 0.0585103450149 -0.479478501214 0.0 0.0 0.0 0.0 -0.267291636592 -3.01394450864 0.0 0.0 0.195924357534 -1.53201523146
RTBT_Mag:QV23 -0.116036912807 -16.1400995793 0.0 0.0 0.0585103450149 -0.479478501214 0.0 0.0 0.0 0.0 -0.267291636592 -3.01394450864 0.0 0.0 0.195924357534 -1.53201523146
RTBT_Diag:BPM23 2.94662913285 -17.0842975676 0.0 0.0 0.152124890189 -0.542635947499 0.0 0.0 0.0 0.0 -0.813051283746 -2.68312363314 0.0 0.0 -0.095383236055 -1.54470577683
RTBT_Mag:DCV23 2.94662913285 -17.6757272874 0.0 0.0 0.152124890189 -0.573169542708 0.0 0.0 0.0 0.0 -0.813051283746 -2.51993285777 0.0 0.0 -0.095383236055 -1.52556102599
RTBT_Diag:WS23 2.94662913285 -29.9799253046 0.0 0.0 0.152124890189 -1.20839531692 0.0 0.0 0.0 0.0 -0.813051283746 0.875114005049 0.0 0.0 -0.095383236055 -1.12727058256
RTBT_Diag:BLM24 2.28352160912 -32.494513182 0.0 0.0 0.124828449339 -1.33838877649 0.0 0.0 0.0 0.0 -0.844813602315 1.57431558518 0.0 0.0 -0.0739577166108 -1.0458723814
RTBT_Mag:QH24 2.28352160912 -32.494513182 0.0 0.0 0.124828449339 -1.33838877649 0.0 0.0 0.0 0.0 -0.844813602315 1.57431558518 0.0 0.0 -0.0739577166108 -1.0458723814
RTBT_Diag:BPM24 -3.70768126103 -31.7795749251 0.0 0.0 -0.12320349308 -1.32572200611 0.0 0.0 0.0 0.0 -1.17374690954 2.14956578267 0.0 0.0 0.118082750294 -1.06822572171
RTBT_Diag:WS24 -3.70768126103 -15.8181554036 0.0 0.0 -0.12320349308 -0.795335896537 0.0 0.0 0.0 0.0 -1.17374690954 7.20249927838 0.0 0.0 0.118082750294 -1.57656723842
RTBT_Diag:BLM25 -3.43656490969 -12.9313260444 0.0 0.0 -0.108577107245 -0.699549124759 0.0 0.0 0.0 0.0 -1.00532765674 8.11433256239 0.0 0.0 0.0834009324602 -1.66785713171
RTBT_Mag:QV25 -3.43656490969 -12.9313260444 0.0 0.0 -0.108577107245 -0.699549124759 0.0 0.0 0.0 0.0 -1.00532765674 8.11433256239 0.0 0.0 0.0834009324602 -1.66785713171
RTBT_Diag:BLM_Mov04 -1.37345412782 -11.9746289187 0.0 0.0 0.00562239367732 -0.67907176744 0.0 0.0 0.0 0.0 0.364794690719 8.24315530856 0.0 0.0 -0.194136955931 -1.64558611772
RTBT_Diag:BPM25 -1.12476768016 -11.7931783714 0.0 0.0 0.0197686848825 -0.681798016193 0.0 0.0 0.0 0.0 0.536229498244 8.16389466826 0.0 0.0 -0.228297441443 -1.61087047206
RTBT_Diag:BCM25 -1.12476768016 -8.8636084717 0.0 0.0 0.0197686848825 -0.733287532838 0.0 0.0 0.0 0.0 0.536229498244 6.76723131713 0.0 0.0 -0.228297441443 -1.01624695608
RTBT_Diag:BLM26 -1.50285666936 -5.87863583886 0.0 0.0 -0.0297862009026 -0.781912375335 0.0 0.0 0.0 0.0 0.194334515208 5.37988895833 0.0 0.0 -0.200959590648 -0.417528933088
RTBT_Mag:QH26 -1.50285666936 -5.87863583886 0.0 0.0 -0.0297862009026 -0.781912375335 0.0 0.0 0.0 0.0 0.194334515208 5.37988895833 0.0 0.0 -0.200959590648 -0.417528933088
RTBT_Diag:BLM27 -3.69551717021 11.3123622166 0.0 0.0 -0.256054813774 0.513212282167 0.0 0.0 0.0 0.0 -0.20931462937 11.9965784525 0.0 0.0 -0.0880413927637 0.268473711213
RTBT_Mag:QV27 -3.69551717021 11.3123622166 0.0 0.0 -0.256054813774 0.513212282167 0.0 0.0 0.0 0.0 -0.20931462937 11.9965784525 0.0 0.0 -0.0880413927637 0.268473711213
RTBT_Diag:BPM27 -6.0528924994 16.6173117398 0.0 0.0 -0.368806589096 0.847293102132 0.0 0.0 0.0 0.0 1.95175185611 10.7646228234 0.0 0.0 -0.0343228795184 0.323057024794
RTBT_Diag:BLM28 -3.46739203738 22.0721685643 0.0 0.0 -0.23110741729 1.1827453679 0.0 0.0 0.0 0.0 0.835474166345 9.05234202448 0.0 0.0 -0.0769850496148 0.362793982537
RTBT_Mag:QH28 -3.46739203738 22.0721685643 0.0 0.0 -0.23110741729 1.1827453679 0.0 0.0 0.0 0.0 0.835474166345 9.05234202448 0.0 0.0 -0.0769850496148 0.362793982537
RTBT_Mag:DCH28 2.77759132337 20.9421329401 0.0 0.0 0.107910700215 1.17363566128 0.0 0.0 0.0 0.0 -1.66895817184 10.1720736358 0.0 0.0 -0.188387141776 0.549017880522
RTBT_Mag:DCV28 2.77759132337 20.9421329401 0.0 0.0 0.107910700215 1.17363566128 0.0 0.0 0.0 0.0 -1.66895817184 10.1720736358 0.0 0.0 -0.188387141776 0.549017880522
RTBT_Diag:BLM29 1.8336521878 11.8819573739 0.0 0.0 0.0433036698646 0.825964907382 0.0 0.0 0.0 0.0 -0.479975963545 15.5211611435 0.0 0.0 -0.100299060516 1.15997033833
RTBT_Mag:QV29 1.8336521878 11.8819573739 0.0 0.0 0.0433036698646 0.825964907382 0.0 0.0 0.0 0.0 -0.479975963545 15.5211611435 0.0 0.0 -0.100299060516 1.15997033833
RTBT_Diag:BPM29 -0.197356405408 11.3684187803 0.0 0.0 -0.103224187557 0.879098867068 0.0 0.0 0.0 0.0 2.23993910647 14.1935725331 0.0 0.0 0.106979287338 1.12432443681
RTBT_Diag:BLM30 0.170256294293 11.502215469 0.0 0.0 -0.0725204623743 0.974143226536 0.0 0.0 0.0 0.0 1.84400716894 12.0902423114 0.0 0.0 0.0737869223421 1.02608156975
RTBT_Mag:QH30 0.170256294293 11.502215469 0.0 0.0 -0.0725204623743 0.974143226536 0.0 0.0 0.0 0.0 1.84400716894 12.0902423114 0.0 0.0 0.0737869223421 1.02608156975
RTBT_Mag:DCH30 1.0 10.588492 0.0 0.0 1.73472347598e-18 1.0 0.0 0.0 0.0 0.0 1.0 10.588492 0.0 0.0 4.16333634234e-17 1.0
RTBT_Mag:DCV30 1.0 10.588492 0.0 0.0 1.73472347598e-18 1.0 0.0 0.0 0.0 0.0 1.0 10.588492 0.0 0.0 4.16333634234e-17 1.0
RTBT_Diag:Harp30 1.0 9.517196 0.0 0.0 -3.46944695195e-18 1.0 0.0 0.0 0.0 0.0 1.0 9.517196 0.0 0.0 -4.16333634234e-17 1.0
RTBT_Diag:BPM30 1.0 9.252693 0.0 0.0 -1.73472347598e-18 1.0 0.0 0.0 0.0 0.0 1.0 9.252693 0.0 0.0 4.16333634234e-17 1.0
RTBT_Vac:VIW 1.0 2.3252 0.0 0.0 1.73472347598e-18 1.0 0.0 0.0 0.0 0.0 1.0 2.3252 0.0 0.0 1.38777878078e-17 1.0
RTBT:Tgt 1.0 0.0 0.0 0.0 5.20417042793e-18 1.0 0.0 0.0 0.0 0.0 1.0 0.0 0.0 0.0 0.0 1.0
