0.0 0.0 0.0 -1.25287976099 0.789987518004 5.79735938488 9.99584375794 0.0002 0.0002
0.0 0.0 0.0 -1.25287976099 0.789987518004 5.79735938488 9.99584375794 0.0002 0.0002
0.0 0.0 0.0 -1.25287976099 0.789987518004 5.79735938488 9.99584375794 0.0002 0.0002
0.423 0.066753540216 0.0437532690482 -1.4403765648 0.721260357547 6.93660681069 9.35658590658 0.0002 0.0002
0.423 0.066753540216 0.0437532690482 -1.4403765648 0.721260357547 6.93660681069 9.35658590658 0.0002 0.0002
0.877 0.126493679056 0.0939926370906 -1.64161426913 0.647496454835 8.3358306493 8.73517031376 0.0002 0.0002
0.877 0.126493679056 0.0939926370906 -1.64161426913 0.647496454835 8.3358306493 8.73517031376 0.0002 0.0002
1.357 0.179054848887 0.150908639629 -1.85437659969 0.569508187651 10.0139062663 8.15100808537 0.0002 0.0002
1.357 0.179054848887 0.150908639629 -1.85437659969 0.569508187651 10.0139062663 8.15100808537 0.0002 0.0002
1.89 0.227461469232 0.218724550225 -2.09063143759 0.482908715965 12.1165955502 7.59006987574 0.0002 0.0002
1.89 0.227461469232 0.218724550225 -2.09063143759 0.482908715965 12.1165955502 7.59006987574 0.0002 0.0002
2.475 0.271287727347 0.298608182672 -2.34993552796 0.387860515334 14.714327225 7.08066987543 0.0002 0.0002
2.475 0.271287727347 0.298608182672 -2.34993552796 0.387860515334 14.714327225 7.08066987543 0.0002 0.0002
3.06 0.30763187344 0.383756269393 -2.60923961834 0.292812314703 17.6154446856 6.68247626986 0.0002 0.0002
3.06 0.30763187344 0.383756269393 -2.60923961834 0.292812314703 17.6154446856 6.68247626986 0.0002 0.0002
3.645 0.33818367368 0.473361134349 -2.86854370871 0.197764114072 20.819947932 6.39548905903 0.0002 0.0002
3.645 0.33818367368 0.473361134349 -2.86854370871 0.197764114072 20.819947932 6.39548905903 0.0002 0.0002
4.6635 0.381056842021 0.636334330528 -3.31999877888 0.0322827596395 27.1229784556 6.16118631815 0.0002 0.0002
5.0 0.393275533142 0.68962794033 2.9466501061 -1.50789321957 27.2519470949 6.64533124673 0.0002 0.0002
5.0 0.393275533142 0.68962794033 2.9466501061 -1.50789321957 27.2519470949 6.64533124673 0.0002 0.0002
5.3365 0.406442290767 0.735547309062 8.32634033917 -3.52593149772 23.3578332421 8.29691936867 0.0002 0.0002
5.7585 0.427704833722 0.778648441223 7.0557433696 -4.20912307319 16.866593917 11.5611123976 0.0002 0.0002
6.025 0.445141630862 0.800001877815 3.52089764915 -1.97658514091 14.0965294693 13.2392607424 0.0002 0.0002
6.025 0.445141630862 0.800001877815 3.52089764915 -1.97658514091 14.0965294693 13.2392607424 0.0002 0.0002
6.2915 0.465018789981 0.819693318601 0.743291012679 0.666344944999 12.9797214591 13.5947216436 0.0002 0.0002
6.973 0.519601798259 0.871509033735 0.661778002888 0.593956804405 12.022166925 12.7358260014 0.0002 0.0002
6.973 0.519601798259 0.871509033735 0.661778002888 0.593956804405 12.022166925 12.7358260014 0.0002 0.0002
7.482 0.563133200077 0.912423969958 0.600897413037 0.539891413998 11.3794651383 12.1586972582 0.0002 0.0002
7.482 0.563133200077 0.912423969958 0.600897413037 0.539891413998 11.3794651383 12.1586972582 0.0002 0.0002
7.992 0.609158621209 0.955314830879 0.539897214954 0.48571980475 10.797659878 11.6356355367 0.0002 0.0002
7.992 0.609158621209 0.955314830879 0.539897214954 0.48571980475 10.797659878 11.6356355367 0.0002 0.0002
8.498 0.657200049455 0.999711114139 0.479375449798 0.431973070868 10.2819079096 11.1712829416 0.0002 0.0002
8.498 0.657200049455 0.999711114139 0.479375449798 0.431973070868 10.2819079096 11.1712829416 0.0002 0.0002
8.9873 0.705861015825 1.04432598128 0.420851142108 0.380000191642 9.84142703819 10.7739844242 0.0002 0.0002
8.9873 0.705861015825 1.04432598128 0.420851142108 0.380000191642 9.84142703819 10.7739844242 0.0002 0.0002
9.4566 0.75448543446 1.0885888119 0.364718999049 0.330151689249 9.47275897095 10.4407101465 0.0002 0.0002
9.4566 0.75448543446 1.0885888119 0.364718999049 0.330151689249 9.47275897095 10.4407101465 0.0002 0.0002
9.9277 0.805092981339 1.1343606076 0.308371561173 0.280111992941 9.15566600803 10.1532149259 0.0002 0.0002
9.9277 0.805092981339 1.1343606076 0.308371561173 0.280111992941 9.15566600803 10.1532149259 0.0002 0.0002
16.240021 1.52426352844 1.77965505857 -0.446633990515 -0.390375431889 10.0284228443 10.8492331471 0.0002 0.0002
16.240021 1.52426352844 1.77965505857 -0.446633990515 -0.390375431889 10.0284228443 10.8492331471 0.0002 0.0002
17.480021 1.64187692492 1.88872657728 -0.384257937794 -0.522205025018 11.0678384446 11.9818486835 0.0002 0.0002
17.480021 1.64187692492 1.88872657728 -0.384257937794 -0.522205025018 11.0678384446 11.9818486835 0.0002 0.0002
17.480021 1.64187692492 1.88872657728 -0.384257937794 -0.522205025018 11.0678384446 11.9818486835 0.0002 0.0002
17.480021 1.64187692492 1.88872657728 -0.384257937794 -0.522205025018 11.0678384446 11.9818486835 0.0002 0.0002
18.720021 1.74977852503 1.98667943932 -0.285913571929 -0.654034618147 11.9061986433 13.4416950832 0.0002 0.0002
18.720021 1.74977852503 1.98667943932 -0.730698711653 -0.151887257365 11.9061986433 13.4416950832 0.0002 0.0002
20.0 1.84912574858 2.08027209005 -0.895603247829 -0.249308585053 13.9878309991 13.9552173364 0.0002 0.0002
20.0 1.84912574858 2.08027209005 -0.895603247829 -0.249308585053 13.9878309991 13.9552173364 0.0002 0.0002
22.328798 1.99300877461 2.23913320462 -1.195631103 -0.426557268883 18.8578933729 15.5291723853 0.0002 0.0002
22.595298 2.00671248327 2.25641467252 -4.46621585282 2.024498567 20.3455124189 15.0971098655 0.0002 0.0002
22.595298 2.00671248327 2.25641467252 -4.46621585282 2.024498567 20.3455124189 15.0971098655 0.0002 0.0002
22.861798 2.01892176798 2.27499619924 -8.51611981222 4.13227919439 23.7565494793 13.4323973281 0.0002 0.0002
23.218798 2.03224346402 2.30484388638 -9.62100139147 3.65187082566 30.2315017491 10.6534557709 0.0002 0.0002
23.355298 2.03658609395 2.31823262492 -7.37645205425 2.67215690268 32.560312643 9.79341884738 0.0002 0.0002
23.355298 2.03658609395 2.31823262492 -7.37645205425 2.67215690268 32.560312643 9.79341884738 0.0002 0.0002
23.555298 2.04250747847 2.33964956452 -3.52758953226 1.44169902635 34.7586829936 8.97714780245 0.0002 0.0002
23.555298 2.04250747847 2.33964956452 -3.52758953226 1.44169902635 34.7586829936 8.97714780245 0.0002 0.0002
23.891798 2.05207843963 2.37833601978 3.50019843333 -0.368960897343 34.7681140018 8.62410670828 0.0002 0.0002
27.336298 2.20259346535 2.71332197382 2.18737457241 -0.822736262327 15.1772687836 12.7289075748 0.0002 0.0002
27.336298 2.20259346535 2.71332197382 2.18737457241 -0.822736262327 15.1772687836 12.7289075748 0.0002 0.0002
28.003298 2.25117642619 2.7635144888 1.9331566844 -0.910606248811 12.4288744353 13.8850470297 0.0002 0.0002
28.003298 2.25117642619 2.7635144888 1.9331566844 -0.910606248811 12.4288744353 13.8850470297 0.0002 0.0002
28.805298 2.32476680989 2.81833331264 1.62748540077 -1.01626101517 9.57323948296 15.4303945754 0.0002 0.0002
28.855298 2.33003189809 2.82156455936 1.33893424376 -0.578920861897 9.42498918021 15.5101917204 0.0002 0.0002
28.855298 2.33003189809 2.82156455936 1.33893424376 -0.578920861897 9.42498918021 15.5101917204 0.0002 0.0002
29.055298 2.35169933933 2.83446085464 0.245460495365 1.17833911104 9.11050572738 15.3893850452 0.0002 0.0002
29.055298 2.35169933933 2.83446085464 0.245460495365 1.17833911104 9.11050572738 15.3893850452 0.0002 0.0002
29.305298 2.37899264545 2.85122552105 -1.101032978 3.20638805511 9.32188517453 14.2799470277 0.0002 0.0002
32.666098 2.63156295916 3.61577835318 -1.89861941447 0.551411078272 19.4031169352 1.6507357002 0.0002 0.0002
32.716098 2.63412865605 3.64655617499 -1.29271293247 0.461455138698 19.5627675447 1.6001190132 0.0002 0.0002
32.716098 2.63412865605 3.64655617499 -1.29271293247 0.461455138698 19.5627675447 1.6001190132 0.0002 0.0002
32.916098 2.64430311948 3.77727532781 1.17362008437 0.125350127928 19.5867886343 1.4837358791 0.0002 0.0002
32.916098 2.64430311948 3.77727532781 1.17362008437 0.125350127928 19.5867886343 1.4837358791 0.0002 0.0002
33.166098 2.65743598596 3.94552271711 4.06306948166 -0.280667353738 18.2601230354 1.52206246857 0.0002 0.0002
36.526898 3.28789754613 4.88342652806 0.840600517365 -2.66266170903 1.77986890271 11.4140027827 0.0002 0.0002
36.576898 3.31664020394 4.88775960415 0.720633359552 -2.20383382085 1.70186228825 11.6574995375 0.0002 0.0002
36.576898 3.31664020394 4.88775960415 0.720633359552 -2.20383382085 1.70186228825 11.6574995375 0.0002 0.0002
36.776898 3.44279603363 4.90447172214 0.29243112557 -0.222914926922 1.50150808905 12.1484086318 0.0002 0.0002
36.776898 3.44279603363 4.90447172214 0.29243112557 -0.222914926922 1.50150808905 12.1484086318 0.0002 0.0002
37.026898 3.61297693893 4.92532132188 -0.192683526336 2.26322978138 1.47700231019 11.6291296965 0.0002 0.0002
37.333412 3.80993521517 4.95334345734 -0.407912659763 2.1018640703 1.66109344957 10.2911673197 0.0002 0.0002
37.333412 3.80993521517 4.95334345734 -0.407912659763 2.1018640703 1.66109344957 10.2911673197 0.0002 0.0002
40.387698 4.62003966825 5.62129221303 -2.5525824922 0.493921097951 10.7032923453 2.36289702128 0.0002 0.0002
40.437698 4.62465937959 5.64265716849 -2.10854003108 0.366119553188 10.9365186833 2.31992634018 0.0002 0.0002
40.437698 4.62465937959 5.64265716849 -2.10854003108 0.366119553188 10.9365186833 2.31992634018 0.0002 0.0002
40.637698 4.64246655528 5.73039273183 -0.188932967562 -0.123838638145 11.4014542725 2.27202808315 0.0002 0.0002
40.637698 4.64246655528 5.73039273183 -0.188932967562 -0.123838638145 11.4014542725 2.27202808315 0.0002 0.0002
40.887698 4.66470501698 5.83663351661 2.21532726913 -0.769206347334 10.885407082 2.49130367264 0.0002 0.0002
41.194212 4.69472760618 5.94856033709 2.04897748969 -0.965036233478 9.57833797311 3.02287330306 0.0002 0.0002
41.194212 4.69472760618 5.94856033709 2.04897748969 -0.965036233478 9.57833797311 3.02287330306 0.0002 0.0002
44.248498 5.43843837323 0.138238903508 0.391370325134 -2.91640054189 2.12481780715 14.877891306 0.0002 0.0002
44.298498 5.46216715533 0.141569293915 0.275664336662 -2.30620861927 2.09148961543 15.1392063961 0.0002 0.0002
44.298498 5.46216715533 0.141569293915 0.275664336662 -2.30620861927 2.09148961543 15.1392063961 0.0002 0.0002
44.498498 5.5589538151 0.154531222457 -0.173340996173 0.276025237324 2.07125316849 15.5498957036 0.0002 0.0002
44.498498 5.5589538151 0.154531222457 -0.173340996173 0.276025237324 2.07125316849 15.5498957036 0.0002 0.0002
44.748498 5.674657522 0.170971394107 -0.775442760631 3.41097751464 2.3043468506 14.6115131717 0.0002 0.0002
44.854298 5.71896328103 0.178395489968 -0.848964137855 3.31949086319 2.47620910046 13.8994296173 0.0002 0.0002
44.854298 5.71896328103 0.178395489968 -0.848964137855 3.31949086319 2.47620910046 13.8994296173 0.0002 0.0002
45.055012 5.79465659037 0.193561828949 -0.988442112411 3.14593082767 2.84500225858 12.6017289681 0.0002 0.0002
45.055012 5.79465659037 0.193561828949 -0.988442112411 3.14593082767 2.84500225858 12.6017289681 0.0002 0.0002
48.109298 0.0 0.98906797338 -3.1108930874 0.504849554508 15.3655443687 1.45120155772 0.0002 0.0002
48.159298 0.0 1.02409173727 -2.45990950249 0.400105082221 15.6442880208 1.40598682945 0.0002 0.0002
48.159298 0.0 1.02409173727 -2.45990950249 0.400105082221 15.6442880208 1.40598682945 0.0002 0.0002
48.359298 0.00742304561014 1.17199611534 0.299861695447 0.00743573978861 16.0814154512 1.32541756938 0.0002 0.0002
48.359298 0.00742304561014 1.17199611534 0.299861695447 0.00743573978861 16.0814154512 1.32541756938 0.0002 0.0002
48.609298 0.0233332371903 1.35541768368 3.64613339189 -0.488319627763 15.0765089308 1.44349141228 0.0002 0.0002
48.715098 0.030534924319 1.42606179449 3.54582265334 -0.579091661398 14.3155999812 1.55642352667 0.0002 0.0002
48.715098 0.030534924319 1.42606179449 3.54582265334 -0.579091661398 14.3155999812 1.55642352667 0.0002 0.0002
48.915812 0.0452880012082 1.54548798606 3.35552237377 -0.751295989933 12.9304034154 1.82345095372 0.0002 0.0002
48.915812 0.0452880012082 1.54548798606 3.35552237377 -0.751295989933 12.9304034154 1.82345095372 0.0002 0.0002
51.970098 0.895554908879 2.18363609575 0.459703050355 -3.37174732757 1.27761381568 14.4164044358 0.0002 0.0002
52.020098 0.935357664323 2.1870666594 0.359956189086 -2.79017897857 1.23665977784 14.724718562 0.0002 0.0002
52.020098 0.935357664323 2.1870666594 0.359956189086 -2.79017897857 1.23665977784 14.724718562 0.0002 0.0002
52.220098 1.10344740793 2.20029693399 -0.0166126600995 -0.279570303479 1.16875676446 15.345702526 0.0002 0.0002
52.220098 1.10344740793 2.20029693399 -0.0166126600995 -0.279570303479 1.16875676446 15.345702526 0.0002 0.0002
52.470098 1.30993393561 2.2168040105 -0.496511322937 2.8708109352 1.29481944813 14.6862049929 0.0002 0.0002
52.575898 1.38829762451 2.22416005353 -0.598365049212 2.80423440542 1.4106573683 14.0857851958 0.0002 0.0002
52.575898 1.38829762451 2.22416005353 -0.598365049212 2.80423440542 1.4106573683 14.0857851958 0.0002 0.0002
55.830898 2.15807172146 2.80510121601 -3.73195558818 0.755967822928 15.505851043 2.49732694255 0.0002 0.0002
55.880898 2.16126025615 2.82541247103 -3.08571999359 0.618259852655 15.846983814 2.42866565983 0.0002 0.0002
55.880898 2.16126025615 2.82541247103 -3.08571999359 0.618259852655 15.846983814 2.42866565983 0.0002 0.0002
56.080898 2.1735456657 2.91091874811 -0.290529583829 0.110194623129 16.5302304566 2.28465244289 0.0002 0.0002
56.080898 2.1735456657 2.91091874811 -0.290529583829 0.110194623129 16.5302304566 2.28465244289 0.0002 0.0002
56.330898 2.18888173005 3.01925311142 3.21335208983 -0.511009478577 15.7858947843 2.3830671216 0.0002 0.0002
56.436698 2.19573132727 3.06263755497 3.13744560209 -0.566999352088 15.1139803885 2.49712045588 0.0002 0.0002
56.436698 2.19573132727 3.06263755497 3.13744560209 -0.566999352088 15.1139803885 2.49712045588 0.0002 0.0002
59.691698 2.78193377747 3.70583979523 0.802137307253 -2.28956115054 2.29063801859 11.795224892 0.0002 0.0002
59.741698 2.80413115435 3.71004096657 0.672427017517 -1.80725044079 2.21696182078 12.0002102405 0.0002 0.0002
59.741698 2.80413115435 3.71004096657 0.672427017517 -1.80725044079 2.21696182078 12.0002102405 0.0002 0.0002
59.941698 2.89874840802 3.72639839328 0.200278572013 0.232455551147 2.04436633822 12.3187766216 0.0002 0.0002
59.941698 2.89874840802 3.72639839328 0.200278572013 0.232455551147 2.04436633822 12.3187766216 0.0002 0.0002
60.191698 3.02126857404 3.7471553565 -0.358398395281 2.70609155705 2.08321292413 11.5708901633 0.0002 0.0002
60.498212 3.16013401829 3.77568328019 -0.52443305183 2.4856162959 2.35381312231 9.97955902243 0.0002 0.0002
60.498212 3.16013401829 3.77568328019 -0.52443305183 2.4856162959 2.35381312231 9.97955902243 0.0002 0.0002
62.097498 3.62453816219 4.03599435919 -1.39074552609 1.33525122776 5.41673140947 3.86889908397 0.0002 0.0002
62.097498 3.62453816219 4.03599435919 -1.39074552609 1.33525122776 5.41673140947 3.86889908397 0.0002 0.0002
63.552498 3.81765848071 4.68294833835 -2.17890014636 0.288670957477 10.6105658629 1.50609230444 0.0002 0.0002
63.602498 3.82232528168 4.71643765904 -1.86276183093 0.205750075037 10.8127558875 1.48138431658 0.0002 0.0002
63.602498 3.82232528168 4.71643765904 -1.86276183093 0.205750075037 10.8127558875 1.48138431658 0.0002 0.0002
63.802498 3.84035162526 4.85324793408 -0.50116554631 -0.118030657524 11.2895824027 1.4639873717 0.0002 0.0002
63.802498 3.84035162526 4.85324793408 -0.50116554631 -0.118030657524 11.2895824027 1.4639873717 0.0002 0.0002
64.052498 3.86254015328 5.01702450843 1.25502581711 -0.543704852943 11.0985857439 1.62726843233 0.0002 0.0002
68.445984 4.52912341833 5.84727719382 0.235650803648 -4.041754779 4.54931888012 21.7734211288 0.0002 0.0002
68.445984 4.52912341833 5.84727719382 0.235650803648 -4.041754779 4.54931888012 21.7734211288 0.0002 0.0002
68.646698 4.5736770086 5.8561641434 0.189081214841 -4.20156127272 4.46406921776 23.4279700668 0.0002 0.0002
68.646698 4.5736770086 5.8561641434 0.189081214841 -4.20156127272 4.46406921776 23.4279700668 0.0002 0.0002
68.752498 4.59747954799 5.86059599295 0.164533537569 -4.28579818213 4.42665677695 24.3259326972 0.0002 0.0002
68.802498 4.60879006438 5.86263439557 0.0304909936255 -3.63963065388 4.41691005542 24.7223874179 0.0002 0.0002
68.802498 4.60879006438 5.86263439557 0.0304909936255 -3.63963065388 4.41691005542 24.7223874179 0.0002 0.0002
69.002498 4.65376996651 5.87054963205 -0.511436536499 -0.890544059819 4.51239400414 25.6351834359 0.0002 0.0002
69.002498 4.65376996651 5.87054963205 -0.511436536499 -0.890544059819 4.51239400414 25.6351834359 0.0002 0.0002
69.252498 4.70699864635 5.88032988936 -1.25915378618 2.62678619753 4.9499961731 25.1960362166 0.0002 0.0002
69.7 4.78798633318 5.89895770377 -1.49289178831 2.48647570057 6.18154207177 22.9078412907 0.0002 0.0002
69.7 4.78798633318 5.89895770377 -1.49289178831 2.48647570057 6.18154207177 22.9078412907 0.0002 0.0002
70.002498 4.8335588085 5.91261014437 -1.65089170377 2.39162999103 7.13253029056 21.4322240752 0.0002 0.0002
70.002498 4.8335588085 5.91261014437 -1.65089170377 2.39162999103 7.13253029056 21.4322240752 0.0002 0.0002
70.251298 4.86652988954 5.92454976861 -1.78084422896 2.31362083879 7.98634619062 20.2615576687 0.0002 0.0002
70.251298 4.86652988954 5.92454976861 -1.78084422896 2.31362083879 7.98634619062 20.2615576687 0.0002 0.0002
71.491298 4.98837517208 5.99579796526 -2.19319041118 1.92448012396 12.9565711052 15.0015934645 0.0002 0.0002
71.491298 4.98837517208 5.99579796526 -2.19319041118 1.92448012396 12.9565711052 15.0015934645 0.0002 0.0002
71.491298 4.98837517208 5.99579796526 -2.19319041118 1.92448012396 12.9565711052 15.0015934645 0.0002 0.0002
71.491298 4.98837517208 5.99579796526 -2.19319041118 1.92448012396 12.9565711052 15.0015934645 0.0002 0.0002
72.731298 5.06787044412 6.09388102397 -2.40617152372 1.53533940913 18.7088770991 10.7075648282 0.0002 0.0002
72.731298 5.06787044412 6.09388102397 -2.40617152372 1.53533940913 18.7088770991 10.7075648282 0.0002 0.0002
73.630098 5.11090727067 6.18994361378 -2.73235612771 1.25352821125 23.3273857522 8.20093061104 0.0002 0.0002
73.680098 5.11303894638 6.19608515502 -2.24621818795 1.06504403979 23.5764032157 8.08504329389 0.0002 0.0002
73.680098 5.11303894638 6.19608515502 -2.24621818795 1.06504403979 23.5764032157 8.08504329389 0.0002 0.0002
73.880098 5.12141008167 6.22133842822 -0.226986473013 0.34887812745 24.0738839545 7.80386030172 0.0002 0.0002
73.880098 5.12141008167 6.22133842822 -0.226986473013 0.34887812745 24.0738839545 7.80386030172 0.0002 0.0002
74.130098 5.1318630548 6.2534361366 2.30243485535 -0.518139940946 23.5503492728 7.84580274729 0.0002 0.0002
74.436612 5.14527958782 0.00852426691225 2.22042299581 -0.567695546548 22.1640300214 8.1786265259 0.0002 0.0002
74.436612 5.14527958782 0.00852426691225 2.22042299581 -0.567695546548 22.1640300214 8.1786265259 0.0002 0.0002
75.985612 5.22781707021 0.177895210301 1.80596763515 -0.818129892377 15.9271509341 10.3252701308 0.0002 0.0002
75.985612 5.22781707021 0.177895210301 1.80596763515 -0.818129892377 15.9271509341 10.3252701308 0.0002 0.0002
78.030098 5.39339038676 0.346677308915 1.25893846634 -1.14867186395 9.66099331826 14.3463687864 0.0002 0.0002
78.080098 5.39859793798 0.350149785224 1.04947145056 -0.859777020213 9.54561233734 14.4468256391 0.0002 0.0002
78.080098 5.39859793798 0.350149785224 1.04947145056 -0.859777020213 9.54561233734 14.4468256391 0.0002 0.0002
78.280098 5.41989857538 0.363904524114 0.246384435695 0.319069327426 9.28785212783 14.5555637111 0.0002 0.0002
78.280098 5.41989857538 0.363904524114 0.246384435695 0.319069327426 9.28785212783 14.5555637111 0.0002 0.0002
78.530098 5.44675752334 0.381323209903 -0.740636310509 1.75430618772 9.41036785697 14.0327354702 0.0002 0.0002
78.635898 5.45790713422 0.388963633747 -0.758046443818 1.72356314092 9.56892849238 13.6647768952 0.0002 0.0002
78.635898 5.45790713422 0.388963633747 -0.758046443818 1.72356314092 9.56892849238 13.6647768952 0.0002 0.0002
78.836612 5.47855149732 0.4040324313 -0.791075342657 1.66524026858 9.87985892263 12.9845966077 0.0002 0.0002
78.836612 5.47855149732 0.4040324313 -0.791075342657 1.66524026858 9.87985892263 12.9845966077 0.0002 0.0002
83.821298 5.82464252483 1.22053052652 -1.61134044442 0.216805155687 21.8551472626 3.60319112998 0.0002 0.0002
83.871298 5.82692258622 1.23444392901 -1.22584698738 0.138143182471 21.9970489556 3.58544900393 0.0002 0.0002
83.871298 5.82692258622 1.23444392901 -1.22584698738 0.138143182471 21.9970489556 3.58544900393 0.0002 0.0002
84.071298 5.83595692448 1.29033109617 0.345986393308 -0.174354863047 22.1738655835 3.59265697906 0.0002 0.0002
84.071298 5.83595692448 1.29033109617 0.345986393308 -0.174354863047 22.1738655835 3.59265697906 0.0002 0.0002
84.271298 5.84504809478 1.34515100176 1.89810311261 -0.496884111281 21.7228937571 3.72626784047 0.0002 0.0002
84.271298 5.84504809478 1.34515100176 1.89810311261 -0.496884111281 21.7228937571 3.72626784047 0.0002 0.0002
84.321298 5.84736060261 1.35847564624 2.27258862573 -0.581230710023 21.5142969573 3.78015751116 0.0002 0.0002
84.427098 5.85233380175 1.38600892395 2.24227292776 -0.618674208716 21.036624605 3.90710745156 0.0002 0.0002
84.427098 5.85233380175 1.38600892395 2.24227292776 -0.618674208716 21.036624605 3.90710745156 0.0002 0.0002
84.627812 5.86208324763 1.43575694252 2.18476078217 -0.689708560292 20.1480569609 4.16971819066 0.0002 0.0002
84.627812 5.86208324763 1.43575694252 2.18476078217 -0.689708560292 20.1480569609 4.16971819066 0.0002 0.0002
89.612498 0.072819628375 2.01579021437 0.756459881552 -2.45383033465 5.48699549557 19.8392725107 0.0002 0.0002
89.662498 0.0819917022926 2.01829588253 0.623418002767 -2.03157517804 5.41802679618 20.063624756 0.0002 0.0002
89.662498 0.0819917022926 2.01829588253 0.623418002767 -2.03157517804 5.41802679618 20.063624756 0.0002 0.0002
89.862498 0.119532907245 2.02812235752 0.112921375177 -0.272562914717 5.27161375793 20.5271651055 0.0002 0.0002
89.862498 0.119532907245 2.02812235752 0.112921375177 -0.272562914717 5.27161375793 20.5271651055 0.0002 0.0002
90.112498 0.166743889111 2.04037215471 -0.518127451868 1.93830566586 5.37200008237 20.106883804 0.0002 0.0002
90.218298 0.186237190594 2.04568820373 -0.543109329885 1.91327475317 5.48427893388 19.6993865957 0.0002 0.0002
90.218298 0.186237190594 2.04568820373 -0.543109329885 1.91327475317 5.48427893388 19.6993865957 0.0002 0.0002
90.419012 0.222106591801 2.05607924579 -0.590502644293 1.86578841473 5.71181072767 18.940875711 0.0002 0.0002
90.419012 0.222106591801 2.05607924579 -0.590502644293 1.86578841473 5.71181072767 18.940875711 0.0002 0.0002
95.297898 0.738503441152 2.51646334709 -1.74252282303 0.711507039998 17.0943760178 6.36654499906 0.0002 0.0002
95.297898 0.738503441152 2.51646334709 -1.74252282303 0.711507039998 17.0943760178 6.36654499906 0.0002 0.0002
95.403698 0.744626498089 2.53327872285 -1.76750470105 0.686476127317 17.4657369299 6.21863837996 0.0002 0.0002
95.453698 0.747475874602 2.54136051131 -1.38802764708 0.538041709797 17.6235719356 6.15743512582 0.0002 0.0002
95.453698 0.747475874602 2.54136051131 -1.38802764708 0.538041709797 17.6235719356 6.15743512582 0.0002 0.0002
95.653698 0.758713409096 2.57420977523 0.174267874292 -0.0382535463728 17.8677708905 6.05806491875 0.0002 0.0002
95.653698 0.758713409096 2.57420977523 0.174267874292 -0.0382535463728 17.8677708905 6.05806491875 0.0002 0.0002
95.903698 0.772869820521 2.61501312241 2.09687985913 -0.767267675768 17.294674347 6.25760337131 0.0002 0.0002
101.194898 1.47937243962 3.08888295168 0.445729688678 -2.11061388697 3.84121870762 21.4850502961 0.0002 0.0002
101.244898 1.49246005747 3.09119952523 0.355660600882 -1.69837268264 3.80116227615 21.6755618565 0.0002 0.0002
101.244898 1.49246005747 3.09119952523 0.355660600882 -1.69837268264 3.80116227615 21.6755618565 0.0002 0.0002
101.444898 1.5457446826 3.10033092528 0.00587170283161 0.000634768070695 3.72923134638 22.0168951729 0.0002 0.0002
101.444898 1.5457446826 3.10033092528 0.00587170283161 0.000634768070695 3.72923134638 22.0168951729 0.0002 0.0002
101.694898 1.61216862275 3.11177906525 -0.433406196941 2.11182172801 3.83525063847 21.4844258442 0.0002 0.0002
101.800698 1.63942215076 3.11675527291 -0.466174217184 2.08493500118 3.93042624629 21.0404089823 0.0002 0.0002
101.800698 1.63942215076 3.11675527291 -0.466174217184 2.08493500118 3.93042624629 21.0404089823 0.0002 0.0002
102.001412 1.68926014655 3.12648800063 -0.528338682354 2.03392798331 4.1300389084 20.2136955172 0.0002 0.0002
102.001412 1.68926014655 3.12648800063 -0.528338682354 2.03392798331 4.1300389084 20.2136955172 0.0002 0.0002
104.444898 2.11273116546 3.28542946102 -1.28512694994 1.4129701325 8.5612167924 11.7912482278 0.0002 0.0002
104.444898 2.11273116546 3.28542946102 -1.28512694994 1.4129701325 8.5612167924 11.7912482278 0.0002 0.0002
106.986098 2.32437793434 3.58592513979 -2.07217886905 0.767180432667 17.0928023396 6.25104961161 0.0002 0.0002
107.036098 2.32728657906 3.59397001501 -1.7039736922 0.617327634247 17.2816798396 6.18184980373 0.0002 0.0002
107.036098 2.32728657906 3.59397001501 -1.7039736922 0.617327634247 17.2816798396 6.18184980373 0.0002 0.0002
107.236098 2.33870156143 3.6267724132 -0.172340752445 0.0388398957222 17.6591796025 6.05138752371 0.0002 0.0002
107.236098 2.33870156143 3.6267724132 -0.172340752445 0.0388398957222 17.6591796025 6.05138752371 0.0002 0.0002
107.486098 2.35295482367 3.66774963513 1.7464460694 -0.685150513493 17.261973246 6.2114873659 0.0002 0.0002
107.792612 2.37127764731 3.71544592755 1.6745305169 -0.757661526768 16.2133960286 6.65372945561 0.0002 0.0002
107.792612 2.37127764731 3.71544592755 1.6745305169 -0.757661526768 16.2133960286 6.65372945561 0.0002 0.0002
112.046858 2.80903030656 4.12215327738 0.676382140135 -1.76407457212 6.21203526109 17.3818151674 0.0002 0.0002
112.046858 2.80903030656 4.12215327738 0.676382140135 -1.76407457212 6.21203526109 17.3818151674 0.0002 0.0002
112.777298 2.93608660239 4.16125629646 0.505003357544 -1.93687237104 5.34910403817 20.0851348525 0.0002 0.0002
112.827298 2.94547493834 4.16373455484 0.389353538755 -1.55152412327 5.30440079407 20.2596116713 0.0002 0.0002
112.827298 2.94547493834 4.16373455484 0.389353538755 -1.55152412327 5.30440079407 20.2596116713 0.0002 0.0002
113.027298 2.98352119084 4.17350753964 -0.0624347882861 0.0352425052816 5.23935662115 20.5644628671 0.0002 0.0002
113.027298 2.98352119084 4.17350753964 -0.0624347882861 0.0352425052816 5.23935662115 20.5644628671 0.0002 0.0002
113.227298 3.02138763308 4.18328726097 -0.518159159748 1.61981046042 5.35487233598 20.2317114377 0.0002 0.0002
113.227298 3.02138763308 4.18328726097 -0.518159159748 1.61981046042 5.35487233598 20.2317114377 0.0002 0.0002
113.277298 3.03067667906 4.18576937074 -0.636041085376 2.00393205227 5.41256350548 20.0504651067 0.0002 0.0002
113.383098 3.04998135499 4.19110239836 -0.663495951448 1.97746555 5.55005452397 19.6292332404 0.0002 0.0002
113.383098 3.04998135499 4.19110239836 -0.663495951448 1.97746555 5.55005452397 19.6292332404 0.0002 0.0002
113.583812 3.08528358687 4.20153830145 -0.715580790662 1.92725574341 5.82685453319 18.8455010107 0.0002 0.0002
113.583812 3.08528358687 4.20153830145 -0.715580790662 1.92725574341 5.82685453319 18.8455010107 0.0002 0.0002
115.622798 3.3581561219 4.33739548803 -1.24469314939 1.41719121032 9.82382565311 12.0262204943 0.0002 0.0002
115.622798 3.3581561219 4.33739548803 -1.24469314939 1.41719121032 9.82382565311 12.0262204943 0.0002 0.0002
117.267498 3.49582773427 4.50543353982 -1.67148916289 1.00575967642 14.6200707021 8.04119317091 0.0002 0.0002
117.267498 3.49582773427 4.50543353982 -1.67148916289 1.00575967642 14.6200707021 8.04119317091 0.0002 0.0002
118.462698 3.56762683025 4.67844594178 -1.98164092026 0.70677325378 18.9862917775 5.99437381273 0.0002 0.0002
118.462698 3.56762683025 4.67844594178 -1.98164092026 0.70677325378 18.9862917775 5.99437381273 0.0002 0.0002
118.568498 3.57313835389 4.69631687675 -2.00909578633 0.680306751508 19.4085117211 5.84762074817 0.0002 0.0002
118.618498 3.57570221592 4.70491398128 -1.58716394531 0.539420259565 19.5883912509 5.78665694677 0.0002 0.0002
118.618498 3.57570221592 4.70491398128 -1.58716394531 0.539420259565 19.5883912509 5.78665694677 0.0002 0.0002
118.818498 3.58580811217 4.73990768574 0.151849346814 -0.00628561172894 19.8771653006 5.68065663658 0.0002 0.0002
118.818498 3.58580811217 4.73990768574 0.151849346814 -0.00628561172894 19.8771653006 5.68065663658 0.0002 0.0002
119.068498 3.59852680668 4.78347463561 2.29609878568 -0.693581973094 19.2594553239 5.85402326061 0.0002 0.0002
122.440498 3.88335063506 5.17392529721 1.1979670655 -1.54669110036 7.47746527374 13.4082240643 0.0002 0.0002
122.440498 3.88335063506 5.17392529721 1.1979670655 -1.54669110036 7.47746527374 13.4082240643 0.0002 0.0002
124.359698 4.23827722842 5.29058454237 0.572956864627 -2.03224478869 4.07870806703 20.2769178226 0.0002 0.0002
124.409698 4.25061803793 5.29303889781 0.477799067493 -1.64377458038 4.02618742442 20.4607788505 0.0002 0.0002
124.409698 4.25061803793 5.29303889781 0.477799067493 -1.64377458038 4.02618742442 20.4607788505 0.0002 0.0002
124.609698 4.30118669497 5.30270861183 0.112272493287 -0.0410486642836 3.90878603162 20.7995156489 0.0002 0.0002
124.609698 4.30118669497 5.30270861183 0.112272493287 -0.0410486642836 3.90878603162 20.7995156489 0.0002 0.0002
124.859698 4.36499633132 5.31482062614 -0.33732008548 1.95413710821 3.96459295887 20.317299366 0.0002 0.0002
124.965498 4.39143830626 5.32008149744 -0.36704279278 1.9290445329 4.03911455139 19.9064587483 0.0002 0.0002
124.965498 4.39143830626 5.32008149744 -0.36704279278 1.9290445329 4.03911455139 19.9064587483 0.0002 0.0002
125.166212 4.4402020693 5.33036399778 -0.423429971163 1.8814412138 4.19777350174 19.1416409122 0.0002 0.0002
125.166212 4.4402020693 5.33036399778 -0.423429971163 1.8814412138 4.19777350174 19.1416409122 0.0002 0.0002
129.341898 5.05087933534 5.68475270271 -1.59651780437 0.891094187109 12.6324411488 7.56440365408 0.0002 0.0002
129.341898 5.05087933534 5.68475270271 -1.59651780437 0.891094187109 12.6324411488 7.56440365408 0.0002 0.0002
130.150898 5.10891510969 5.80242082671 -1.82379257002 0.699223738854 15.3994722417 6.27783645198 0.0002 0.0002
130.200898 5.11214403696 5.81042680784 -1.49225482566 0.549473629512 15.5653359698 6.21542466829 0.0002 0.0002
130.200898 5.11214403696 5.81042680784 -1.49225482566 0.549473629512 15.5653359698 6.21542466829 0.0002 0.0002
130.400898 5.1248244154 5.84297654702 -0.115000960452 -0.0316319501457 15.888703239 6.11246497722 0.0002 0.0002
130.400898 5.1248244154 5.84297654702 -0.115000960452 -0.0316319501457 15.888703239 6.11246497722 0.0002 0.0002
130.650898 5.14067572334 5.88342853588 1.60643489763 -0.766030465945 15.5123580011 6.3100566977 0.0002 0.0002
130.756698 5.1475715377 5.89998128767 1.58201366007 -0.79263620517 15.1750201437 6.47496363151 0.0002 0.0002
130.756698 5.1475715377 5.89998128767 1.58201366007 -0.79263620517 15.1750201437 6.47496363151 0.0002 0.0002
135.061658 5.62288570437 0.0274475177308 0.588323198282 -1.87521317238 5.83180678195 17.9599484879 0.0002 0.0002
135.061658 5.62288570437 0.0274475177308 0.588323198282 -1.87521317238 5.83180678195 17.9599484879 0.0002 0.0002
135.792098 5.75728536656 0.0652180677443 0.419719712789 -2.05889839127 5.09549191799 20.8335809384 0.0002 0.0002
135.842098 5.76713499357 0.067607010543 0.309066371247 -1.65939728022 5.0590645115 21.0195564722 0.0002 0.0002
135.842098 5.76713499357 0.067607010543 0.309066371247 -1.65939728022 5.0590645115 21.0195564722 0.0002 0.0002
136.042098 5.80692556654 0.0770222769154 -0.125706213024 -0.0123704064081 5.02258293979 21.3556684268 0.0002 0.0002
136.042098 5.80692556654 0.0770222769154 -0.125706213024 -0.0123704064081 5.02258293979 21.3556684268 0.0002 0.0002
136.242098 5.84632222733 0.0864353506585 -0.56840362978 1.63542821968 5.16068392231 21.0293496815 0.0002 0.0002
136.242098 5.84632222733 0.0864353506585 -0.56840362978 1.63542821968 5.16068392231 21.0293496815 0.0002 0.0002
136.292098 5.85595437523 0.088823039884 -0.683551095601 2.03535989695 5.22326121993 20.8457503016 0.0002 0.0002
136.397898 5.87593063995 0.0939513469065 -0.713270883234 2.00925881713 5.37104498529 20.4178296416 0.0002 0.0002
136.397898 5.87593063995 0.0939513469065 -0.713270883234 2.00925881713 5.37104498529 20.4178296416 0.0002 0.0002
139.002498 6.22175819575 0.263828170793 -1.44491699732 1.36669858562 10.992261139 11.6248109904 0.0002 0.0002
139.002498 6.22175819575 0.263828170793 -1.44491699732 1.36669858562 10.992261139 11.6248109904 0.0002 0.0002
141.496798 0.107823611893 0.558580704183 -2.14557924963 0.751349593271 19.9480359278 6.34176341784 0.0002 0.0002
141.633298 0.114587081987 0.580389243609 -0.851492063183 0.314574693031 20.3583552593 6.1966952523 0.0002 0.0002
141.633298 0.114587081987 0.580389243609 -0.851492063183 0.314574693031 20.3583552593 6.1966952523 0.0002 0.0002
141.833298 0.124391308672 0.612775858092 1.08605948215 -0.3093448295 20.3111404153 6.19565589664 0.0002 0.0002
141.833298 0.124391308672 0.612775858092 1.08605948215 -0.3093448295 20.3111404153 6.19565589664 0.0002 0.0002
142.169798 0.141577423616 0.66521441321 4.08673282964 -1.43824330124 18.5383900061 6.77333240779 0.0002 0.0002
147.464298 2.24190671909 1.01781412114 -0.968721501672 -3.83682706132 2.03007903016 34.7021924424 0.0002 0.0002
147.774298 2.37321535979 1.02652126586 -1.48490162547 -1.033585865 2.78442867423 36.2247248047 0.0002 0.0002
147.774298 2.37321535979 1.02652126586 -1.48490162547 -1.033585865 2.78442867423 36.2247248047 0.0002 0.0002
147.974298 2.43782808232 1.03202997927 -1.89352996683 0.84752247613 3.45778185722 36.2620670511 0.0002 0.0002
147.974298 2.43782808232 1.03202997927 -1.89352996683 0.84752247613 3.45778185722 36.2620670511 0.0002 0.0002
148.484298 2.55065270033 1.04659682341 -3.3423026449 5.30769201055 6.06943673942 33.0501619021 0.0002 0.0002
148.795099 2.59434898794 1.05649445543 -3.96554909819 5.0333647391 8.34072436903 29.8361511232 0.0002 0.0002
148.795099 2.59434898794 1.05649445543 -3.96554909819 5.0333647391 8.34072436903 29.8361511232 0.0002 0.0002
149.451742 2.65427373217 1.08123940636 -5.28230940728 4.45378139635 14.4132659216 23.6064830234 0.0002 0.0002
149.761742 2.67379911345 1.09500853255 -3.84921731039 1.6514361895 17.2790388226 21.7365914934 0.0002 0.0002
149.761742 2.67379911345 1.09500853255 -3.84921731039 1.6514361895 17.2790388226 21.7365914934 0.0002 0.0002
149.961742 2.68493378502 1.10430349154 -2.61286055907 -0.00293379077199 18.5780484242 21.408552828 0.0002 0.0002
149.961742 2.68493378502 1.10430349154 -2.61286055907 -0.00293379077199 18.5780484242 21.408552828 0.0002 0.0002
150.471742 2.71136081861 1.12736445642 1.05683518188 -4.46084864838 19.3988676456 23.6128705396 0.0002 0.0002
150.968217 2.73765921466 1.14658476462 1.00265736875 -4.90026645393 18.3763810815 28.2604301601 0.0002 0.0002
150.968217 2.73765921466 1.14658476462 1.00265736875 -4.90026645393 18.3763810815 28.2604301601 0.0002 0.0002
150.968217 2.73765921466 1.14658476462 1.00265736875 -4.90026645393 18.3763810815 28.2604301601 0.0002 0.0002
153.973287 2.93082066908 1.2163792038 0.674729233603 -7.55997996404 13.3357169243 65.7043428633 0.0002 0.0002
154.283287 2.95424840774 1.22096918911 -0.343895917783 -2.62880813721 13.2339462056 68.8875789097 0.0002 0.0002
154.283287 2.95424840774 1.22096918911 -0.343895917783 -2.62880813721 13.2339462056 68.8875789097 0.0002 0.0002
154.483287 2.96923373022 1.22385973253 -1.01216244741 0.711345635381 13.5042862587 69.272313458 0.0002 0.0002
154.483287 2.96923373022 1.22385973253 -1.01216244741 0.711345635381 13.5042862587 69.272313458 0.0002 0.0002
154.993287 3.00487645905 1.23142072751 -2.95925004266 8.80731994546 15.4882591834 64.3133220353 0.0002 0.0002
155.304088 3.02381623793 1.23646812211 -3.15504579366 8.42762741619 17.3885884437 58.9566831604 0.0002 0.0002
155.304088 3.02381623793 1.23646812211 -3.15504579366 8.42762741619 17.3885884437 58.9566831604 0.0002 0.0002
155.960731 3.05754609013 1.2487589542 -3.56871212459 7.62543423954 21.8036970144 48.4155525955 0.0002 0.0002
156.270731 3.07111942848 1.25546700086 -2.99520209732 5.82928143401 23.8452998491 44.2583971459 0.0002 0.0002
156.270731 3.07111942848 1.25546700086 -2.99520209732 5.82928143401 23.8452998491 44.2583971459 0.0002 0.0002
156.470731 3.07931215663 1.26010155958 -2.56037619663 4.79834985578 24.9579550457 42.13580621 0.0002 0.0002
156.470731 3.07931215663 1.26010155958 -2.56037619663 4.79834985578 24.9579550457 42.13580621 0.0002 0.0002
156.980731 3.09889577036 1.27282956137 -1.27815728365 2.49386131282 26.9334079065 38.4498731337 0.0002 0.0002
157.477206 3.11690294092 1.28617066376 -1.32670514221 2.40064321759 28.2266569794 36.019873997 0.0002 0.0002
157.477206 3.11690294092 1.28617066376 -1.32670514221 2.40064321759 28.2266569794 36.019873997 0.0002 0.0002
157.477206 3.11690294092 1.28617066376 -1.32670514221 2.40064321759 28.2266569794 36.019873997 0.0002 0.0002
158.548502 3.15302112393 1.3181883484 -1.43146193094 2.19949679019 31.1814703322 31.0917624072 0.0002 0.0002
158.548502 3.15302112393 1.3181883484 -1.43146193094 2.19949679019 31.1814703322 31.0917624072 0.0002 0.0002
158.813005 3.16140185904 1.32685752145 -1.4573263838 2.14983373396 31.9455635078 29.9413514356 0.0002 0.0002
158.813005 3.16140185904 1.32685752145 -1.4573263838 2.14983373396 31.9455635078 29.9413514356 0.0002 0.0002
165.740498 3.32471307506 1.75828318698 -2.13473199402 0.849128356701 56.8295227758 9.16606254527 0.0002 0.0002
165.740498 3.32471307506 1.75828318698 -2.13473199402 0.849128356701 56.8295227758 9.16606254527 0.0002 0.0002
168.065698 3.36232406522 2.07099351021 -2.3621019134 0.412549042483 67.2855609773 6.23241025669 0.0002 0.0002
168.065698 3.36232406522 2.07099351021 -2.3621019134 0.412549042483 67.2855609773 6.23241025669 0.0002 0.0002
168.277698 3.3654515294 2.10547970692 -2.38283235504 0.372743944162 68.2914870422 6.06592814352 0.0002 0.0002
168.277698 3.3654515294 2.10547970692 -2.38283235504 0.372743944162 68.2914870422 6.06592814352 0.0002 0.0002
