0.0 0.0 0.0 -1.25287976099 0.789987518004 5.79735938488 9.99584375794 0.0002 0.0002
0.0 0.0 0.0 -1.25287976099 0.789987518004 5.79735938488 9.99584375794 0.0002 0.0002
0.0 0.0 0.0 -1.25287976099 0.789987518004 5.79735938488 9.99584375794 0.0002 0.0002
0.423 0.066753540216 0.0437532690482 -1.4403765648 0.721260357547 6.93660681069 9.35658590658 0.0002 0.0002
0.423 0.066753540216 0.0437532690482 -1.4403765648 0.721260357547 6.93660681069 9.35658590658 0.0002 0.0002
0.877 0.126493679056 0.0939926370906 -1.64161426913 0.647496454835 8.3358306493 8.73517031376 0.0002 0.0002
0.877 0.126493679056 0.0939926370906 -1.64161426913 0.647496454835 8.3358306493 8.73517031376 0.0002 0.0002
1.357 0.179054848887 0.150908639629 -1.85437659969 0.569508187651 10.0139062663 8.15100808537 0.0002 0.0002
1.357 0.179054848887 0.150908639629 -1.85437659969 0.569508187651 10.0139062663 8.15100808537 0.0002 0.0002
1.89 0.227461469232 0.218724550225 -2.09063143759 0.482908715965 12.1165955502 7.59006987574 0.0002 0.0002
1.89 0.227461469232 0.218724550225 -2.09063143759 0.482908715965 12.1165955502 7.59006987574 0.0002 0.0002
2.475 0.271287727347 0.298608182672 -2.34993552796 0.387860515334 14.714327225 7.08066987543 0.0002 0.0002
2.475 0.271287727347 0.298608182672 -2.34993552796 0.387860515334 14.714327225 7.08066987543 0.0002 0.0002
3.06 0.30763187344 0.383756269393 -2.60923961834 0.292812314703 17.6154446856 6.68247626986 0.0002 0.0002
3.06 0.30763187344 0.383756269393 -2.60923961834 0.292812314703 17.6154446856 6.68247626986 0.0002 0.0002
3.645 0.33818367368 0.473361134349 -2.86854370871 0.197764114072 20.819947932 6.39548905903 0.0002 0.0002
3.645 0.33818367368 0.473361134349 -2.86854370871 0.197764114072 20.819947932 6.39548905903 0.0002 0.0002
4.6635 0.381056842021 0.636334330528 -3.31999877888 0.0322827596395 27.1229784556 6.16118631815 0.0002 0.0002
5.0 0.393275533142 0.68962794033 2.9466501061 -1.50789321957 27.2519470949 6.64533124673 0.0002 0.0002
5.0 0.393275533142 0.68962794033 2.9466501061 -1.50789321957 27.2519470949 6.64533124673 0.0002 0.0002
5.3365 0.406442290767 0.735547309062 8.32634033917 -3.52593149772 23.3578332421 8.29691936867 0.0002 0.0002
5.7585 0.427704833722 0.778648441223 7.0557433696 -4.20912307319 16.866593917 11.5611123976 0.0002 0.0002
6.025 0.445141630862 0.800001877815 3.52089764915 -1.97658514091 14.0965294693 13.2392607424 0.0002 0.0002
6.025 0.445141630862 0.800001877815 3.52089764915 -1.97658514091 14.0965294693 13.2392607424 0.0002 0.0002
6.2915 0.465018789981 0.819693318601 0.743291012679 0.666344944999 12.9797214591 13.5947216436 0.0002 0.0002
6.973 0.519601798259 0.871509033735 0.661778002888 0.593956804405 12.022166925 12.7358260014 0.0002 0.0002
6.973 0.519601798259 0.871509033735 0.661778002888 0.593956804405 12.022166925 12.7358260014 0.0002 0.0002
7.482 0.563133200077 0.912423969958 0.600897413037 0.539891413998 11.3794651383 12.1586972582 0.0002 0.0002
7.482 0.563133200077 0.912423969958 0.600897413037 0.539891413998 11.3794651383 12.1586972582 0.0002 0.0002
7.992 0.609158621209 0.955314830879 0.539897214954 0.48571980475 10.797659878 11.6356355367 0.0002 0.0002
7.992 0.609158621209 0.955314830879 0.539897214954 0.48571980475 10.797659878 11.6356355367 0.0002 0.0002
8.498 0.657200049455 0.999711114139 0.479375449798 0.431973070868 10.2819079096 11.1712829416 0.0002 0.0002
8.498 0.657200049455 0.999711114139 0.479375449798 0.431973070868 10.2819079096 11.1712829416 0.0002 0.0002
8.9873 0.705861015825 1.04432598128 0.420851142108 0.380000191642 9.84142703819 10.7739844242 0.0002 0.0002
8.9873 0.705861015825 1.04432598128 0.420851142108 0.380000191642 9.84142703819 10.7739844242 0.0002 0.0002
9.4566 0.75448543446 1.0885888119 0.364718999049 0.330151689249 9.47275897095 10.4407101465 0.0002 0.0002
9.4566 0.75448543446 1.0885888119 0.364718999049 0.330151689249 9.47275897095 10.4407101465 0.0002 0.0002
9.9277 0.805092981339 1.1343606076 0.308371561173 0.280111992941 9.15566600803 10.1532149259 0.0002 0.0002
9.9277 0.805092981339 1.1343606076 0.308371561173 0.280111992941 9.15566600803 10.1532149259 0.0002 0.0002
16.240021 1.52426352844 1.77965505857 -0.446633990515 -0.390375431889 10.0284228443 10.8492331471 0.0002 0.0002
16.240021 1.52426352844 1.77965505857 -0.446633990515 -0.390375431889 10.0284228443 10.8492331471 0.0002 0.0002
17.480021 1.64187692492 1.88872657728 -0.384257937794 -0.522205025018 11.0678384446 11.9818486835 0.0002 0.0002
17.480021 1.64187692492 1.88872657728 -0.384257937794 -0.522205025018 11.0678384446 11.9818486835 0.0002 0.0002
17.480021 1.64187692492 1.88872657728 -0.384257937794 -0.522205025018 11.0678384446 11.9818486835 0.0002 0.0002
17.480021 1.64187692492 1.88872657728 -0.384257937794 -0.522205025018 11.0678384446 11.9818486835 0.0002 0.0002
18.720021 1.74977852503 1.98667943932 -0.285913571929 -0.654034618147 11.9061986433 13.4416950832 0.0002 0.0002
18.720021 1.74977852503 1.98667943932 -0.730698711653 -0.151887257365 11.9061986433 13.4416950832 0.0002 0.0002
20.0 1.84912574858 2.08027209005 -0.895603247829 -0.249308585053 13.9878309991 13.9552173364 0.0002 0.0002
20.0 1.84912574858 2.08027209005 -0.895603247829 -0.249308585053 13.9878309991 13.9552173364 0.0002 0.0002
22.328798 1.99300877461 2.23913320462 -1.195631103 -0.426557268883 18.8578933729 15.5291723853 0.0002 0.0002
22.595298 2.00671248327 2.25641467252 -4.46621585282 2.024498567 20.3455124189 15.0971098655 0.0002 0.0002
22.595298 2.00671248327 2.25641467252 -4.46621585282 2.024498567 20.3455124189 15.0971098655 0.0002 0.0002
22.861798 2.01892176798 2.27499619924 -8.51611981222 4.13227919439 23.7565494793 13.4323973281 0.0002 0.0002
23.218798 2.03224346402 2.30484388638 -9.62100139147 3.65187082566 30.2315017491 10.6534557709 0.0002 0.0002
23.355298 2.03658609395 2.31823262492 -7.37645205425 2.67215690268 32.560312643 9.79341884738 0.0002 0.0002
23.355298 2.03658609395 2.31823262492 -7.37645205425 2.67215690268 32.560312643 9.79341884738 0.0002 0.0002
23.555298 2.04250747847 2.33964956452 -3.52758953226 1.44169902635 34.7586829936 8.97714780245 0.0002 0.0002
23.555298 2.04250747847 2.33964956452 -3.52758953226 1.44169902635 34.7586829936 8.97714780245 0.0002 0.0002
23.891798 2.05207843963 2.37833601978 3.50019843333 -0.368960897343 34.7681140018 8.62410670828 0.0002 0.0002
27.336298 2.20259346535 2.71332197382 2.18737457241 -0.822736262327 15.1772687836 12.7289075748 0.0002 0.0002
27.336298 2.20259346535 2.71332197382 2.18737457241 -0.822736262327 15.1772687836 12.7289075748 0.0002 0.0002
28.003298 2.25117642619 2.7635144888 1.9331566844 -0.910606248811 12.4288744353 13.8850470297 0.0002 0.0002
28.003298 2.25117642619 2.7635144888 1.9331566844 -0.910606248811 12.4288744353 13.8850470297 0.0002 0.0002
28.805298 2.32476680989 2.81833331264 1.62748540077 -1.01626101517 9.57323948296 15.4303945754 0.0002 0.0002
28.855298 2.33003189809 2.82156455936 1.33893424376 -0.578920861897 9.42498918021 15.5101917204 0.0002 0.0002
28.855298 2.33003189809 2.82156455936 1.33893424376 -0.578920861897 9.42498918021 15.5101917204 0.0002 0.0002
29.055298 2.35169933933 2.83446085464 0.245460495365 1.17833911104 9.11050572738 15.3893850452 0.0002 0.0002
29.055298 2.35169933933 2.83446085464 0.245460495365 1.17833911104 9.11050572738 15.3893850452 0.0002 0.0002
29.305298 2.37899264545 2.85122552105 -1.101032978 3.20638805511 9.32188517453 14.2799470277 0.0002 0.0002
32.666098 2.63156295916 3.61577835318 -1.89861941447 0.551411078272 19.4031169352 1.6507357002 0.0002 0.0002
32.716098 2.63412865605 3.64655617499 -1.29271293247 0.461455138698 19.5627675447 1.6001190132 0.0002 0.0002
32.716098 2.63412865605 3.64655617499 -1.29271293247 0.461455138698 19.5627675447 1.6001190132 0.0002 0.0002
32.916098 2.64430311948 3.77727532781 1.17362008437 0.125350127928 19.5867886343 1.4837358791 0.0002 0.0002
32.916098 2.64430311948 3.77727532781 1.17362008437 0.125350127928 19.5867886343 1.4837358791 0.0002 0.0002
33.166098 2.65743598596 3.94552271711 4.06306948166 -0.280667353738 18.2601230354 1.52206246857 0.0002 0.0002
36.526898 3.28789754613 4.88342652806 0.840600517365 -2.66266170903 1.77986890271 11.4140027827 0.0002 0.0002
36.576898 3.31664020394 4.88775960415 0.720633359552 -2.20383382085 1.70186228825 11.6574995375 0.0002 0.0002
36.576898 3.31664020394 4.88775960415 0.720633359552 -2.20383382085 1.70186228825 11.6574995375 0.0002 0.0002
36.776898 3.44279603363 4.90447172214 0.29243112557 -0.222914926922 1.50150808905 12.1484086318 0.0002 0.0002
36.776898 3.44279603363 4.90447172214 0.29243112557 -0.222914926922 1.50150808905 12.1484086318 0.0002 0.0002
37.026898 3.61297693893 4.92532132188 -0.192683526336 2.26322978138 1.47700231019 11.6291296965 0.0002 0.0002
37.333412 3.80993521517 4.95334345734 -0.407912659763 2.1018640703 1.66109344957 10.2911673197 0.0002 0.0002
37.333412 3.80993521517 4.95334345734 -0.407912659763 2.1018640703 1.66109344957 10.2911673197 0.0002 0.0002
40.387698 4.62003966825 5.62129221303 -2.5525824922 0.493921097951 10.7032923453 2.36289702128 0.0002 0.0002
40.437698 4.62465937959 5.64265716849 -2.10854003108 0.366119553188 10.9365186833 2.31992634018 0.0002 0.0002
40.437698 4.62465937959 5.64265716849 -2.10854003108 0.366119553188 10.9365186833 2.31992634018 0.0002 0.0002
40.637698 4.64246655528 5.73039273183 -0.188932967562 -0.123838638145 11.4014542725 2.27202808315 0.0002 0.0002
40.637698 4.64246655528 5.73039273183 -0.188932967562 -0.123838638145 11.4014542725 2.27202808315 0.0002 0.0002
40.887698 4.66470501698 5.83663351661 2.21532726913 -0.769206347334 10.885407082 2.49130367264 0.0002 0.0002
41.194212 4.69472760618 5.94856033709 2.04897748969 -0.965036233478 9.57833797311 3.02287330306 0.0002 0.0002
41.194212 4.69472760618 5.94856033709 2.04897748969 -0.965036233478 9.57833797311 3.02287330306 0.0002 0.0002
44.248498 5.43843837323 0.138238903508 0.391370325134 -2.91640054189 2.12481780715 14.877891306 0.0002 0.0002
44.298498 5.46216715533 0.141569293915 0.275664336662 -2.30620861927 2.09148961543 15.1392063961 0.0002 0.0002
44.298498 5.46216715533 0.141569293915 0.275664336662 -2.30620861927 2.09148961543 15.1392063961 0.0002 0.0002
44.498498 5.5589538151 0.154531222457 -0.173340996173 0.276025237324 2.07125316849 15.5498957036 0.0002 0.0002
44.498498 5.5589538151 0.154531222457 -0.173340996173 0.276025237324 2.07125316849 15.5498957036 0.0002 0.0002
44.748498 5.674657522 0.170971394107 -0.775442760631 3.41097751464 2.3043468506 14.6115131717 0.0002 0.0002
44.854298 5.71896328103 0.178395489968 -0.848964137855 3.31949086319 2.47620910046 13.8994296173 0.0002 0.0002
44.854298 5.71896328103 0.178395489968 -0.848964137855 3.31949086319 2.47620910046 13.8994296173 0.0002 0.0002
45.055012 5.79465659037 0.193561828949 -0.988442112411 3.14593082767 2.84500225858 12.6017289681 0.0002 0.0002
45.055012 5.79465659037 0.193561828949 -0.988442112411 3.14593082767 2.84500225858 12.6017289681 0.0002 0.0002
48.109298 0.0 0.98906797338 -3.1108930874 0.504849554508 15.3655443687 1.45120155772 0.0002 0.0002
48.159298 0.0 1.02409173727 -2.45990950249 0.400105082221 15.6442880208 1.40598682945 0.0002 0.0002
48.159298 0.0 1.02409173727 -2.45990950249 0.400105082221 15.6442880208 1.40598682945 0.0002 0.0002
48.359298 0.00742304561014 1.17199611534 0.299861695447 0.00743573978861 16.0814154512 1.32541756938 0.0002 0.0002
48.359298 0.00742304561014 1.17199611534 0.299861695447 0.00743573978861 16.0814154512 1.32541756938 0.0002 0.0002
48.609298 0.0233332371903 1.35541768368 3.64613339189 -0.488319627763 15.0765089308 1.44349141228 0.0002 0.0002
48.715098 0.030534924319 1.42606179449 3.54582265334 -0.579091661398 14.3155999812 1.55642352667 0.0002 0.0002
48.715098 0.030534924319 1.42606179449 3.54582265334 -0.579091661398 14.3155999812 1.55642352667 0.0002 0.0002
48.915812 0.0452880012082 1.54548798606 3.35552237377 -0.751295989933 12.9304034154 1.82345095372 0.0002 0.0002
48.915812 0.0452880012082 1.54548798606 3.35552237377 -0.751295989933 12.9304034154 1.82345095372 0.0002 0.0002
51.970098 0.895554908879 2.18363609575 0.459703050355 -3.37174732757 1.27761381568 14.4164044358 0.0002 0.0002
52.020098 0.935357664323 2.1870666594 0.359956189086 -2.79017897857 1.23665977784 14.724718562 0.0002 0.0002
52.020098 0.935357664323 2.1870666594 0.359956189086 -2.79017897857 1.23665977784 14.724718562 0.0002 0.0002
52.220098 1.10344740793 2.20029693399 -0.0166126600995 -0.279570303479 1.16875676446 15.345702526 0.0002 0.0002
52.220098 1.10344740793 2.20029693399 -0.0166126600995 -0.279570303479 1.16875676446 15.345702526 0.0002 0.0002
52.470098 1.30993393561 2.2168040105 -0.496511322937 2.8708109352 1.29481944813 14.6862049929 0.0002 0.0002
52.575898 1.38829762451 2.22416005353 -0.598365049212 2.80423440542 1.4106573683 14.0857851958 0.0002 0.0002
52.575898 1.38829762451 2.22416005353 -0.598365049212 2.80423440542 1.4106573683 14.0857851958 0.0002 0.0002
55.830898 2.15807172146 2.80510121601 -3.73195558818 0.755967822928 15.505851043 2.49732694255 0.0002 0.0002
55.880898 2.16126025615 2.82541247103 -3.08571999359 0.618259852655 15.846983814 2.42866565983 0.0002 0.0002
55.880898 2.16126025615 2.82541247103 -3.08571999359 0.618259852655 15.846983814 2.42866565983 0.0002 0.0002
56.080898 2.1735456657 2.91091874811 -0.290529583829 0.110194623129 16.5302304566 2.28465244289 0.0002 0.0002
56.080898 2.1735456657 2.91091874811 -0.290529583829 0.110194623129 16.5302304566 2.28465244289 0.0002 0.0002
56.330898 2.18888173005 3.01925311142 3.21335208983 -0.511009478577 15.7858947843 2.3830671216 0.0002 0.0002
56.436698 2.19573132727 3.06263755497 3.13744560209 -0.566999352088 15.1139803885 2.49712045588 0.0002 0.0002
56.436698 2.19573132727 3.06263755497 3.13744560209 -0.566999352088 15.1139803885 2.49712045588 0.0002 0.0002
59.691698 2.78193377747 3.70583979523 0.802137307253 -2.28956115054 2.29063801859 11.795224892 0.0002 0.0002
59.741698 2.80413115435 3.71004096657 0.672427017517 -1.80725044079 2.21696182078 12.0002102405 0.0002 0.0002
59.741698 2.80413115435 3.71004096657 0.672427017517 -1.80725044079 2.21696182078 12.0002102405 0.0002 0.0002
59.941698 2.89874840802 3.72639839328 0.200278572013 0.232455551147 2.04436633822 12.3187766216 0.0002 0.0002
59.941698 2.89874840802 3.72639839328 0.200278572013 0.232455551147 2.04436633822 12.3187766216 0.0002 0.0002
60.191698 3.02126857404 3.7471553565 -0.358398395281 2.70609155705 2.08321292413 11.5708901633 0.0002 0.0002
60.498212 3.16013401829 3.77568328019 -0.52443305183 2.4856162959 2.35381312231 9.97955902243 0.0002 0.0002
60.498212 3.16013401829 3.77568328019 -0.52443305183 2.4856162959 2.35381312231 9.97955902243 0.0002 0.0002
62.097498 3.62453816219 4.03599435919 -1.39074552609 1.33525122776 5.41673140947 3.86889908397 0.0002 0.0002
62.097498 3.62453816219 4.03599435919 -1.39074552609 1.33525122776 5.41673140947 3.86889908397 0.0002 0.0002
63.552498 3.81765848071 4.68294833835 -2.17890014636 0.288670957477 10.6105658629 1.50609230444 0.0002 0.0002
63.602498 3.82232528168 4.71643765904 -1.86276183093 0.205750075037 10.8127558875 1.48138431658 0.0002 0.0002
63.602498 3.82232528168 4.71643765904 -1.86276183093 0.205750075037 10.8127558875 1.48138431658 0.0002 0.0002
63.802498 3.84035162526 4.85324793408 -0.50116554631 -0.118030657524 11.2895824027 1.4639873717 0.0002 0.0002
63.802498 3.84035162526 4.85324793408 -0.50116554631 -0.118030657524 11.2895824027 1.4639873717 0.0002 0.0002
64.052498 3.86254015328 5.01702450843 1.25502581711 -0.543704852943 11.0985857439 1.62726843233 0.0002 0.0002
68.445984 4.52912341833 5.84727719382 0.235650803648 -4.041754779 4.54931888012 21.7734211288 0.0002 0.0002
68.445984 4.52912341833 5.84727719382 0.235650803648 -4.041754779 4.54931888012 21.7734211288 0.0002 0.0002
68.646698 4.5736770086 5.8561641434 0.189081214841 -4.20156127272 4.46406921776 23.4279700668 0.0002 0.0002
68.646698 4.5736770086 5.8561641434 0.189081214841 -4.20156127272 4.46406921776 23.4279700668 0.0002 0.0002
68.752498 4.59747954799 5.86059599295 0.164533537569 -4.28579818213 4.42665677695 24.3259326972 0.0002 0.0002
68.802498 4.60879006438 5.86263439557 0.0304909936255 -3.63963065388 4.41691005542 24.7223874179 0.0002 0.0002
68.802498 4.60879006438 5.86263439557 0.0304909936255 -3.63963065388 4.41691005542 24.7223874179 0.0002 0.0002
69.002498 4.65376996651 5.87054963205 -0.511436536499 -0.890544059819 4.51239400414 25.6351834359 0.0002 0.0002
69.002498 4.65376996651 5.87054963205 -0.511436536499 -0.890544059819 4.51239400414 25.6351834359 0.0002 0.0002
69.252498 4.70699864635 5.88032988936 -1.25915378618 2.62678619753 4.9499961731 25.1960362166 0.0002 0.0002
69.7 4.78798633318 5.89895770377 -1.49289178831 2.48647570057 6.18154207177 22.9078412907 0.0002 0.0002
69.7 4.78798633318 5.89895770377 -1.49289178831 2.48647570057 6.18154207177 22.9078412907 0.0002 0.0002
70.002498 4.8335588085 5.91261014437 -1.65089170377 2.39162999103 7.13253029056 21.4322240752 0.0002 0.0002
70.002498 4.8335588085 5.91261014437 -1.65089170377 2.39162999103 7.13253029056 21.4322240752 0.0002 0.0002
70.251298 4.86652988954 5.92454976861 -1.78084422896 2.31362083879 7.98634619062 20.2615576687 0.0002 0.0002
70.251298 4.86652988954 5.92454976861 -1.78084422896 2.31362083879 7.98634619062 20.2615576687 0.0002 0.0002
71.491298 4.98837517208 5.99579796526 -2.19319041118 1.92448012396 12.9565711052 15.0015934645 0.0002 0.0002
71.491298 4.98837517208 5.99579796526 -2.19319041118 1.92448012396 12.9565711052 15.0015934645 0.0002 0.0002
71.491298 4.98837517208 5.99579796526 -2.19319041118 1.92448012396 12.9565711052 15.0015934645 0.0002 0.0002
71.491298 4.98837517208 5.99579796526 -2.19319041118 1.92448012396 12.9565711052 15.0015934645 0.0002 0.0002
72.731298 5.06787044412 6.09388102397 -2.40617152372 1.53533940913 18.7088770991 10.7075648282 0.0002 0.0002
72.731298 5.06787044412 6.09388102397 -2.40617152372 1.53533940913 18.7088770991 10.7075648282 0.0002 0.0002
73.630098 5.11090727067 6.18994361378 -2.73235612771 1.25352821125 23.3273857522 8.20093061104 0.0002 0.0002
73.680098 5.11303894638 6.19608515502 -2.24621818795 1.06504403979 23.5764032157 8.08504329389 0.0002 0.0002
73.680098 5.11303894638 6.19608515502 -2.24621818795 1.06504403979 23.5764032157 8.08504329389 0.0002 0.0002
73.880098 5.12141008167 6.22133842822 -0.226986473013 0.34887812745 24.0738839545 7.80386030172 0.0002 0.0002
73.880098 5.12141008167 6.22133842822 -0.226986473013 0.34887812745 24.0738839545 7.80386030172 0.0002 0.0002
74.130098 5.1318630548 6.2534361366 2.30243485535 -0.518139940946 23.5503492728 7.84580274729 0.0002 0.0002
74.436612 5.14527958782 0.00852426691225 2.22042299581 -0.567695546548 22.1640300214 8.1786265259 0.0002 0.0002
74.436612 5.14527958782 0.00852426691225 2.22042299581 -0.567695546548 22.1640300214 8.1786265259 0.0002 0.0002
75.985612 5.22781707021 0.177895210301 1.80596763515 -0.818129892377 15.9271509341 10.3252701308 0.0002 0.0002
75.985612 5.22781707021 0.177895210301 1.80596763515 -0.818129892377 15.9271509341 10.3252701308 0.0002 0.0002
78.030098 5.39339038676 0.346677308915 1.25893846634 -1.14867186395 9.66099331826 14.3463687864 0.0002 0.0002
78.080098 5.39859793798 0.350149785224 1.04947145056 -0.859777020213 9.54561233734 14.4468256391 0.0002 0.0002
78.080098 5.39859793798 0.350149785224 1.04947145056 -0.859777020213 9.54561233734 14.4468256391 0.0002 0.0002
78.280098 5.41989857538 0.363904524114 0.246384435695 0.319069327426 9.28785212783 14.5555637111 0.0002 0.0002
78.280098 5.41989857538 0.363904524114 0.246384435695 0.319069327426 9.28785212783 14.5555637111 0.0002 0.0002
78.530098 5.44675752334 0.381323209903 -0.740636310509 1.75430618772 9.41036785697 14.0327354702 0.0002 0.0002
78.635898 5.45790713422 0.388963633747 -0.758046443818 1.72356314092 9.56892849238 13.6647768952 0.0002 0.0002
78.635898 5.45790713422 0.388963633747 -0.758046443818 1.72356314092 9.56892849238 13.6647768952 0.0002 0.0002
78.836612 5.47855149732 0.4040324313 -0.791075342657 1.66524026858 9.87985892263 12.9845966077 0.0002 0.0002
78.836612 5.47855149732 0.4040324313 -0.791075342657 1.66524026858 9.87985892263 12.9845966077 0.0002 0.0002
83.821298 5.82464252483 1.22053052652 -1.61134044442 0.216805155687 21.8551472626 3.60319112998 0.0002 0.0002
83.871298 5.82692258622 1.23444392901 -1.22584698738 0.138143182471 21.9970489556 3.58544900393 0.0002 0.0002
83.871298 5.82692258622 1.23444392901 -1.22584698738 0.138143182471 21.9970489556 3.58544900393 0.0002 0.0002
84.071298 5.83595692448 1.29033109617 0.345986393308 -0.174354863047 22.1738655835 3.59265697906 0.0002 0.0002
84.071298 5.83595692448 1.29033109617 0.345986393308 -0.174354863047 22.1738655835 3.59265697906 0.0002 0.0002
84.271298 5.84504809478 1.34515100176 1.89810311261 -0.496884111281 21.7228937571 3.72626784047 0.0002 0.0002
84.271298 5.84504809478 1.34515100176 1.89810311261 -0.496884111281 21.7228937571 3.72626784047 0.0002 0.0002
84.321298 5.84736060261 1.35847564624 2.27258862573 -0.581230710023 21.5142969573 3.78015751116 0.0002 0.0002
84.427098 5.85233380175 1.38600892395 2.24227292776 -0.618674208716 21.036624605 3.90710745156 0.0002 0.0002
84.427098 5.85233380175 1.38600892395 2.24227292776 -0.618674208716 21.036624605 3.90710745156 0.0002 0.0002
84.627812 5.86208324763 1.43575694252 2.18476078217 -0.689708560292 20.1480569609 4.16971819066 0.0002 0.0002
84.627812 5.86208324763 1.43575694252 2.18476078217 -0.689708560292 20.1480569609 4.16971819066 0.0002 0.0002
89.612498 0.072819628375 2.01579021437 0.756459881552 -2.45383033465 5.48699549557 19.8392725107 0.0002 0.0002
89.662498 0.0819917022926 2.01829588253 0.623418002767 -2.03157517804 5.41802679618 20.063624756 0.0002 0.0002
89.662498 0.0819917022926 2.01829588253 0.623418002767 -2.03157517804 5.41802679618 20.063624756 0.0002 0.0002
89.862498 0.119532907245 2.02812235752 0.112921375177 -0.272562914717 5.27161375793 20.5271651055 0.0002 0.0002
89.862498 0.119532907245 2.02812235752 0.112921375177 -0.272562914717 5.27161375793 20.5271651055 0.0002 0.0002
90.112498 0.166743889111 2.04037215471 -0.518127451868 1.93830566586 5.37200008237 20.106883804 0.0002 0.0002
90.218298 0.186237190594 2.04568820373 -0.543109329885 1.91327475317 5.48427893388 19.6993865957 0.0002 0.0002
90.218298 0.186237190594 2.04568820373 -0.543109329885 1.91327475317 5.48427893388 19.6993865957 0.0002 0.0002
90.419012 0.222106591801 2.05607924579 -0.590502644293 1.86578841473 5.71181072767 18.940875711 0.0002 0.0002
90.419012 0.222106591801 2.05607924579 -0.590502644293 1.86578841473 5.71181072767 18.940875711 0.0002 0.0002
95.297898 0.738503441152 2.51646334709 -1.74252282303 0.711507039998 17.0943760178 6.36654499906 0.0002 0.0002
95.297898 0.738503441152 2.51646334709 -1.74252282303 0.711507039998 17.0943760178 6.36654499906 0.0002 0.0002
95.403698 0.744626498089 2.53327872285 -1.76750470105 0.686476127317 17.4657369299 6.21863837996 0.0002 0.0002
95.453698 0.747475702885 2.54136100308 -1.45203014647 0.560413979315 17.6267634909 6.1563131545 0.0002 0.0002
95.453698 0.747475702885 2.54136100308 -1.45203014647 0.560413979315 17.6267634909 6.1563131545 0.0002 0.0002
95.653698 0.758692386686 2.57427269928 -0.148225523632 0.0724007006567 17.9484082784 6.03037298009 0.0002 0.0002
95.653698 0.758692386686 2.57427269928 -0.148225523632 0.0724007006567 17.9484082784 6.03037298009 0.0002 0.0002
95.903698 0.772699870052 2.6155113297 1.48470419497 -0.534903187296 17.6116803017 6.14511256941 0.0002 0.0002
101.194898 1.26966145277 3.1481915179 0.52200000339 -1.64230774327 6.9938070473 17.6651710452 0.0002 0.0002
101.244898 1.27683489056 3.15100977809 0.373911790593 -1.29626055485 6.94902638992 17.812148477 0.0002 0.0002
101.244898 1.27683489056 3.15100977809 0.373911790593 -1.29626055485 6.94902638992 17.812148477 0.0002 0.0002
101.444898 1.3057650082 3.16213510386 -0.209325417528 0.125663043917 6.9162836324 18.0475252045 0.0002 0.0002
101.444898 1.3057650082 3.16213510386 -0.209325417528 0.125663043917 6.9162836324 18.0475252045 0.0002 0.0002
101.694898 1.34133121812 3.17612772218 -0.961767565239 1.8811665761 7.20664022452 17.5415928312 0.0002 0.0002
101.800698 1.35580670922 3.18222824336 -0.990028260978 1.85379142597 7.41314022294 17.1464342746 0.0002 0.0002
101.800698 1.35580670922 3.18222824336 -0.990028260978 1.85379142597 7.41314022294 17.1464342746 0.0002 0.0002
102.001412 1.38216921343 3.19419320136 -1.0436418459 1.80185781649 7.82132628477 16.4126942926 0.0002 0.0002
102.001412 1.38216921343 3.19419320136 -1.0436418459 1.80185781649 7.82132628477 16.4126942926 0.0002 0.0002
104.444898 1.6135471626 3.39490992794 -1.69633196298 1.16961966816 14.5164139271 9.15193065949 0.0002 0.0002
104.444898 1.6135471626 3.39490992794 -1.69633196298 1.16961966816 14.5164139271 9.15193065949 0.0002 0.0002
106.986098 1.74771174286 3.78504928507 -2.37512288936 0.512098576363 24.8627949979 4.8783482565 0.0002 0.0002
107.036098 1.74971383365 3.79534916807 -1.92285219685 0.409497597101 25.0777602584 4.83228269788 0.0002 0.0002
107.036098 1.74971383365 3.79534916807 -1.92285219685 0.409497597101 25.0777602584 4.83228269788 0.0002 0.0002
107.236098 1.75760692827 3.8372158373 -0.0595524672481 0.0105666233788 25.4762154171 4.74868324473 0.0002 0.0002
107.236098 1.75760692827 3.8372158373 -0.0595524672481 0.0105666233788 25.4762154171 4.74868324473 0.0002 0.0002
107.486098 1.76749046567 3.88943991162 2.26150232345 -0.489977047744 24.9214305665 4.86761742736 0.0002 0.0002
107.792612 1.78014089105 3.95044941184 2.18630010033 -0.568064761651 23.5581168544 5.19192205452 0.0002 0.0002
107.792612 1.78014089105 3.95044941184 2.18630010033 -0.568064761651 23.5581168544 5.19192205452 0.0002 0.0002
112.046858 2.07012527108 4.46027962021 1.14253454008 -1.65187934937 9.39643540079 14.636110409 0.0002 0.0002
112.046858 2.07012527108 4.46027962021 1.14253454008 -1.65187934937 9.39643540079 14.636110409 0.0002 0.0002
112.777298 2.15523220618 4.50635274296 0.963323437616 -1.8379667377 7.85823249956 17.1852335849 0.0002 0.0002
112.827298 2.16163196587 4.50924769406 0.79563882083 -1.50339660228 7.77031370357 17.3523574875 0.0002 0.0002
112.827298 2.16163196587 4.50924769406 0.79563882083 -1.50339660228 7.77031370357 17.3523574875 0.0002 0.0002
113.027298 2.18776092199 4.52063649491 0.150213188621 -0.118686573839 7.58214622395 17.6785162451 0.0002 0.0002
113.027298 2.18776092199 4.52063649491 0.150213188621 -0.118686573839 7.58214622395 17.6785162451 0.0002 0.0002
113.227298 2.21409656092 4.53199459166 -0.485543233238 1.27358220605 7.64885666988 17.4462967572 0.0002 0.0002
113.227298 2.21409656092 4.53199459166 -0.485543233238 1.27358220605 7.64885666988 17.4462967572 0.0002 0.0002
113.277298 2.22061054591 4.53487198358 -0.647743569209 1.61236869697 7.70550212132 17.3019510729 0.0002 0.0002
113.383098 2.23421911478 4.54104771275 -0.667234925751 1.59035662849 7.84462684608 16.9631027334 0.0002 0.0002
113.383098 2.23421911478 4.54104771275 -0.667234925751 1.59035662849 7.84462684608 16.9631027334 0.0002 0.0002
113.583812 2.25937051056 4.55310644422 -0.704212129316 1.54859736277 8.11989547029 16.333070722 0.0002 0.0002
113.583812 2.25937051056 4.55310644422 -0.704212129316 1.54859736277 8.11989547029 16.333070722 0.0002 0.0002
115.622798 2.46959522111 4.70664430843 -1.07985110013 1.12437903141 11.7575754182 10.882909276 0.0002 0.0002
115.622798 2.46959522111 4.70664430843 -1.07985110013 1.12437903141 11.7575754182 10.882909276 0.0002 0.0002
117.267498 2.59052929941 4.88673562197 -1.38285142249 0.78219331283 15.8079822572 7.7471697414 0.0002 0.0002
117.267498 2.59052929941 4.88673562197 -1.38285142249 0.78219331283 15.8079822572 7.7471697414 0.0002 0.0002
118.462698 2.65887329498 5.06041550747 -1.60304111379 0.533527677243 19.3767210165 6.17462001406 0.0002 0.0002
118.462698 2.65887329498 5.06041550747 -1.60304111379 0.533527677243 19.3767210165 6.17462001406 0.0002 0.0002
118.568498 2.66428602493 5.07770652875 -1.62253247033 0.511515608764 19.7179867017 6.0640544344 0.0002 0.0002
118.618498 2.66681216351 5.08598399952 -1.26295398762 0.389427281539 19.8623056742 6.0190212206 0.0002 0.0002
118.618498 2.66681216351 5.08598399952 -1.26295398762 0.389427281539 19.8623056742 6.0190212206 0.0002 0.0002
118.818498 2.67680359546 5.11946727314 0.208655213126 -0.088927827464 20.0742153782 5.9592170554 0.0002 0.0002
118.818498 2.67680359546 5.11946727314 0.208655213126 -0.088927827464 20.0742153782 5.9592170554 0.0002 0.0002
119.068498 2.68938689407 5.16092030753 2.02062720073 -0.69768856201 19.5125440452 6.154364204 0.0002 0.0002
122.440498 2.94893053496 5.53830283802 1.14223562006 -1.51229523999 8.8473706135 13.6064295843 0.0002 0.0002
122.440498 2.94893053496 5.53830283802 1.14223562006 -1.51229523999 8.8473706135 13.6064295843 0.0002 0.0002
124.359698 3.22968961601 5.65403629664 0.642292226934 -1.97593496014 5.42250476954 20.3010409844 0.0002 0.0002
124.409698 3.23896200624 5.65648810533 0.521975146812 -1.57812884099 5.3643108059 20.4788034581 0.0002 0.0002
124.409698 3.23896200624 5.65648810533 0.521975146812 -1.57812884099 5.3643108059 20.4788034581 0.0002 0.0002
124.609698 3.27676184768 5.66615662511 0.0568995523067 0.0599731792954 5.24914966858 20.7840650943 0.0002 0.0002
124.609698 3.27676184768 5.66615662511 0.0568995523067 0.0599731792954 5.24914966858 20.7840650943 0.0002 0.0002
124.859698 3.32408740364 5.67829459877 -0.522753101281 2.08993127251 5.36465172598 20.2420627984 0.0002 0.0002
124.965498 3.34360536765 5.68357901461 -0.547864153785 2.06187511086 5.47792303156 19.802801683 0.0002 0.0002
124.965498 3.34360536765 5.68357901461 -0.547864153785 2.06187511086 5.47792303156 19.802801683 0.0002 0.0002
125.166212 3.37950941231 5.69393062129 -0.595502526114 2.00864954912 5.70741273135 18.9857903964 0.0002 0.0002
125.166212 3.37950941231 5.69393062129 -0.595502526114 2.00864954912 5.70741273135 18.9857903964 0.0002 0.0002
129.341898 3.8508075933 6.06925027807 -1.58657880577 0.901336491911 14.8190991998 6.83460242465 0.0002 0.0002
129.341898 3.8508075933 6.06925027807 -1.58657880577 0.901336491911 14.8190991998 6.83460242465 0.0002 0.0002
130.150898 3.90100559166 6.20098804487 -1.77859053995 0.686804972232 17.5415212004 5.54979598016 0.0002 0.0002
130.200898 3.90384245967 6.21005040988 -1.4617506067 0.571735399643 17.7035883983 5.48688842157 0.0002 0.0002
130.200898 3.90384245967 6.21005040988 -1.4617506067 0.571735399643 17.7035883983 5.48688842157 0.0002 0.0002
130.400898 3.91501004959 6.24707276249 -0.152176287634 0.128524307423 18.0279810455 5.34752561531 0.0002 0.0002
130.400898 3.91501004959 6.24707276249 -0.152176287634 0.128524307423 18.0279810455 5.34752561531 0.0002 0.0002
130.650898 3.92895507361 0.0105242371669 1.48825234379 -0.417735654346 17.6913545083 5.41927439966 0.0002 0.0002
130.756698 3.93498902679 0.0298867964528 1.46902623563 -0.440665370831 17.3784744346 5.51009322813 0.0002 0.0002
130.756698 3.93498902679 0.0298867964528 1.46902623563 -0.440665370831 17.3784744346 5.51009322813 0.0002 0.0002
135.061658 4.30635454887 0.556361015023 0.68672352729 -1.37366643206 8.09805793523 13.3207190663 0.0002 0.0002
135.061658 4.30635454887 0.556361015023 0.68672352729 -1.37366643206 8.09805793523 13.3207190663 0.0002 0.0002
135.792098 4.40221530632 0.607310662838 0.553987058128 -1.53197250114 7.19179329521 15.4431139687 0.0002 0.0002
135.842098 4.40919210727 0.610533430315 0.402009960498 -1.23094814986 7.14400937805 15.5813060882 0.0002 0.0002
135.842098 4.40919210727 0.610533430315 0.402009960498 -1.23094814986 7.14400937805 15.5813060882 0.0002 0.0002
136.042098 4.4373469977 0.623235780649 -0.195807283113 0.0100837675559 7.10298748699 15.8267901767 0.0002 0.0002
136.042098 4.4373469977 0.623235780649 -0.195807283113 0.0100837675559 7.10298748699 15.8267901767 0.0002 0.0002
136.242098 4.46519492092 0.635941385667 -0.806228625109 1.2504734835 7.30233217247 15.5733248842 0.0002 0.0002
136.242098 4.46519492092 0.635941385667 -0.806228625109 1.2504734835 7.30233217247 15.5733248842 0.0002 0.0002
136.292098 4.47200209487 0.639166014346 -0.965354643125 1.55113960767 7.39088180859 15.4331974972 0.0002 0.0002
136.397898 4.48612097104 0.646094935987 -0.993009805201 1.5277900454 7.59807676723 15.1074467399 0.0002 0.0002
136.397898 4.48612097104 0.646094935987 -0.993009805201 1.5277900454 7.59807676723 15.1074467399 0.0002 0.0002
139.002498 4.73649682465 0.876010942209 -1.6738286629 0.95296707869 14.5441242412 8.64606673453 0.0002 0.0002
139.002498 4.73649682465 0.876010942209 -1.6738286629 0.95296707869 14.5441242412 8.64606673453 0.0002 0.0002
141.496798 4.8689650394 1.25468262408 -2.32581609926 0.402486803073 24.5204381715 5.26515811725 0.0002 0.0002
141.633298 4.87447670035 1.28079726145 -0.737355378839 0.0354272104467 24.9398008195 5.20555883673 0.0002 0.0002
141.633298 4.87447670035 1.28079726145 -0.737355378839 0.0354272104467 24.9398008195 5.20555883673 0.0002 0.0002
141.833298 4.88249935048 1.3190089764 1.62113210281 -0.503746420001 24.7619157561 5.29863307732 0.0002 0.0002
141.833298 4.88249935048 1.3190089764 1.62113210281 -0.503746420001 24.7619157561 5.29863307732 0.0002 0.0002
142.169798 4.89665478816 1.37942494008 5.22501472571 -1.52048070857 22.4159124294 5.96781319442 0.0002 0.0002
147.464298 0.965246425128 1.74055451413 -1.45945436616 -4.45868446786 2.47915310582 37.6245032211 0.0002 0.0002
147.774298 1.06987119183 1.74856601765 -2.13343777053 -1.43187689186 3.58378588732 39.4659039405 0.0002 0.0002
147.774298 1.06987119183 1.74856601765 -2.13343777053 -1.43187689186 3.58378588732 39.4659039405 0.0002 0.0002
147.974298 1.11954616404 1.75361448034 -2.67704543391 0.615766068296 4.54256866927 39.6296929961 0.0002 0.0002
147.974298 1.11954616404 1.75361448034 -2.67704543391 0.615766068296 4.54256866927 39.6296929961 0.0002 0.0002
148.484298 1.2042079662 1.76688792115 -4.63352156496 5.52773585135 8.18930829267 36.4240857072 0.0002 0.0002
148.795099 1.23647298506 1.77584291901 -5.48628588723 5.25847462528 11.3345545686 33.0717207049 0.0002 0.0002
148.795099 1.23647298506 1.77584291901 -5.48628588723 5.25847462528 11.3345545686 33.0717207049 0.0002 0.0002
149.451742 1.28040528244 1.79800910709 -7.28795873533 4.68959454038 19.7226728803 26.5393907237 0.0002 0.0002
149.761742 1.29466461503 1.81020777298 -5.29529209508 1.52646171089 23.6721952856 24.6357777708 0.0002 0.0002
149.761742 1.29466461503 1.81020777298 -5.29529209508 1.52646171089 23.6721952856 24.6357777708 0.0002 0.0002
149.961742 1.30279124791 1.81838536782 -3.57633951202 -0.365658005267 25.4556646623 24.4047987334 0.0002 0.0002
149.961742 1.30279124791 1.81838536782 -3.57633951202 -0.365658005267 25.4556646623 24.4047987334 0.0002 0.0002
150.471742 1.32208788754 1.83846249039 1.51747610339 -5.57196441052 26.542108235 27.3360168832 0.0002 0.0002
150.968217 1.34133714427 1.85495388926 1.45569786365 -6.15399612489 25.0660016897 33.15766314 0.0002 0.0002
150.968217 1.34133714427 1.85495388926 1.45569786365 -6.15399612489 25.0660016897 33.15766314 0.0002 0.0002
150.968217 1.34133714427 1.85495388926 1.45569786365 -6.15399612489 25.0660016897 33.15766314 0.0002 0.0002
153.973287 1.48556068872 1.91306882932 1.0817657726 -9.67692486026 17.4407458403 80.7306888649 0.0002 0.0002
154.283287 1.50353832963 1.91679938092 -0.248912314955 -3.55987557056 17.1845645907 84.8665405983 0.0002 0.0002
154.283287 1.50353832963 1.91679938092 -0.248912314955 -3.55987557056 17.1845645907 84.8665405983 0.0002 0.0002
154.483287 1.51510497134 1.91914399663 -1.1120554991 0.600502972431 17.4558742565 85.4603522152 0.0002 0.0002
154.483287 1.51510497134 1.91914399663 -1.1120554991 0.600502972431 17.4558742565 85.4603522152 0.0002 0.0002
154.993287 1.54282807281 1.92526381549 -3.59480787896 10.7283863585 19.8067501622 79.5569429939 0.0002 0.0002
155.304088 1.55768077055 1.92934133951 -3.81327741813 10.2748312286 22.1091904806 73.0291219646 0.0002 0.0002
155.304088 1.55768077055 1.92934133951 -3.81327741813 10.2748312286 22.1091904806 73.0291219646 0.0002 0.0002
155.960731 1.58435298499 1.93924778894 -4.27484766279 9.31658527333 27.4202011981 60.1645554585 0.0002 0.0002
156.270731 1.59517143726 1.94464114987 -3.5241597156 7.08825186202 29.8460127336 55.0959978458 0.0002 0.0002
156.270731 1.59517143726 1.94464114987 -3.5241597156 7.08825186202 29.8460127336 55.0959978458 0.0002 0.0002
156.470731 1.6017267256 1.94836171466 -2.96289393047 5.8072271997 31.1452327533 52.5204866871 0.0002 0.0002
156.470731 1.6017267256 1.94836171466 -2.96289393047 5.8072271997 31.1452327533 52.5204866871 0.0002 0.0002
156.980731 1.6174788809 1.95855455221 -1.33197213414 2.93446398644 33.3556614361 48.1021504558 0.0002 0.0002
157.477206 1.63207277363 1.96919778214 -1.37326335565 2.83526550268 34.6987432259 45.2376240077 0.0002 0.0002
157.477206 1.63207277363 1.96919778214 -1.37326335565 2.83526550268 34.6987432259 45.2376240077 0.0002 0.0002
157.477206 1.63207277363 1.96919778214 -1.37326335565 2.83526550268 34.6987432259 45.2376240077 0.0002 0.0002
158.548502 1.6616825448 1.99457836245 -1.46236174015 2.62121456586 37.7365370485 39.3921187362 0.0002 0.0002
158.548502 1.6616825448 1.99457836245 -1.46236174015 2.62121456586 37.7365370485 39.3921187362 0.0002 0.0002
158.813005 1.66862051988 2.00141317087 -1.48436013275 2.56836538604 38.5159538241 38.0194592702 0.0002 0.0002
158.813005 1.66862051988 2.00141317087 -1.48436013275 2.56836538604 38.5159538241 38.0194592702 0.0002 0.0002
165.740498 1.80963843505 2.3313777431 -2.06051129445 1.18421351162 63.0730258218 12.0234952246 0.0002 0.0002
165.740498 1.80963843505 2.3313777431 -2.06051129445 1.18421351162 63.0730258218 12.0234952246 0.0002 0.0002
168.065698 1.84388761624 2.57713899698 -2.25389534856 0.719625537532 73.1048841481 7.59668866755 0.0002 0.0002
168.065698 1.84388761624 2.57713899698 -2.25389534856 0.719625537532 73.1048841481 7.59668866755 0.0002 0.0002
168.277698 1.84676871988 2.60561012384 -2.27152713055 0.677266750973 74.0642737137 7.30054750239 0.0002 0.0002
168.277698 1.84676871988 2.60561012384 -2.27152713055 0.677266750973 74.0642737137 7.30054750239 0.0002 0.0002
