0.0 0.0 0.0 -1.25287976099 0.789987518004 5.79735938488 9.99584375794 0.0002 0.0002
0.0 0.0 0.0 -1.25287976099 0.789987518004 5.79735938488 9.99584375794 0.0002 0.0002
0.0 0.0 0.0 -1.25287976099 0.789987518004 5.79735938488 9.99584375794 0.0002 0.0002
0.423 0.066753540216 0.0437532690482 -1.4403765648 0.721260357547 6.93660681069 9.35658590658 0.0002 0.0002
0.423 0.066753540216 0.0437532690482 -1.4403765648 0.721260357547 6.93660681069 9.35658590658 0.0002 0.0002
0.877 0.126493679056 0.0939926370906 -1.64161426913 0.647496454835 8.3358306493 8.73517031376 0.0002 0.0002
0.877 0.126493679056 0.0939926370906 -1.64161426913 0.647496454835 8.3358306493 8.73517031376 0.0002 0.0002
1.357 0.179054848887 0.150908639629 -1.85437659969 0.569508187651 10.0139062663 8.15100808537 0.0002 0.0002
1.357 0.179054848887 0.150908639629 -1.85437659969 0.569508187651 10.0139062663 8.15100808537 0.0002 0.0002
1.89 0.227461469232 0.218724550225 -2.09063143759 0.482908715965 12.1165955502 7.59006987574 0.0002 0.0002
1.89 0.227461469232 0.218724550225 -2.09063143759 0.482908715965 12.1165955502 7.59006987574 0.0002 0.0002
2.475 0.271287727347 0.298608182672 -2.34993552796 0.387860515334 14.714327225 7.08066987543 0.0002 0.0002
2.475 0.271287727347 0.298608182672 -2.34993552796 0.387860515334 14.714327225 7.08066987543 0.0002 0.0002
3.06 0.30763187344 0.383756269393 -2.60923961834 0.292812314703 17.6154446856 6.68247626986 0.0002 0.0002
3.06 0.30763187344 0.383756269393 -2.60923961834 0.292812314703 17.6154446856 6.68247626986 0.0002 0.0002
3.645 0.33818367368 0.473361134349 -2.86854370871 0.197764114072 20.819947932 6.39548905903 0.0002 0.0002
3.645 0.33818367368 0.473361134349 -2.86854370871 0.197764114072 20.819947932 6.39548905903 0.0002 0.0002
4.6635 0.381056842021 0.636334330528 -3.31999877888 0.0322827596395 27.1229784556 6.16118631815 0.0002 0.0002
5.0 0.393275533142 0.68962794033 2.9466501061 -1.50789321957 27.2519470949 6.64533124673 0.0002 0.0002
5.0 0.393275533142 0.68962794033 2.9466501061 -1.50789321957 27.2519470949 6.64533124673 0.0002 0.0002
5.3365 0.406442290767 0.735547309062 8.32634033917 -3.52593149772 23.3578332421 8.29691936867 0.0002 0.0002
5.7585 0.427704833722 0.778648441223 7.0557433696 -4.20912307319 16.866593917 11.5611123976 0.0002 0.0002
6.025 0.445141630862 0.800001877815 3.52089764915 -1.97658514091 14.0965294693 13.2392607424 0.0002 0.0002
6.025 0.445141630862 0.800001877815 3.52089764915 -1.97658514091 14.0965294693 13.2392607424 0.0002 0.0002
6.2915 0.465018789981 0.819693318601 0.743291012679 0.666344944999 12.9797214591 13.5947216436 0.0002 0.0002
6.973 0.519601798259 0.871509033735 0.661778002888 0.593956804405 12.022166925 12.7358260014 0.0002 0.0002
6.973 0.519601798259 0.871509033735 0.661778002888 0.593956804405 12.022166925 12.7358260014 0.0002 0.0002
7.482 0.563133200077 0.912423969958 0.600897413037 0.539891413998 11.3794651383 12.1586972582 0.0002 0.0002
7.482 0.563133200077 0.912423969958 0.600897413037 0.539891413998 11.3794651383 12.1586972582 0.0002 0.0002
7.992 0.609158621209 0.955314830879 0.539897214954 0.48571980475 10.797659878 11.6356355367 0.0002 0.0002
7.992 0.609158621209 0.955314830879 0.539897214954 0.48571980475 10.797659878 11.6356355367 0.0002 0.0002
8.498 0.657200049455 0.999711114139 0.479375449798 0.431973070868 10.2819079096 11.1712829416 0.0002 0.0002
8.498 0.657200049455 0.999711114139 0.479375449798 0.431973070868 10.2819079096 11.1712829416 0.0002 0.0002
8.9873 0.705861015825 1.04432598128 0.420851142108 0.380000191642 9.84142703819 10.7739844242 0.0002 0.0002
8.9873 0.705861015825 1.04432598128 0.420851142108 0.380000191642 9.84142703819 10.7739844242 0.0002 0.0002
9.4566 0.75448543446 1.0885888119 0.364718999049 0.330151689249 9.47275897095 10.4407101465 0.0002 0.0002
9.4566 0.75448543446 1.0885888119 0.364718999049 0.330151689249 9.47275897095 10.4407101465 0.0002 0.0002
9.9277 0.805092981339 1.1343606076 0.308371561173 0.280111992941 9.15566600803 10.1532149259 0.0002 0.0002
9.9277 0.805092981339 1.1343606076 0.308371561173 0.280111992941 9.15566600803 10.1532149259 0.0002 0.0002
16.240021 1.52426352844 1.77965505857 -0.446633990515 -0.390375431889 10.0284228443 10.8492331471 0.0002 0.0002
16.240021 1.52426352844 1.77965505857 -0.446633990515 -0.390375431889 10.0284228443 10.8492331471 0.0002 0.0002
17.480021 1.64187692492 1.88872657728 -0.384257937794 -0.522205025018 11.0678384446 11.9818486835 0.0002 0.0002
17.480021 1.64187692492 1.88872657728 -0.384257937794 -0.522205025018 11.0678384446 11.9818486835 0.0002 0.0002
17.480021 1.64187692492 1.88872657728 -0.384257937794 -0.522205025018 11.0678384446 11.9818486835 0.0002 0.0002
17.480021 1.64187692492 1.88872657728 -0.384257937794 -0.522205025018 11.0678384446 11.9818486835 0.0002 0.0002
18.720021 1.74977852503 1.98667943932 -0.285913571929 -0.654034618147 11.9061986433 13.4416950832 0.0002 0.0002
18.720021 1.74977852503 1.98667943932 -0.730698711653 -0.151887257365 11.9061986433 13.4416950832 0.0002 0.0002
20.0 1.84912574858 2.08027209005 -0.895603247829 -0.249308585053 13.9878309991 13.9552173364 0.0002 0.0002
20.0 1.84912574858 2.08027209005 -0.895603247829 -0.249308585053 13.9878309991 13.9552173364 0.0002 0.0002
22.328798 1.99300877461 2.23913320462 -1.195631103 -0.426557268883 18.8578933729 15.5291723853 0.0002 0.0002
22.595298 2.00671248327 2.25641467252 -4.46621585282 2.024498567 20.3455124189 15.0971098655 0.0002 0.0002
22.595298 2.00671248327 2.25641467252 -4.46621585282 2.024498567 20.3455124189 15.0971098655 0.0002 0.0002
22.861798 2.01892176798 2.27499619924 -8.51611981222 4.13227919439 23.7565494793 13.4323973281 0.0002 0.0002
23.218798 2.03224346402 2.30484388638 -9.62100139147 3.65187082566 30.2315017491 10.6534557709 0.0002 0.0002
23.355298 2.03658609395 2.31823262492 -7.37645205425 2.67215690268 32.560312643 9.79341884738 0.0002 0.0002
23.355298 2.03658609395 2.31823262492 -7.37645205425 2.67215690268 32.560312643 9.79341884738 0.0002 0.0002
23.555298 2.04250747847 2.33964956452 -3.52758953226 1.44169902635 34.7586829936 8.97714780245 0.0002 0.0002
23.555298 2.04250747847 2.33964956452 -3.52758953226 1.44169902635 34.7586829936 8.97714780245 0.0002 0.0002
23.891798 2.05207843963 2.37833601978 3.50019843333 -0.368960897343 34.7681140018 8.62410670828 0.0002 0.0002
27.336298 2.20259346535 2.71332197382 2.18737457241 -0.822736262327 15.1772687836 12.7289075748 0.0002 0.0002
27.336298 2.20259346535 2.71332197382 2.18737457241 -0.822736262327 15.1772687836 12.7289075748 0.0002 0.0002
28.003298 2.25117642619 2.7635144888 1.9331566844 -0.910606248811 12.4288744353 13.8850470297 0.0002 0.0002
28.003298 2.25117642619 2.7635144888 1.9331566844 -0.910606248811 12.4288744353 13.8850470297 0.0002 0.0002
28.805298 2.32476680989 2.81833331264 1.62748540077 -1.01626101517 9.57323948296 15.4303945754 0.0002 0.0002
28.855298 2.33003189809 2.82156455936 1.33893424376 -0.578920861897 9.42498918021 15.5101917204 0.0002 0.0002
28.855298 2.33003189809 2.82156455936 1.33893424376 -0.578920861897 9.42498918021 15.5101917204 0.0002 0.0002
29.055298 2.35169933933 2.83446085464 0.245460495365 1.17833911104 9.11050572738 15.3893850452 0.0002 0.0002
29.055298 2.35169933933 2.83446085464 0.245460495365 1.17833911104 9.11050572738 15.3893850452 0.0002 0.0002
29.305298 2.37899264545 2.85122552105 -1.101032978 3.20638805511 9.32188517453 14.2799470277 0.0002 0.0002
32.666098 2.63156295916 3.61577835318 -1.89861941447 0.551411078272 19.4031169352 1.6507357002 0.0002 0.0002
32.716098 2.63412865605 3.64655617499 -1.29271293247 0.461455138698 19.5627675447 1.6001190132 0.0002 0.0002
32.716098 2.63412865605 3.64655617499 -1.29271293247 0.461455138698 19.5627675447 1.6001190132 0.0002 0.0002
32.916098 2.64430311948 3.77727532781 1.17362008437 0.125350127928 19.5867886343 1.4837358791 0.0002 0.0002
32.916098 2.64430311948 3.77727532781 1.17362008437 0.125350127928 19.5867886343 1.4837358791 0.0002 0.0002
33.166098 2.65743598596 3.94552271711 4.06306948166 -0.280667353738 18.2601230354 1.52206246857 0.0002 0.0002
36.526898 3.28789754613 4.88342652806 0.840600517365 -2.66266170903 1.77986890271 11.4140027827 0.0002 0.0002
36.576898 3.31664020394 4.88775960415 0.720633359552 -2.20383382085 1.70186228825 11.6574995375 0.0002 0.0002
36.576898 3.31664020394 4.88775960415 0.720633359552 -2.20383382085 1.70186228825 11.6574995375 0.0002 0.0002
36.776898 3.44279603363 4.90447172214 0.29243112557 -0.222914926922 1.50150808905 12.1484086318 0.0002 0.0002
36.776898 3.44279603363 4.90447172214 0.29243112557 -0.222914926922 1.50150808905 12.1484086318 0.0002 0.0002
37.026898 3.61297693893 4.92532132188 -0.192683526336 2.26322978138 1.47700231019 11.6291296965 0.0002 0.0002
37.333412 3.80993521517 4.95334345734 -0.407912659763 2.1018640703 1.66109344957 10.2911673197 0.0002 0.0002
37.333412 3.80993521517 4.95334345734 -0.407912659763 2.1018640703 1.66109344957 10.2911673197 0.0002 0.0002
40.387698 4.62003966825 5.62129221303 -2.5525824922 0.493921097951 10.7032923453 2.36289702128 0.0002 0.0002
40.437698 4.62465937959 5.64265716849 -2.10854003108 0.366119553188 10.9365186833 2.31992634018 0.0002 0.0002
40.437698 4.62465937959 5.64265716849 -2.10854003108 0.366119553188 10.9365186833 2.31992634018 0.0002 0.0002
40.637698 4.64246655528 5.73039273183 -0.188932967562 -0.123838638145 11.4014542725 2.27202808315 0.0002 0.0002
40.637698 4.64246655528 5.73039273183 -0.188932967562 -0.123838638145 11.4014542725 2.27202808315 0.0002 0.0002
40.887698 4.66470501698 5.83663351661 2.21532726913 -0.769206347334 10.885407082 2.49130367264 0.0002 0.0002
41.194212 4.69472760618 5.94856033709 2.04897748969 -0.965036233478 9.57833797311 3.02287330306 0.0002 0.0002
41.194212 4.69472760618 5.94856033709 2.04897748969 -0.965036233478 9.57833797311 3.02287330306 0.0002 0.0002
44.248498 5.43843837323 0.138238903508 0.391370325134 -2.91640054189 2.12481780715 14.877891306 0.0002 0.0002
44.298498 5.46216715533 0.141569293915 0.275664336662 -2.30620861927 2.09148961543 15.1392063961 0.0002 0.0002
44.298498 5.46216715533 0.141569293915 0.275664336662 -2.30620861927 2.09148961543 15.1392063961 0.0002 0.0002
44.498498 5.5589538151 0.154531222457 -0.173340996173 0.276025237324 2.07125316849 15.5498957036 0.0002 0.0002
44.498498 5.5589538151 0.154531222457 -0.173340996173 0.276025237324 2.07125316849 15.5498957036 0.0002 0.0002
44.748498 5.674657522 0.170971394107 -0.775442760631 3.41097751464 2.3043468506 14.6115131717 0.0002 0.0002
44.854298 5.71896328103 0.178395489968 -0.848964137855 3.31949086319 2.47620910046 13.8994296173 0.0002 0.0002
44.854298 5.71896328103 0.178395489968 -0.848964137855 3.31949086319 2.47620910046 13.8994296173 0.0002 0.0002
45.055012 5.79465659037 0.193561828949 -0.988442112411 3.14593082767 2.84500225858 12.6017289681 0.0002 0.0002
45.055012 5.79465659037 0.193561828949 -0.988442112411 3.14593082767 2.84500225858 12.6017289681 0.0002 0.0002
48.109298 0.0 0.98906797338 -3.1108930874 0.504849554508 15.3655443687 1.45120155772 0.0002 0.0002
48.159298 0.0 1.02409173727 -2.45990950249 0.400105082221 15.6442880208 1.40598682945 0.0002 0.0002
48.159298 0.0 1.02409173727 -2.45990950249 0.400105082221 15.6442880208 1.40598682945 0.0002 0.0002
48.359298 0.00742304561014 1.17199611534 0.299861695447 0.00743573978861 16.0814154512 1.32541756938 0.0002 0.0002
48.359298 0.00742304561014 1.17199611534 0.299861695447 0.00743573978861 16.0814154512 1.32541756938 0.0002 0.0002
48.609298 0.0233332371903 1.35541768368 3.64613339189 -0.488319627763 15.0765089308 1.44349141228 0.0002 0.0002
48.715098 0.030534924319 1.42606179449 3.54582265334 -0.579091661398 14.3155999812 1.55642352667 0.0002 0.0002
48.715098 0.030534924319 1.42606179449 3.54582265334 -0.579091661398 14.3155999812 1.55642352667 0.0002 0.0002
48.915812 0.0452880012082 1.54548798606 3.35552237377 -0.751295989933 12.9304034154 1.82345095372 0.0002 0.0002
48.915812 0.0452880012082 1.54548798606 3.35552237377 -0.751295989933 12.9304034154 1.82345095372 0.0002 0.0002
51.970098 0.895554908879 2.18363609575 0.459703050355 -3.37174732757 1.27761381568 14.4164044358 0.0002 0.0002
52.020098 0.935357664323 2.1870666594 0.359956189086 -2.79017897857 1.23665977784 14.724718562 0.0002 0.0002
52.020098 0.935357664323 2.1870666594 0.359956189086 -2.79017897857 1.23665977784 14.724718562 0.0002 0.0002
52.220098 1.10344740793 2.20029693399 -0.0166126600995 -0.279570303479 1.16875676446 15.345702526 0.0002 0.0002
52.220098 1.10344740793 2.20029693399 -0.0166126600995 -0.279570303479 1.16875676446 15.345702526 0.0002 0.0002
52.470098 1.30993393561 2.2168040105 -0.496511322937 2.8708109352 1.29481944813 14.6862049929 0.0002 0.0002
52.575898 1.38829762451 2.22416005353 -0.598365049212 2.80423440542 1.4106573683 14.0857851958 0.0002 0.0002
52.575898 1.38829762451 2.22416005353 -0.598365049212 2.80423440542 1.4106573683 14.0857851958 0.0002 0.0002
55.830898 2.15807172146 2.80510121601 -3.73195558818 0.755967822928 15.505851043 2.49732694255 0.0002 0.0002
55.880898 2.16126025615 2.82541247103 -3.08571999359 0.618259852655 15.846983814 2.42866565983 0.0002 0.0002
55.880898 2.16126025615 2.82541247103 -3.08571999359 0.618259852655 15.846983814 2.42866565983 0.0002 0.0002
56.080898 2.1735456657 2.91091874811 -0.290529583829 0.110194623129 16.5302304566 2.28465244289 0.0002 0.0002
56.080898 2.1735456657 2.91091874811 -0.290529583829 0.110194623129 16.5302304566 2.28465244289 0.0002 0.0002
56.330898 2.18888173005 3.01925311142 3.21335208983 -0.511009478577 15.7858947843 2.3830671216 0.0002 0.0002
56.436698 2.19573132727 3.06263755497 3.13744560209 -0.566999352088 15.1139803885 2.49712045588 0.0002 0.0002
56.436698 2.19573132727 3.06263755497 3.13744560209 -0.566999352088 15.1139803885 2.49712045588 0.0002 0.0002
59.691698 2.78193377747 3.70583979523 0.802137307253 -2.28956115054 2.29063801859 11.795224892 0.0002 0.0002
59.741698 2.80413115435 3.71004096657 0.672427017517 -1.80725044079 2.21696182078 12.0002102405 0.0002 0.0002
59.741698 2.80413115435 3.71004096657 0.672427017517 -1.80725044079 2.21696182078 12.0002102405 0.0002 0.0002
59.941698 2.89874840802 3.72639839328 0.200278572013 0.232455551147 2.04436633822 12.3187766216 0.0002 0.0002
59.941698 2.89874840802 3.72639839328 0.200278572013 0.232455551147 2.04436633822 12.3187766216 0.0002 0.0002
60.191698 3.02126857404 3.7471553565 -0.358398395281 2.70609155705 2.08321292413 11.5708901633 0.0002 0.0002
60.498212 3.16013401829 3.77568328019 -0.52443305183 2.4856162959 2.35381312231 9.97955902243 0.0002 0.0002
60.498212 3.16013401829 3.77568328019 -0.52443305183 2.4856162959 2.35381312231 9.97955902243 0.0002 0.0002
62.097498 3.62453816219 4.03599435919 -1.39074552609 1.33525122776 5.41673140947 3.86889908397 0.0002 0.0002
62.097498 3.62453816219 4.03599435919 -1.39074552609 1.33525122776 5.41673140947 3.86889908397 0.0002 0.0002
63.552498 3.81765848071 4.68294833835 -2.17890014636 0.288670957477 10.6105658629 1.50609230444 0.0002 0.0002
63.602498 3.82232528168 4.71643765904 -1.86276183093 0.205750075037 10.8127558875 1.48138431658 0.0002 0.0002
63.602498 3.82232528168 4.71643765904 -1.86276183093 0.205750075037 10.8127558875 1.48138431658 0.0002 0.0002
63.802498 3.84035162526 4.85324793408 -0.50116554631 -0.118030657524 11.2895824027 1.4639873717 0.0002 0.0002
63.802498 3.84035162526 4.85324793408 -0.50116554631 -0.118030657524 11.2895824027 1.4639873717 0.0002 0.0002
64.052498 3.86254015328 5.01702450843 1.25502581711 -0.543704852943 11.0985857439 1.62726843233 0.0002 0.0002
68.445984 4.52912341833 5.84727719382 0.235650803648 -4.041754779 4.54931888012 21.7734211288 0.0002 0.0002
68.445984 4.52912341833 5.84727719382 0.235650803648 -4.041754779 4.54931888012 21.7734211288 0.0002 0.0002
68.646698 4.5736770086 5.8561641434 0.189081214841 -4.20156127272 4.46406921776 23.4279700668 0.0002 0.0002
68.646698 4.5736770086 5.8561641434 0.189081214841 -4.20156127272 4.46406921776 23.4279700668 0.0002 0.0002
68.752498 4.59747954799 5.86059599295 0.164533537569 -4.28579818213 4.42665677695 24.3259326972 0.0002 0.0002
68.802498 4.60879006438 5.86263439557 0.0304909936255 -3.63963065388 4.41691005542 24.7223874179 0.0002 0.0002
68.802498 4.60879006438 5.86263439557 0.0304909936255 -3.63963065388 4.41691005542 24.7223874179 0.0002 0.0002
69.002498 4.65376996651 5.87054963205 -0.511436536499 -0.890544059819 4.51239400414 25.6351834359 0.0002 0.0002
69.002498 4.65376996651 5.87054963205 -0.511436536499 -0.890544059819 4.51239400414 25.6351834359 0.0002 0.0002
69.252498 4.70699864635 5.88032988936 -1.25915378618 2.62678619753 4.9499961731 25.1960362166 0.0002 0.0002
69.7 4.78798633318 5.89895770377 -1.49289178831 2.48647570057 6.18154207177 22.9078412907 0.0002 0.0002
69.7 4.78798633318 5.89895770377 -1.49289178831 2.48647570057 6.18154207177 22.9078412907 0.0002 0.0002
70.002498 4.8335588085 5.91261014437 -1.65089170377 2.39162999103 7.13253029056 21.4322240752 0.0002 0.0002
70.002498 4.8335588085 5.91261014437 -1.65089170377 2.39162999103 7.13253029056 21.4322240752 0.0002 0.0002
70.251298 4.86652988954 5.92454976861 -1.78084422896 2.31362083879 7.98634619062 20.2615576687 0.0002 0.0002
70.251298 4.86652988954 5.92454976861 -1.78084422896 2.31362083879 7.98634619062 20.2615576687 0.0002 0.0002
71.491298 4.98837517208 5.99579796526 -2.19319041118 1.92448012396 12.9565711052 15.0015934645 0.0002 0.0002
71.491298 4.98837517208 5.99579796526 -2.19319041118 1.92448012396 12.9565711052 15.0015934645 0.0002 0.0002
71.491298 4.98837517208 5.99579796526 -2.19319041118 1.92448012396 12.9565711052 15.0015934645 0.0002 0.0002
71.491298 4.98837517208 5.99579796526 -2.19319041118 1.92448012396 12.9565711052 15.0015934645 0.0002 0.0002
72.731298 5.06787044412 6.09388102397 -2.40617152372 1.53533940913 18.7088770991 10.7075648282 0.0002 0.0002
72.731298 5.06787044412 6.09388102397 -2.40617152372 1.53533940913 18.7088770991 10.7075648282 0.0002 0.0002
73.630098 5.11090727067 6.18994361378 -2.73235612771 1.25352821125 23.3273857522 8.20093061104 0.0002 0.0002
73.680098 5.11303894638 6.19608515502 -2.24621818795 1.06504403979 23.5764032157 8.08504329389 0.0002 0.0002
73.680098 5.11303894638 6.19608515502 -2.24621818795 1.06504403979 23.5764032157 8.08504329389 0.0002 0.0002
73.880098 5.12141008167 6.22133842822 -0.226986473013 0.34887812745 24.0738839545 7.80386030172 0.0002 0.0002
73.880098 5.12141008167 6.22133842822 -0.226986473013 0.34887812745 24.0738839545 7.80386030172 0.0002 0.0002
74.130098 5.1318630548 6.2534361366 2.30243485535 -0.518139940946 23.5503492728 7.84580274729 0.0002 0.0002
74.436612 5.14527958782 0.00852426691225 2.22042299581 -0.567695546548 22.1640300214 8.1786265259 0.0002 0.0002
74.436612 5.14527958782 0.00852426691225 2.22042299581 -0.567695546548 22.1640300214 8.1786265259 0.0002 0.0002
75.985612 5.22781707021 0.177895210301 1.80596763515 -0.818129892377 15.9271509341 10.3252701308 0.0002 0.0002
75.985612 5.22781707021 0.177895210301 1.80596763515 -0.818129892377 15.9271509341 10.3252701308 0.0002 0.0002
78.030098 5.39339038676 0.346677308915 1.25893846634 -1.14867186395 9.66099331826 14.3463687864 0.0002 0.0002
78.080098 5.39859793798 0.350149785224 1.04947145056 -0.859777020213 9.54561233734 14.4468256391 0.0002 0.0002
78.080098 5.39859793798 0.350149785224 1.04947145056 -0.859777020213 9.54561233734 14.4468256391 0.0002 0.0002
78.280098 5.41989857538 0.363904524114 0.246384435695 0.319069327426 9.28785212783 14.5555637111 0.0002 0.0002
78.280098 5.41989857538 0.363904524114 0.246384435695 0.319069327426 9.28785212783 14.5555637111 0.0002 0.0002
78.530098 5.44675752334 0.381323209903 -0.740636310509 1.75430618772 9.41036785697 14.0327354702 0.0002 0.0002
78.635898 5.45790713422 0.388963633747 -0.758046443818 1.72356314092 9.56892849238 13.6647768952 0.0002 0.0002
78.635898 5.45790713422 0.388963633747 -0.758046443818 1.72356314092 9.56892849238 13.6647768952 0.0002 0.0002
78.836612 5.47855149732 0.4040324313 -0.791075342657 1.66524026858 9.87985892263 12.9845966077 0.0002 0.0002
78.836612 5.47855149732 0.4040324313 -0.791075342657 1.66524026858 9.87985892263 12.9845966077 0.0002 0.0002
83.821298 5.82464252483 1.22053052652 -1.61134044442 0.216805155687 21.8551472626 3.60319112998 0.0002 0.0002
83.871298 5.82692258622 1.23444392901 -1.22584698738 0.138143182471 21.9970489556 3.58544900393 0.0002 0.0002
83.871298 5.82692258622 1.23444392901 -1.22584698738 0.138143182471 21.9970489556 3.58544900393 0.0002 0.0002
84.071298 5.83595692448 1.29033109617 0.345986393308 -0.174354863047 22.1738655835 3.59265697906 0.0002 0.0002
84.071298 5.83595692448 1.29033109617 0.345986393308 -0.174354863047 22.1738655835 3.59265697906 0.0002 0.0002
84.271298 5.84504809478 1.34515100176 1.89810311261 -0.496884111281 21.7228937571 3.72626784047 0.0002 0.0002
84.271298 5.84504809478 1.34515100176 1.89810311261 -0.496884111281 21.7228937571 3.72626784047 0.0002 0.0002
84.321298 5.84736060261 1.35847564624 2.27258862573 -0.581230710023 21.5142969573 3.78015751116 0.0002 0.0002
84.427098 5.85233380175 1.38600892395 2.24227292776 -0.618674208716 21.036624605 3.90710745156 0.0002 0.0002
84.427098 5.85233380175 1.38600892395 2.24227292776 -0.618674208716 21.036624605 3.90710745156 0.0002 0.0002
84.627812 5.86208324763 1.43575694252 2.18476078217 -0.689708560292 20.1480569609 4.16971819066 0.0002 0.0002
84.627812 5.86208324763 1.43575694252 2.18476078217 -0.689708560292 20.1480569609 4.16971819066 0.0002 0.0002
89.612498 0.072819628375 2.01579021437 0.756459881552 -2.45383033465 5.48699549557 19.8392725107 0.0002 0.0002
89.662498 0.0819917022926 2.01829588253 0.623418002767 -2.03157517804 5.41802679618 20.063624756 0.0002 0.0002
89.662498 0.0819917022926 2.01829588253 0.623418002767 -2.03157517804 5.41802679618 20.063624756 0.0002 0.0002
89.862498 0.119532907245 2.02812235752 0.112921375177 -0.272562914717 5.27161375793 20.5271651055 0.0002 0.0002
89.862498 0.119532907245 2.02812235752 0.112921375177 -0.272562914717 5.27161375793 20.5271651055 0.0002 0.0002
90.112498 0.166743889111 2.04037215471 -0.518127451868 1.93830566586 5.37200008237 20.106883804 0.0002 0.0002
90.218298 0.186237190594 2.04568820373 -0.543109329885 1.91327475317 5.48427893388 19.6993865957 0.0002 0.0002
90.218298 0.186237190594 2.04568820373 -0.543109329885 1.91327475317 5.48427893388 19.6993865957 0.0002 0.0002
90.419012 0.222106591801 2.05607924579 -0.590502644293 1.86578841473 5.71181072767 18.940875711 0.0002 0.0002
90.419012 0.222106591801 2.05607924579 -0.590502644293 1.86578841473 5.71181072767 18.940875711 0.0002 0.0002
95.297898 0.738503441152 2.51646334709 -1.74252282303 0.711507039998 17.0943760178 6.36654499906 0.0002 0.0002
95.297898 0.738503441152 2.51646334709 -1.74252282303 0.711507039998 17.0943760178 6.36654499906 0.0002 0.0002
95.403698 0.744626498089 2.53327872285 -1.76750470105 0.686476127317 17.4657369299 6.21863837996 0.0002 0.0002
95.453698 0.747475906167 2.54136042093 -1.37626502287 0.533928869301 17.6229853376 6.15764137026 0.0002 0.0002
95.453698 0.747475906167 2.54136042093 -1.37626502287 0.533928869301 17.6229853376 6.15764137026 0.0002 0.0002
95.653698 0.758717281458 2.57419823428 0.233334489274 -0.0586664586179 17.8529752986 6.06316417055 0.0002 0.0002
95.653698 0.758717281458 2.57419823428 0.233334489274 -0.0586664586179 17.8529752986 6.06316417055 0.0002 0.0002
95.903698 0.772901329103 2.61492232954 2.20775432017 -0.810579334513 17.2368225137 6.27842893821 0.0002 0.0002
101.194898 1.53396866254 3.07913883749 0.404553258519 -2.20706308694 3.41458065334 22.2453785186 0.0002 0.0002
101.244898 1.54869328453 3.0813760973 0.323752094065 -1.79631054023 3.37817684131 22.4456102171 0.0002 0.0002
101.244898 1.54869328453 3.0813760973 0.323752094065 -1.79631054023 3.37817684131 22.4456102171 0.0002 0.0002
101.444898 1.6086737519 3.09018964898 0.00978765639874 -0.101340659582 3.31180276312 22.8270630926 0.0002 0.0002
101.444898 1.6086737519 3.09018964898 0.00978765639874 -0.101340659582 3.31180276312 22.8270630926 0.0002 0.0002
101.694898 1.68348804418 3.10121576524 -0.384046596751 2.01387433746 3.40463825897 22.3451320875 0.0002 0.0002
101.800698 1.71418716193 3.10599612342 -0.419705195987 1.98993659641 3.48967519864 21.9215288907 0.0002 0.0002
101.800698 1.71418716193 3.10599612342 -0.419705195987 1.98993659641 3.48967519864 21.9215288907 0.0002 0.0002
102.001412 1.77028903559 3.11532179275 -0.487353400969 1.94452412232 3.67173455787 21.131827542 0.0002 0.0002
102.001412 1.77028903559 3.11532179275 -0.487353400969 1.94452412232 3.67173455787 21.131827542 0.0002 0.0002
104.444898 2.23594148671 3.26340111385 -1.31090054665 1.39167407366 8.06574290333 12.9798739569 0.0002 0.0002
104.444898 2.23594148671 3.26340111385 -1.31090054665 1.39167407366 8.06574290333 12.9798739569 0.0002 0.0002
106.986098 2.45532375696 3.52627332102 -2.16738100392 0.816715778985 16.9047519796 7.3679136634 0.0002 0.0002
107.036098 2.45826376983 3.53309460457 -1.79308481088 0.638688639425 17.1028507584 7.29517115769 0.0002 0.0002
107.036098 2.45826376983 3.53309460457 -1.79308481088 0.638688639425 17.1028507584 7.29517115769 0.0002 0.0002
107.236098 2.46978594053 3.56081961631 -0.231565859399 -0.0521700917331 17.5102677581 7.17857740082 0.0002 0.0002
107.236098 2.46978594053 3.56081961631 -0.231565859399 -0.0521700917331 17.5102677581 7.17857740082 0.0002 0.0002
107.486098 2.484151909 3.59524188341 1.73046839096 -0.92707655167 17.1319312692 7.42108337881 0.0002 0.0002
107.792612 2.50261282142 3.63500083467 1.65900087541 -1.00387852846 16.0930114865 8.01294814424 0.0002 0.0002
107.792612 2.50261282142 3.63500083467 1.65900087541 -1.00387852846 16.0930114865 8.01294814424 0.0002 0.0002
112.046858 2.94267110669 3.96840491348 0.667071005391 -2.06984779112 6.19732949193 21.0893360444 0.0002 0.0002
112.046858 2.94267110669 3.96840491348 0.667071005391 -2.06984779112 6.19732949193 21.0893360444 0.0002 0.0002
112.777298 3.06990139783 4.00071225532 0.496759919888 -2.25287119602 5.34722083087 24.2468229014 0.0002 0.0002
112.827298 3.07929244121 4.00276548575 0.385002592439 -1.80359698484 5.3031465746 24.4497101633 0.0002 0.0002
112.827298 3.07929244121 4.00276548575 0.385002592439 -1.80359698484 5.3031465746 24.4497101633 0.0002 0.0002
113.027298 3.11734883248 4.01086667418 -0.0516316158031 0.0442820907606 5.23680608223 24.80335562 0.0002 0.0002
113.027298 3.11734883248 4.01086667418 -0.0516316158031 0.0442820907606 5.23680608223 24.80335562 0.0002 0.0002
113.227298 3.15525632552 4.01897367905 -0.491401281714 1.88949897171 5.34486908807 24.4146401664 0.0002 0.0002
113.227298 3.15525632552 4.01897367905 -0.491401281714 1.88949897171 5.34486908807 24.4146401664 0.0002 0.0002
113.277298 3.16456510017 4.02103023299 -0.60493618177 2.33728747842 5.39966871682 24.2032343101 0.0002 0.0002
113.383098 3.18392695038 4.02544664375 -0.631700282149 2.30903604058 5.5305048547 23.7116532818 0.0002 0.0002
113.383098 3.18392695038 4.02544664375 -0.631700282149 2.30903604058 5.5305048547 23.7116532818 0.0002 0.0002
113.583812 3.21939086276 4.03407995882 -0.682474664412 2.25544001889 5.79427816493 22.795499034 0.0002 0.0002
113.583812 3.21939086276 4.03407995882 -0.682474664412 2.25544001889 5.79427816493 22.795499034 0.0002 0.0002
115.622798 3.49587424834 4.1456670775 -1.19827453185 1.71097606579 9.62909944561 14.7080321671 0.0002 0.0002
115.622798 3.49587424834 4.1456670775 -1.19827453185 1.71097606579 9.62909944561 14.7080321671 0.0002 0.0002
117.267498 3.63672111796 4.28307561063 -1.61433233802 1.2717970505 14.2549939645 9.80226522276 0.0002 0.0002
117.267498 3.63672111796 4.28307561063 -1.61433233802 1.2717970505 14.2549939645 9.80226522276 0.0002 0.0002
118.462698 3.71043599862 4.42639543975 -1.9166806629 0.952646592013 18.4752607032 7.14361018123 0.0002 0.0002
118.462698 3.71043599862 4.42639543975 -1.9166806629 0.952646592013 18.4752607032 7.14361018123 0.0002 0.0002
118.568498 3.71610034226 4.44141670109 -1.94344476328 0.924395154172 18.8836619733 6.94501916448 0.0002 0.0002
118.618498 3.71873557138 4.44866143342 -1.52025271158 0.754249707581 19.0569128664 6.86111888777 0.0002 0.0002
118.618498 3.71873557138 4.44866143342 -1.52025271158 0.754249707581 19.0569128664 6.86111888777 0.0002 0.0002
118.818498 3.72912770115 4.47827342164 0.222236024503 0.1006015328 19.3181105496 6.69118339626 0.0002 0.0002
118.818498 3.72912770115 4.47827342164 0.222236024503 0.1006015328 19.3181105496 6.69118339626 0.0002 0.0002
119.068498 3.7422309273 4.51540537546 2.36275407948 -0.711582361932 18.6656357828 6.84249002008 0.0002 0.0002
122.440498 4.04756137379 4.86525512518 1.17358749962 -1.45391597979 6.74109197809 14.1445504284 0.0002 0.0002
122.440498 4.04756137379 4.86525512518 1.17358749962 -1.45391597979 6.74109197809 14.1445504284 0.0002 0.0002
124.359698 4.45159706631 4.97810172069 0.496764101018 -1.87642092622 3.53535318615 20.5361330184 0.0002 0.0002
124.409698 4.46583451651 4.98052613575 0.413261526691 -1.49635869674 3.48986621867 20.7048250905 0.0002 0.0002
124.409698 4.46583451651 4.98052613575 0.413261526691 -1.49635869674 3.48986621867 20.7048250905 0.0002 0.0002
124.609698 4.52416637434 4.99009534144 0.0917896736949 0.0657460746524 3.38936153274 20.9923970628 0.0002 0.0002
124.609698 4.52416637434 4.99009534144 0.0917896736949 0.0657460746524 3.38936153274 20.9923970628 0.0002 0.0002
124.859698 4.59771375528 5.0021079059 -0.304450464784 2.00175464714 3.44211236341 20.4714165895 0.0002 0.0002
124.965498 4.62815632145 5.00733006609 -0.338036414004 1.97587744953 3.51008747518 20.0505831137 0.0002 0.0002
124.965498 4.62815632145 5.00733006609 -0.338036414004 1.97587744953 3.51008747518 20.0505831137 0.0002 0.0002
125.166212 4.68419529039 5.0175420868 -0.401752578576 1.92678561739 3.65857348304 19.2672639988 0.0002 0.0002
125.166212 4.68419529039 5.0175420868 -0.401752578576 1.92678561739 3.65857348304 19.2672639988 0.0002 0.0002
129.341898 5.34818985081 5.37377758239 -1.72731380688 0.905471328432 12.5488861818 7.44064832179 0.0002 0.0002
129.341898 5.34818985081 5.37377758239 -1.72731380688 0.905471328432 12.5488861818 7.44064832179 0.0002 0.0002
130.150898 5.40613320437 5.49379802024 -1.98412886282 0.707601263545 15.5514433016 6.13567259488 0.0002 0.0002
130.200898 5.40932915917 5.50199102542 -1.64018847111 0.55660027971 15.7327282492 6.07248659186 0.0002 0.0002
130.200898 5.40932915917 5.50199102542 -1.64018847111 0.55660027971 15.7327282492 6.07248659186 0.0002 0.0002
130.400898 5.42185611655 5.53532233193 -0.205649627054 -0.02869487516 16.1041631002 5.96754451521 0.0002 0.0002
130.400898 5.42185611655 5.53532233193 -0.205649627054 -0.02869487516 16.1041631002 5.96754451521 0.0002 0.0002
130.650898 5.43747801298 5.57674797999 1.59611434228 -0.768302490811 15.7531972921 6.16491728844 0.0002 0.0002
130.756698 5.44426678 5.59368464885 1.57228844445 -0.795594429766 15.4179802772 6.33037758264 0.0002 0.0002
130.756698 5.44426678 5.59368464885 1.57228844445 -0.795594429766 15.4179802772 6.33037758264 0.0002 0.0002
135.061658 5.90608963324 6.00927249902 0.602822120176 -1.90609259162 6.05421630094 17.9610321422 0.0002 0.0002
135.061658 5.90608963324 6.00927249902 0.602822120176 -1.90609259162 6.05421630094 17.9610321422 0.0002 0.0002
135.792098 6.03547572476 6.04699695777 0.438328842212 -2.0945153127 5.29371799197 20.8832361799 0.0002 0.0002
135.842098 6.04495686841 6.04938001754 0.327870520972 -1.70938088666 5.25542007545 21.073490867 0.0002 0.0002
135.842098 6.04495686841 6.04938001754 0.327870520972 -1.70938088666 5.25542007545 21.073490867 0.0002 0.0002
136.042098 6.08327958543 6.05876538129 -0.105688953277 -0.119181775157 5.21120616474 21.4410560367 0.0002 0.0002
136.042098 6.08327958543 6.05876538129 -0.105688953277 -0.119181775157 5.21120616474 21.4410560367 0.0002 0.0002
136.242098 6.1212945092 6.06812979625 -0.545666650816 1.4781824245 5.34082528131 21.1678790137 0.0002 0.0002
136.242098 6.1212945092 6.06812979625 -0.545666650816 1.4781824245 5.34082528131 21.1678790137 0.0002 0.0002
136.292098 6.13060559247 6.07050088631 -0.659763629985 1.86731550763 5.401077835 21.0005514556 0.0002 0.0002
136.397898 6.14994193282 6.07558664997 -0.687879032144 1.84471083692 5.54365842865 20.6078190683 0.0002 0.0002
136.397898 6.14994193282 6.07558664997 -0.687879032144 1.84471083692 5.54365842865 20.6078190683 0.0002 0.0002
139.002498 0.207947300721 6.23893406041 -1.38002814804 1.28822572047 10.9297294702 12.447772511 0.0002 0.0002
139.002498 0.207947300721 6.23893406041 -1.38002814804 1.28822572047 10.9297294702 12.447772511 0.0002 0.0002
141.496798 0.379789147076 0.219558609775 -2.0428660271 0.755306721031 19.4674544112 7.35058954211 0.0002 0.0002
141.633298 0.386721946773 0.238334220639 -0.784945107596 0.258821042032 19.8545962129 7.21256903271 0.0002 0.0002
141.633298 0.386721946773 0.238334220639 -0.784945107596 0.258821042032 19.8545962129 7.21256903271 0.0002 0.0002
141.833298 0.396779252336 0.266079675144 1.09557703977 -0.45684654283 19.7920723682 7.25192458782 0.0002 0.0002
141.833298 0.396779252336 0.266079675144 1.09557703977 -0.45684654283 19.7920723682 7.25192458782 0.0002 0.0002
142.169798 0.41442625341 0.310705201257 4.00195562626 -1.76931038586 18.0452446715 7.98784746011 0.0002 0.0002
147.464298 2.52096399513 0.606799973764 -0.990459516589 -4.50705876718 2.10087851887 41.2180839408 0.0002 0.0002
147.774298 2.64806717585 0.614134863896 -1.51536386129 -1.09035787065 2.87112321056 42.9682410147 0.0002 0.0002
147.774298 2.64806717585 0.614134863896 -1.51536386129 -1.09035787065 2.87112321056 42.9682410147 0.0002 0.0002
147.974298 2.71079126362 0.61878236052 -1.93305388098 1.19535641929 3.55836787288 42.9471664093 0.0002 0.0002
147.974298 2.71079126362 0.61878236052 -1.93305388098 1.19535641929 3.55836787288 42.9471664093 0.0002 0.0002
148.484298 2.82059381102 0.631118105106 -3.42379874421 6.57410694874 6.22897498508 38.8906294722 0.0002 0.0002
148.795099 2.86318382982 0.639552722203 -4.05859563789 6.220724322 8.55451064143 34.9139831184 0.0002 0.0002
148.795099 2.86318382982 0.639552722203 -4.05859563789 6.220724322 8.55451064143 34.9139831184 0.0002 0.0002
149.451742 2.9216437734 0.660848895419 -5.39975907256 5.47411723847 14.7652730536 27.2346472716 0.0002 0.0002
149.761742 2.94070647373 0.672833016154 -3.94354367051 2.24929325023 17.6972501262 24.8689381929 0.0002 0.0002
149.761742 2.94070647373 0.672833016154 -3.94354367051 2.24929325023 17.6972501262 24.8689381929 0.0002 0.0002
149.961742 2.95157752333 0.680981410583 -2.68700789412 0.371157023351 19.0300780332 24.3474710997 0.0002 0.0002
149.961742 2.95157752333 0.680981410583 -2.68700789412 0.371157023351 19.0300780332 24.3474710997 0.0002 0.0002
150.471742 2.97736418366 0.701419321254 1.04730995733 -4.58114460915 19.8948231105 26.4269245688 0.0002 0.0002
150.968217 3.00298327868 0.718715564088 0.994982895029 -4.99420588549 18.8808757666 31.1808467057 0.0002 0.0002
150.968217 3.00298327868 0.718715564088 0.994982895029 -4.99420588549 18.8808757666 31.1808467057 0.0002 0.0002
150.968217 3.00298327868 0.718715564088 0.994982895029 -4.99420588549 18.8808757666 31.1808467057 0.0002 0.0002
153.973287 3.18988276571 0.783684597197 0.678257007295 -7.49438827067 13.8526727333 68.7099463465 0.0002 0.0002
154.283287 3.21243173945 0.788080469696 -0.338641827935 -2.53259214184 13.7481698833 71.8416906832 0.0002 0.0002
154.283287 3.21243173945 0.788080469696 -0.338641827935 -2.53259214184 13.7481698833 71.8416906832 0.0002 0.0002
154.483287 3.22686228311 0.790853420037 -1.00512815286 0.816845444393 14.0160930823 72.1859087264 0.0002 0.0002
154.483287 3.22686228311 0.790853420037 -1.00512815286 0.816845444393 14.0160930823 72.1859087264 0.0002 0.0002
154.993287 3.2612840315 0.798107195009 -2.93681619612 8.93426948269 15.9868816634 67.1100133664 0.0002 0.0002
155.304088 3.27967293425 0.80293826855 -3.12393369058 8.5599691426 17.870568789 61.6727865074 0.0002 0.0002
155.304088 3.27967293425 0.80293826855 -3.12393369058 8.5599691426 17.870568789 61.6727865074 0.0002 0.0002
155.960731 3.31262190416 0.814652634403 -3.51926508563 7.76916828217 22.232778763 50.9503727214 0.0002 0.0002
156.270731 3.32595309282 0.821017356328 -2.95117741217 5.95112437308 24.2450773099 46.7106779472 0.0002 0.0002
156.270731 3.32595309282 0.821017356328 -2.95117741217 5.95112437308 24.2450773099 46.7106779472 0.0002 0.0002
156.470731 3.33401648432 0.825404945643 -2.52299441434 4.90420860333 25.3413763296 44.5425064797 0.0002 0.0002
156.470731 3.33401648432 0.825404945643 -2.52299441434 4.90420860333 25.3413763296 44.5425064797 0.0002 0.0002
156.980731 3.35332668395 0.8374248604 -1.26605266171 2.55482079734 27.2907501558 40.7710994487 0.0002 0.0002
157.477206 3.37110730294 0.849992328628 -1.3134045842 2.46316220477 28.571386192 38.2797963378 0.0002 0.0002
157.477206 3.37110730294 0.849992328628 -1.3134045842 2.46316220477 28.571386192 38.2797963378 0.0002 0.0002
157.477206 3.37110730294 0.849992328628 -1.3134045842 2.46316220477 28.571386192 38.2797963378 0.0002 0.0002
158.548502 3.40682766181 0.880041230919 -1.41558077668 2.26538087926 31.4949372932 33.214127046 0.0002 0.0002
158.548502 3.40682766181 0.880041230919 -1.41558077668 2.26538087926 31.4949372932 33.214127046 0.0002 0.0002
158.813005 3.41512707244 0.888150928708 -1.44080808028 2.21654866674 32.250460715 32.0286432353 0.0002 0.0002
158.813005 3.41512707244 0.888150928708 -1.44080808028 2.21654866674 32.250460715 32.0286432353 0.0002 0.0002
165.740498 3.57771468714 1.2819294651 -2.10152636743 0.937603587106 56.7899578052 10.1782755759 0.0002 0.0002
165.740498 3.57771468714 1.2819294651 -2.10152636743 0.937603587106 56.7899578052 10.1782755759 0.0002 0.0002
168.065698 3.61539682051 1.56484802321 -2.32329521819 0.508328075869 67.078552956 6.81619527312 0.0002 0.0002
168.065698 3.61539682051 1.56484802321 -2.32329521819 0.508328075869 67.078552956 6.81619527312 0.0002 0.0002
168.277698 3.61853424659 1.59643953972 -2.34351498267 0.469188901441 68.0679167186 6.60896167393 0.0002 0.0002
168.277698 3.61853424659 1.59643953972 -2.34351498267 0.469188901441 68.0679167186 6.60896167393 0.0002 0.0002
