0.0 0.0 0.0 -1.25287976099 0.789987518004 5.79735938488 9.99584375794 0.0002 0.0002
0.0 0.0 0.0 -1.25287976099 0.789987518004 5.79735938488 9.99584375794 0.0002 0.0002
0.0 0.0 0.0 -1.25287976099 0.789987518004 5.79735938488 9.99584375794 0.0002 0.0002
0.423 0.066753540216 0.0437532690482 -1.4403765648 0.721260357547 6.93660681069 9.35658590658 0.0002 0.0002
0.423 0.066753540216 0.0437532690482 -1.4403765648 0.721260357547 6.93660681069 9.35658590658 0.0002 0.0002
0.877 0.126493679056 0.0939926370906 -1.64161426913 0.647496454835 8.3358306493 8.73517031376 0.0002 0.0002
0.877 0.126493679056 0.0939926370906 -1.64161426913 0.647496454835 8.3358306493 8.73517031376 0.0002 0.0002
1.357 0.179054848887 0.150908639629 -1.85437659969 0.569508187651 10.0139062663 8.15100808537 0.0002 0.0002
1.357 0.179054848887 0.150908639629 -1.85437659969 0.569508187651 10.0139062663 8.15100808537 0.0002 0.0002
1.89 0.227461469232 0.218724550225 -2.09063143759 0.482908715965 12.1165955502 7.59006987574 0.0002 0.0002
1.89 0.227461469232 0.218724550225 -2.09063143759 0.482908715965 12.1165955502 7.59006987574 0.0002 0.0002
2.475 0.271287727347 0.298608182672 -2.34993552796 0.387860515334 14.714327225 7.08066987543 0.0002 0.0002
2.475 0.271287727347 0.298608182672 -2.34993552796 0.387860515334 14.714327225 7.08066987543 0.0002 0.0002
3.06 0.30763187344 0.383756269393 -2.60923961834 0.292812314703 17.6154446856 6.68247626986 0.0002 0.0002
3.06 0.30763187344 0.383756269393 -2.60923961834 0.292812314703 17.6154446856 6.68247626986 0.0002 0.0002
3.645 0.33818367368 0.473361134349 -2.86854370871 0.197764114072 20.819947932 6.39548905903 0.0002 0.0002
3.645 0.33818367368 0.473361134349 -2.86854370871 0.197764114072 20.819947932 6.39548905903 0.0002 0.0002
4.6635 0.381056842021 0.636334330528 -3.31999877888 0.0322827596395 27.1229784556 6.16118631815 0.0002 0.0002
5.0 0.393275533142 0.68962794033 2.9466501061 -1.50789321957 27.2519470949 6.64533124673 0.0002 0.0002
5.0 0.393275533142 0.68962794033 2.9466501061 -1.50789321957 27.2519470949 6.64533124673 0.0002 0.0002
5.3365 0.406442290767 0.735547309062 8.32634033917 -3.52593149772 23.3578332421 8.29691936867 0.0002 0.0002
5.7585 0.427704833722 0.778648441223 7.0557433696 -4.20912307319 16.866593917 11.5611123976 0.0002 0.0002
6.025 0.445141630862 0.800001877815 3.52089764915 -1.97658514091 14.0965294693 13.2392607424 0.0002 0.0002
6.025 0.445141630862 0.800001877815 3.52089764915 -1.97658514091 14.0965294693 13.2392607424 0.0002 0.0002
6.2915 0.465018789981 0.819693318601 0.743291012679 0.666344944999 12.9797214591 13.5947216436 0.0002 0.0002
6.973 0.519601798259 0.871509033735 0.661778002888 0.593956804405 12.022166925 12.7358260014 0.0002 0.0002
6.973 0.519601798259 0.871509033735 0.661778002888 0.593956804405 12.022166925 12.7358260014 0.0002 0.0002
7.482 0.563133200077 0.912423969958 0.600897413037 0.539891413998 11.3794651383 12.1586972582 0.0002 0.0002
7.482 0.563133200077 0.912423969958 0.600897413037 0.539891413998 11.3794651383 12.1586972582 0.0002 0.0002
7.992 0.609158621209 0.955314830879 0.539897214954 0.48571980475 10.797659878 11.6356355367 0.0002 0.0002
7.992 0.609158621209 0.955314830879 0.539897214954 0.48571980475 10.797659878 11.6356355367 0.0002 0.0002
8.498 0.657200049455 0.999711114139 0.479375449798 0.431973070868 10.2819079096 11.1712829416 0.0002 0.0002
8.498 0.657200049455 0.999711114139 0.479375449798 0.431973070868 10.2819079096 11.1712829416 0.0002 0.0002
8.9873 0.705861015825 1.04432598128 0.420851142108 0.380000191642 9.84142703819 10.7739844242 0.0002 0.0002
8.9873 0.705861015825 1.04432598128 0.420851142108 0.380000191642 9.84142703819 10.7739844242 0.0002 0.0002
9.4566 0.75448543446 1.0885888119 0.364718999049 0.330151689249 9.47275897095 10.4407101465 0.0002 0.0002
9.4566 0.75448543446 1.0885888119 0.364718999049 0.330151689249 9.47275897095 10.4407101465 0.0002 0.0002
9.9277 0.805092981339 1.1343606076 0.308371561173 0.280111992941 9.15566600803 10.1532149259 0.0002 0.0002
9.9277 0.805092981339 1.1343606076 0.308371561173 0.280111992941 9.15566600803 10.1532149259 0.0002 0.0002
16.240021 1.52426352844 1.77965505857 -0.446633990515 -0.390375431889 10.0284228443 10.8492331471 0.0002 0.0002
16.240021 1.52426352844 1.77965505857 -0.446633990515 -0.390375431889 10.0284228443 10.8492331471 0.0002 0.0002
17.480021 1.64187692492 1.88872657728 -0.384257937794 -0.522205025018 11.0678384446 11.9818486835 0.0002 0.0002
17.480021 1.64187692492 1.88872657728 -0.384257937794 -0.522205025018 11.0678384446 11.9818486835 0.0002 0.0002
17.480021 1.64187692492 1.88872657728 -0.384257937794 -0.522205025018 11.0678384446 11.9818486835 0.0002 0.0002
17.480021 1.64187692492 1.88872657728 -0.384257937794 -0.522205025018 11.0678384446 11.9818486835 0.0002 0.0002
18.720021 1.74977852503 1.98667943932 -0.285913571929 -0.654034618147 11.9061986433 13.4416950832 0.0002 0.0002
18.720021 1.74977852503 1.98667943932 -0.730698711653 -0.151887257365 11.9061986433 13.4416950832 0.0002 0.0002
20.0 1.84912574858 2.08027209005 -0.895603247829 -0.249308585053 13.9878309991 13.9552173364 0.0002 0.0002
20.0 1.84912574858 2.08027209005 -0.895603247829 -0.249308585053 13.9878309991 13.9552173364 0.0002 0.0002
22.328798 1.99300877461 2.23913320462 -1.195631103 -0.426557268883 18.8578933729 15.5291723853 0.0002 0.0002
22.595298 2.00671248327 2.25641467252 -4.46621585282 2.024498567 20.3455124189 15.0971098655 0.0002 0.0002
22.595298 2.00671248327 2.25641467252 -4.46621585282 2.024498567 20.3455124189 15.0971098655 0.0002 0.0002
22.861798 2.01892176798 2.27499619924 -8.51611981222 4.13227919439 23.7565494793 13.4323973281 0.0002 0.0002
23.218798 2.03224346402 2.30484388638 -9.62100139147 3.65187082566 30.2315017491 10.6534557709 0.0002 0.0002
23.355298 2.03658609395 2.31823262492 -7.37645205425 2.67215690268 32.560312643 9.79341884738 0.0002 0.0002
23.355298 2.03658609395 2.31823262492 -7.37645205425 2.67215690268 32.560312643 9.79341884738 0.0002 0.0002
23.555298 2.04250747847 2.33964956452 -3.52758953226 1.44169902635 34.7586829936 8.97714780245 0.0002 0.0002
23.555298 2.04250747847 2.33964956452 -3.52758953226 1.44169902635 34.7586829936 8.97714780245 0.0002 0.0002
23.891798 2.05207843963 2.37833601978 3.50019843333 -0.368960897343 34.7681140018 8.62410670828 0.0002 0.0002
27.336298 2.20259346535 2.71332197382 2.18737457241 -0.822736262327 15.1772687836 12.7289075748 0.0002 0.0002
27.336298 2.20259346535 2.71332197382 2.18737457241 -0.822736262327 15.1772687836 12.7289075748 0.0002 0.0002
28.003298 2.25117642619 2.7635144888 1.9331566844 -0.910606248811 12.4288744353 13.8850470297 0.0002 0.0002
28.003298 2.25117642619 2.7635144888 1.9331566844 -0.910606248811 12.4288744353 13.8850470297 0.0002 0.0002
28.805298 2.32476680989 2.81833331264 1.62748540077 -1.01626101517 9.57323948296 15.4303945754 0.0002 0.0002
28.855298 2.33003189809 2.82156455936 1.33893424376 -0.578920861897 9.42498918021 15.5101917204 0.0002 0.0002
28.855298 2.33003189809 2.82156455936 1.33893424376 -0.578920861897 9.42498918021 15.5101917204 0.0002 0.0002
29.055298 2.35169933933 2.83446085464 0.245460495365 1.17833911104 9.11050572738 15.3893850452 0.0002 0.0002
29.055298 2.35169933933 2.83446085464 0.245460495365 1.17833911104 9.11050572738 15.3893850452 0.0002 0.0002
29.305298 2.37899264545 2.85122552105 -1.101032978 3.20638805511 9.32188517453 14.2799470277 0.0002 0.0002
32.666098 2.63156295916 3.61577835318 -1.89861941447 0.551411078272 19.4031169352 1.6507357002 0.0002 0.0002
32.716098 2.63412865605 3.64655617499 -1.29271293247 0.461455138698 19.5627675447 1.6001190132 0.0002 0.0002
32.716098 2.63412865605 3.64655617499 -1.29271293247 0.461455138698 19.5627675447 1.6001190132 0.0002 0.0002
32.916098 2.64430311948 3.77727532781 1.17362008437 0.125350127928 19.5867886343 1.4837358791 0.0002 0.0002
32.916098 2.64430311948 3.77727532781 1.17362008437 0.125350127928 19.5867886343 1.4837358791 0.0002 0.0002
33.166098 2.65743598596 3.94552271711 4.06306948166 -0.280667353738 18.2601230354 1.52206246857 0.0002 0.0002
36.526898 3.28789754613 4.88342652806 0.840600517365 -2.66266170903 1.77986890271 11.4140027827 0.0002 0.0002
36.576898 3.31664020394 4.88775960415 0.720633359552 -2.20383382085 1.70186228825 11.6574995375 0.0002 0.0002
36.576898 3.31664020394 4.88775960415 0.720633359552 -2.20383382085 1.70186228825 11.6574995375 0.0002 0.0002
36.776898 3.44279603363 4.90447172214 0.29243112557 -0.222914926922 1.50150808905 12.1484086318 0.0002 0.0002
36.776898 3.44279603363 4.90447172214 0.29243112557 -0.222914926922 1.50150808905 12.1484086318 0.0002 0.0002
37.026898 3.61297693893 4.92532132188 -0.192683526336 2.26322978138 1.47700231019 11.6291296965 0.0002 0.0002
37.333412 3.80993521517 4.95334345734 -0.407912659763 2.1018640703 1.66109344957 10.2911673197 0.0002 0.0002
37.333412 3.80993521517 4.95334345734 -0.407912659763 2.1018640703 1.66109344957 10.2911673197 0.0002 0.0002
40.387698 4.62003966825 5.62129221303 -2.5525824922 0.493921097951 10.7032923453 2.36289702128 0.0002 0.0002
40.437698 4.62465937959 5.64265716849 -2.10854003108 0.366119553188 10.9365186833 2.31992634018 0.0002 0.0002
40.437698 4.62465937959 5.64265716849 -2.10854003108 0.366119553188 10.9365186833 2.31992634018 0.0002 0.0002
40.637698 4.64246655528 5.73039273183 -0.188932967562 -0.123838638145 11.4014542725 2.27202808315 0.0002 0.0002
40.637698 4.64246655528 5.73039273183 -0.188932967562 -0.123838638145 11.4014542725 2.27202808315 0.0002 0.0002
40.887698 4.66470501698 5.83663351661 2.21532726913 -0.769206347334 10.885407082 2.49130367264 0.0002 0.0002
41.194212 4.69472760618 5.94856033709 2.04897748969 -0.965036233478 9.57833797311 3.02287330306 0.0002 0.0002
41.194212 4.69472760618 5.94856033709 2.04897748969 -0.965036233478 9.57833797311 3.02287330306 0.0002 0.0002
44.248498 5.43843837323 0.138238903508 0.391370325134 -2.91640054189 2.12481780715 14.877891306 0.0002 0.0002
44.298498 5.46216715533 0.141569293915 0.275664336662 -2.30620861927 2.09148961543 15.1392063961 0.0002 0.0002
44.298498 5.46216715533 0.141569293915 0.275664336662 -2.30620861927 2.09148961543 15.1392063961 0.0002 0.0002
44.498498 5.5589538151 0.154531222457 -0.173340996173 0.276025237324 2.07125316849 15.5498957036 0.0002 0.0002
44.498498 5.5589538151 0.154531222457 -0.173340996173 0.276025237324 2.07125316849 15.5498957036 0.0002 0.0002
44.748498 5.674657522 0.170971394107 -0.775442760631 3.41097751464 2.3043468506 14.6115131717 0.0002 0.0002
44.854298 5.71896328103 0.178395489968 -0.848964137855 3.31949086319 2.47620910046 13.8994296173 0.0002 0.0002
44.854298 5.71896328103 0.178395489968 -0.848964137855 3.31949086319 2.47620910046 13.8994296173 0.0002 0.0002
45.055012 5.79465659037 0.193561828949 -0.988442112411 3.14593082767 2.84500225858 12.6017289681 0.0002 0.0002
45.055012 5.79465659037 0.193561828949 -0.988442112411 3.14593082767 2.84500225858 12.6017289681 0.0002 0.0002
48.109298 0.0 0.98906797338 -3.1108930874 0.504849554508 15.3655443687 1.45120155772 0.0002 0.0002
48.159298 0.0 1.02409173727 -2.45990950249 0.400105082221 15.6442880208 1.40598682945 0.0002 0.0002
48.159298 0.0 1.02409173727 -2.45990950249 0.400105082221 15.6442880208 1.40598682945 0.0002 0.0002
48.359298 0.00742304561014 1.17199611534 0.299861695447 0.00743573978861 16.0814154512 1.32541756938 0.0002 0.0002
48.359298 0.00742304561014 1.17199611534 0.299861695447 0.00743573978861 16.0814154512 1.32541756938 0.0002 0.0002
48.609298 0.0233332371903 1.35541768368 3.64613339189 -0.488319627763 15.0765089308 1.44349141228 0.0002 0.0002
48.715098 0.030534924319 1.42606179449 3.54582265334 -0.579091661398 14.3155999812 1.55642352667 0.0002 0.0002
48.715098 0.030534924319 1.42606179449 3.54582265334 -0.579091661398 14.3155999812 1.55642352667 0.0002 0.0002
48.915812 0.0452880012082 1.54548798606 3.35552237377 -0.751295989933 12.9304034154 1.82345095372 0.0002 0.0002
48.915812 0.0452880012082 1.54548798606 3.35552237377 -0.751295989933 12.9304034154 1.82345095372 0.0002 0.0002
51.970098 0.895554908879 2.18363609575 0.459703050355 -3.37174732757 1.27761381568 14.4164044358 0.0002 0.0002
52.020098 0.935357664323 2.1870666594 0.359956189086 -2.79017897857 1.23665977784 14.724718562 0.0002 0.0002
52.020098 0.935357664323 2.1870666594 0.359956189086 -2.79017897857 1.23665977784 14.724718562 0.0002 0.0002
52.220098 1.10344740793 2.20029693399 -0.0166126600995 -0.279570303479 1.16875676446 15.345702526 0.0002 0.0002
52.220098 1.10344740793 2.20029693399 -0.0166126600995 -0.279570303479 1.16875676446 15.345702526 0.0002 0.0002
52.470098 1.30993393561 2.2168040105 -0.496511322937 2.8708109352 1.29481944813 14.6862049929 0.0002 0.0002
52.575898 1.38829762451 2.22416005353 -0.598365049212 2.80423440542 1.4106573683 14.0857851958 0.0002 0.0002
52.575898 1.38829762451 2.22416005353 -0.598365049212 2.80423440542 1.4106573683 14.0857851958 0.0002 0.0002
55.830898 2.15807172146 2.80510121601 -3.73195558818 0.755967822928 15.505851043 2.49732694255 0.0002 0.0002
55.880898 2.16126025615 2.82541247103 -3.08571999359 0.618259852655 15.846983814 2.42866565983 0.0002 0.0002
55.880898 2.16126025615 2.82541247103 -3.08571999359 0.618259852655 15.846983814 2.42866565983 0.0002 0.0002
56.080898 2.1735456657 2.91091874811 -0.290529583829 0.110194623129 16.5302304566 2.28465244289 0.0002 0.0002
56.080898 2.1735456657 2.91091874811 -0.290529583829 0.110194623129 16.5302304566 2.28465244289 0.0002 0.0002
56.330898 2.18888173005 3.01925311142 3.21335208983 -0.511009478577 15.7858947843 2.3830671216 0.0002 0.0002
56.436698 2.19573132727 3.06263755497 3.13744560209 -0.566999352088 15.1139803885 2.49712045588 0.0002 0.0002
56.436698 2.19573132727 3.06263755497 3.13744560209 -0.566999352088 15.1139803885 2.49712045588 0.0002 0.0002
59.691698 2.78193377747 3.70583979523 0.802137307253 -2.28956115054 2.29063801859 11.795224892 0.0002 0.0002
59.741698 2.80413115435 3.71004096657 0.672427017517 -1.80725044079 2.21696182078 12.0002102405 0.0002 0.0002
59.741698 2.80413115435 3.71004096657 0.672427017517 -1.80725044079 2.21696182078 12.0002102405 0.0002 0.0002
59.941698 2.89874840802 3.72639839328 0.200278572013 0.232455551147 2.04436633822 12.3187766216 0.0002 0.0002
59.941698 2.89874840802 3.72639839328 0.200278572013 0.232455551147 2.04436633822 12.3187766216 0.0002 0.0002
60.191698 3.02126857404 3.7471553565 -0.358398395281 2.70609155705 2.08321292413 11.5708901633 0.0002 0.0002
60.498212 3.16013401829 3.77568328019 -0.52443305183 2.4856162959 2.35381312231 9.97955902243 0.0002 0.0002
60.498212 3.16013401829 3.77568328019 -0.52443305183 2.4856162959 2.35381312231 9.97955902243 0.0002 0.0002
62.097498 3.62453816219 4.03599435919 -1.39074552609 1.33525122776 5.41673140947 3.86889908397 0.0002 0.0002
62.097498 3.62453816219 4.03599435919 -1.39074552609 1.33525122776 5.41673140947 3.86889908397 0.0002 0.0002
63.552498 3.81765848071 4.68294833835 -2.17890014636 0.288670957477 10.6105658629 1.50609230444 0.0002 0.0002
63.602498 3.82232528168 4.71643765904 -1.86276183093 0.205750075037 10.8127558875 1.48138431658 0.0002 0.0002
63.602498 3.82232528168 4.71643765904 -1.86276183093 0.205750075037 10.8127558875 1.48138431658 0.0002 0.0002
63.802498 3.84035162526 4.85324793408 -0.50116554631 -0.118030657524 11.2895824027 1.4639873717 0.0002 0.0002
63.802498 3.84035162526 4.85324793408 -0.50116554631 -0.118030657524 11.2895824027 1.4639873717 0.0002 0.0002
64.052498 3.86254015328 5.01702450843 1.25502581711 -0.543704852943 11.0985857439 1.62726843233 0.0002 0.0002
68.445984 4.52912341833 5.84727719382 0.235650803648 -4.041754779 4.54931888012 21.7734211288 0.0002 0.0002
68.445984 4.52912341833 5.84727719382 0.235650803648 -4.041754779 4.54931888012 21.7734211288 0.0002 0.0002
68.646698 4.5736770086 5.8561641434 0.189081214841 -4.20156127272 4.46406921776 23.4279700668 0.0002 0.0002
68.646698 4.5736770086 5.8561641434 0.189081214841 -4.20156127272 4.46406921776 23.4279700668 0.0002 0.0002
68.752498 4.59747954799 5.86059599295 0.164533537569 -4.28579818213 4.42665677695 24.3259326972 0.0002 0.0002
68.802498 4.60879006438 5.86263439557 0.0304909936255 -3.63963065388 4.41691005542 24.7223874179 0.0002 0.0002
68.802498 4.60879006438 5.86263439557 0.0304909936255 -3.63963065388 4.41691005542 24.7223874179 0.0002 0.0002
69.002498 4.65376996651 5.87054963205 -0.511436536499 -0.890544059819 4.51239400414 25.6351834359 0.0002 0.0002
69.002498 4.65376996651 5.87054963205 -0.511436536499 -0.890544059819 4.51239400414 25.6351834359 0.0002 0.0002
69.252498 4.70699864635 5.88032988936 -1.25915378618 2.62678619753 4.9499961731 25.1960362166 0.0002 0.0002
69.7 4.78798633318 5.89895770377 -1.49289178831 2.48647570057 6.18154207177 22.9078412907 0.0002 0.0002
69.7 4.78798633318 5.89895770377 -1.49289178831 2.48647570057 6.18154207177 22.9078412907 0.0002 0.0002
70.002498 4.8335588085 5.91261014437 -1.65089170377 2.39162999103 7.13253029056 21.4322240752 0.0002 0.0002
70.002498 4.8335588085 5.91261014437 -1.65089170377 2.39162999103 7.13253029056 21.4322240752 0.0002 0.0002
70.251298 4.86652988954 5.92454976861 -1.78084422896 2.31362083879 7.98634619062 20.2615576687 0.0002 0.0002
70.251298 4.86652988954 5.92454976861 -1.78084422896 2.31362083879 7.98634619062 20.2615576687 0.0002 0.0002
71.491298 4.98837517208 5.99579796526 -2.19319041118 1.92448012396 12.9565711052 15.0015934645 0.0002 0.0002
71.491298 4.98837517208 5.99579796526 -2.19319041118 1.92448012396 12.9565711052 15.0015934645 0.0002 0.0002
71.491298 4.98837517208 5.99579796526 -2.19319041118 1.92448012396 12.9565711052 15.0015934645 0.0002 0.0002
71.491298 4.98837517208 5.99579796526 -2.19319041118 1.92448012396 12.9565711052 15.0015934645 0.0002 0.0002
72.731298 5.06787044412 6.09388102397 -2.40617152372 1.53533940913 18.7088770991 10.7075648282 0.0002 0.0002
72.731298 5.06787044412 6.09388102397 -2.40617152372 1.53533940913 18.7088770991 10.7075648282 0.0002 0.0002
73.630098 5.11090727067 6.18994361378 -2.73235612771 1.25352821125 23.3273857522 8.20093061104 0.0002 0.0002
73.680098 5.11303894638 6.19608515502 -2.24621818795 1.06504403979 23.5764032157 8.08504329389 0.0002 0.0002
73.680098 5.11303894638 6.19608515502 -2.24621818795 1.06504403979 23.5764032157 8.08504329389 0.0002 0.0002
73.880098 5.12141008167 6.22133842822 -0.226986473013 0.34887812745 24.0738839545 7.80386030172 0.0002 0.0002
73.880098 5.12141008167 6.22133842822 -0.226986473013 0.34887812745 24.0738839545 7.80386030172 0.0002 0.0002
74.130098 5.1318630548 6.2534361366 2.30243485535 -0.518139940946 23.5503492728 7.84580274729 0.0002 0.0002
74.436612 5.14527958782 0.00852426691225 2.22042299581 -0.567695546548 22.1640300214 8.1786265259 0.0002 0.0002
74.436612 5.14527958782 0.00852426691225 2.22042299581 -0.567695546548 22.1640300214 8.1786265259 0.0002 0.0002
75.985612 5.22781707021 0.177895210301 1.80596763515 -0.818129892377 15.9271509341 10.3252701308 0.0002 0.0002
75.985612 5.22781707021 0.177895210301 1.80596763515 -0.818129892377 15.9271509341 10.3252701308 0.0002 0.0002
78.030098 5.39339038676 0.346677308915 1.25893846634 -1.14867186395 9.66099331826 14.3463687864 0.0002 0.0002
78.080098 5.39859793798 0.350149785224 1.04947145056 -0.859777020213 9.54561233734 14.4468256391 0.0002 0.0002
78.080098 5.39859793798 0.350149785224 1.04947145056 -0.859777020213 9.54561233734 14.4468256391 0.0002 0.0002
78.280098 5.41989857538 0.363904524114 0.246384435695 0.319069327426 9.28785212783 14.5555637111 0.0002 0.0002
78.280098 5.41989857538 0.363904524114 0.246384435695 0.319069327426 9.28785212783 14.5555637111 0.0002 0.0002
78.530098 5.44675752334 0.381323209903 -0.740636310509 1.75430618772 9.41036785697 14.0327354702 0.0002 0.0002
78.635898 5.45790713422 0.388963633747 -0.758046443818 1.72356314092 9.56892849238 13.6647768952 0.0002 0.0002
78.635898 5.45790713422 0.388963633747 -0.758046443818 1.72356314092 9.56892849238 13.6647768952 0.0002 0.0002
78.836612 5.47855149732 0.4040324313 -0.791075342657 1.66524026858 9.87985892263 12.9845966077 0.0002 0.0002
78.836612 5.47855149732 0.4040324313 -0.791075342657 1.66524026858 9.87985892263 12.9845966077 0.0002 0.0002
83.821298 5.82464252483 1.22053052652 -1.61134044442 0.216805155687 21.8551472626 3.60319112998 0.0002 0.0002
83.871298 5.82692258622 1.23444392901 -1.22584698738 0.138143182471 21.9970489556 3.58544900393 0.0002 0.0002
83.871298 5.82692258622 1.23444392901 -1.22584698738 0.138143182471 21.9970489556 3.58544900393 0.0002 0.0002
84.071298 5.83595692448 1.29033109617 0.345986393308 -0.174354863047 22.1738655835 3.59265697906 0.0002 0.0002
84.071298 5.83595692448 1.29033109617 0.345986393308 -0.174354863047 22.1738655835 3.59265697906 0.0002 0.0002
84.271298 5.84504809478 1.34515100176 1.89810311261 -0.496884111281 21.7228937571 3.72626784047 0.0002 0.0002
84.271298 5.84504809478 1.34515100176 1.89810311261 -0.496884111281 21.7228937571 3.72626784047 0.0002 0.0002
84.321298 5.84736060261 1.35847564624 2.27258862573 -0.581230710023 21.5142969573 3.78015751116 0.0002 0.0002
84.427098 5.85233380175 1.38600892395 2.24227292776 -0.618674208716 21.036624605 3.90710745156 0.0002 0.0002
84.427098 5.85233380175 1.38600892395 2.24227292776 -0.618674208716 21.036624605 3.90710745156 0.0002 0.0002
84.627812 5.86208324763 1.43575694252 2.18476078217 -0.689708560292 20.1480569609 4.16971819066 0.0002 0.0002
84.627812 5.86208324763 1.43575694252 2.18476078217 -0.689708560292 20.1480569609 4.16971819066 0.0002 0.0002
89.612498 0.072819628375 2.01579021437 0.756459881552 -2.45383033465 5.48699549557 19.8392725107 0.0002 0.0002
89.662498 0.0819917022926 2.01829588253 0.623418002767 -2.03157517804 5.41802679618 20.063624756 0.0002 0.0002
89.662498 0.0819917022926 2.01829588253 0.623418002767 -2.03157517804 5.41802679618 20.063624756 0.0002 0.0002
89.862498 0.119532907245 2.02812235752 0.112921375177 -0.272562914717 5.27161375793 20.5271651055 0.0002 0.0002
89.862498 0.119532907245 2.02812235752 0.112921375177 -0.272562914717 5.27161375793 20.5271651055 0.0002 0.0002
90.112498 0.166743889111 2.04037215471 -0.518127451868 1.93830566586 5.37200008237 20.106883804 0.0002 0.0002
90.218298 0.186237190594 2.04568820373 -0.543109329885 1.91327475317 5.48427893388 19.6993865957 0.0002 0.0002
90.218298 0.186237190594 2.04568820373 -0.543109329885 1.91327475317 5.48427893388 19.6993865957 0.0002 0.0002
90.419012 0.222106591801 2.05607924579 -0.590502644293 1.86578841473 5.71181072767 18.940875711 0.0002 0.0002
90.419012 0.222106591801 2.05607924579 -0.590502644293 1.86578841473 5.71181072767 18.940875711 0.0002 0.0002
95.297898 0.738503441152 2.51646334709 -1.74252282303 0.711507039998 17.0943760178 6.36654499906 0.0002 0.0002
95.297898 0.738503441152 2.51646334709 -1.74252282303 0.711507039998 17.0943760178 6.36654499906 0.0002 0.0002
95.403698 0.744626498089 2.53327872285 -1.76750470105 0.686476127317 17.4657369299 6.21863837996 0.0002 0.0002
95.453698 0.747475724905 2.54136094001 -1.4438215572 0.557545247661 17.626354182 6.15645702929 0.0002 0.0002
95.453698 0.747475724905 2.54136094001 -1.4438215572 0.557545247661 17.626354182 6.15645702929 0.0002 0.0002
95.653698 0.758695078394 2.57426461692 -0.106760271662 0.0582480712422 17.9380537243 6.03391949318 0.0002 0.0002
95.653698 0.758695078394 2.57426461692 -0.106760271662 0.0582480712422 17.9380537243 6.03391949318 0.0002 0.0002
95.903698 0.772721526989 2.61544703402 1.56406082901 -0.564394314685 17.5708124122 6.15946230596 0.0002 0.0002
101.194898 1.29022303266 3.13993742314 0.526260781965 -1.69706848138 6.51050270423 18.1253142525 0.0002 0.0002
101.244898 1.29793152756 3.14268398856 0.395406507508 -1.36528568147 6.46443372118 18.2784797805 0.0002 0.0002
101.244898 1.29793152756 3.14268398856 0.395406507508 -1.36528568147 6.46443372118 18.2784797805 0.0002 0.0002
101.444898 1.32908569203 3.15351771663 -0.11802419119 0.000292630000225 6.40923271495 18.5528502577 0.0002 0.0002
101.444898 1.32908569203 3.15351771663 -0.11802419119 0.000292630000225 6.40923271495 18.5528502577 0.0002 0.0002
101.694898 1.3675952613 3.16709811805 -0.773449533122 1.69762654768 6.63037784634 18.125026169 0.0002 0.0002
101.800698 1.38335627862 3.17299370535 -0.798952169954 1.67496678356 6.79673794652 17.7682057945 0.0002 0.0002
101.800698 1.38335627862 3.17299370535 -0.798952169954 1.67496678356 6.79673794652 17.7682057945 0.0002 0.0002
102.001412 1.41219852241 3.18450729763 -0.847333419946 1.63197876941 7.12717051241 17.1044555248 0.0002 0.0002
102.001412 1.41219852241 3.18450729763 -0.847333419946 1.63197876941 7.12717051241 17.1044555248 0.0002 0.0002
104.444898 1.6718656016 3.36868378972 -1.43632525418 1.10864402083 12.7072585114 10.4077821056 0.0002 0.0002
104.444898 1.6718656016 3.36868378972 -1.43632525418 1.10864402083 12.7072585114 10.4077821056 0.0002 0.0002
106.986098 1.82598973019 3.69174214918 -2.04887062958 0.564381330917 21.5638382913 6.15629008172 0.0002 0.0002
107.036098 1.82829818805 3.69989854427 -1.64697077518 0.437526441456 21.7486889862 6.10621057362 0.0002 0.0002
107.036098 1.82829818805 3.69989854427 -1.64697077518 0.437526441456 21.7486889862 6.10621057362 0.0002 0.0002
107.236098 1.83740224643 3.73294623401 0.00767293290729 -0.0579824817251 22.0782223121 6.03068461345 0.0002 0.0002
107.236098 1.83740224643 3.73294623401 0.00767293290729 -0.0579824817251 22.0782223121 6.03068461345 0.0002 0.0002
107.486098 1.84881676165 3.77395448232 2.06349227822 -0.685906495939 21.5562864453 6.21519633485 0.0002 0.0002
107.792612 1.86346477582 3.82162156715 1.98872751142 -0.758425354364 20.3142243487 6.65790426762 0.0002 0.0002
107.792612 1.86346477582 3.82162156715 1.98872751142 -0.758425354364 20.3142243487 6.65790426762 0.0002 0.0002
112.046858 2.20804302598 4.22805599163 0.951033604769 -1.76494728608 7.80775737919 17.3929522297 0.0002 0.0002
112.046858 2.20804302598 4.22805599163 0.951033604769 -1.76494728608 7.80775737919 17.3929522297 0.0002 0.0002
112.777298 2.31037396259 4.26713439088 0.772864985189 -1.93776378042 6.54855289314 20.0975605011 0.0002 0.0002
112.827298 2.31805199873 4.26961108331 0.639368978395 -1.5697358127 6.47796323104 20.2729902518 0.0002 0.0002
112.827298 2.31805199873 4.26961108331 0.639368978395 -1.5697358127 6.47796323104 20.2729902518 0.0002 0.0002
113.027298 2.34937784904 4.27937374222 0.124466010401 -0.0529172389279 6.32595476656 20.5991516865 0.0002 0.0002
113.027298 2.34937784904 4.27937374222 0.124466010401 -0.0529172389279 6.32595476656 20.5991516865 0.0002 0.0002
113.227298 2.38094981663 4.28912632483 -0.382939041239 1.46705741733 6.37739269374 20.3149023893 0.0002 0.0002
113.227298 2.38094981663 4.28912632483 -0.382939041239 1.46705741733 6.37739269374 20.3149023893 0.0002 0.0002
113.277298 2.38876395183 4.29159726067 -0.512184548725 1.8368468274 6.42213490599 20.1496555853 0.0002 0.0002
113.383098 2.40509892659 4.29689905606 -0.532980566657 1.81388018853 6.5327133752 19.763408667 0.0002 0.0002
113.383098 2.40509892659 4.29689905606 -0.532980566657 1.81388018853 6.5327133752 19.763408667 0.0002 0.0002
113.583812 2.43531914677 4.30724512268 -0.572432853454 1.77030999994 6.7545853244 19.0440115175 0.0002 0.0002
113.583812 2.43531914677 4.30724512268 -0.572432853454 1.77030999994 6.7545853244 19.0440115175 0.0002 0.0002
115.622798 2.6872411752 4.43859136628 -0.973215362135 1.32769511229 9.90614039691 12.7272224658 0.0002 0.0002
115.622798 2.6872411752 4.43859136628 -0.973215362135 1.32769511229 9.90614039691 12.7272224658 0.0002 0.0002
117.267498 2.82921259569 4.593335194 -1.29649712671 0.970670245174 13.6391365273 8.94710096235 0.0002 0.0002
117.267498 2.82921259569 4.593335194 -1.29649712671 0.970670245174 13.6391365273 8.94710096235 0.0002 0.0002
118.462698 2.90774080465 4.74563409314 -1.53142529904 0.711221031833 17.0190694106 6.93690450807 0.0002 0.0002
118.462698 2.90774080465 4.74563409314 -1.53142529904 0.711221031833 17.0190694106 6.93690450807 0.0002 0.0002
118.568498 2.91389865824 4.76105188679 -1.55222131697 0.688254392968 17.3453192225 6.78884000813 0.0002 0.0002
118.618498 2.91676933805 4.76845194522 -1.22926053813 0.549446638136 17.4844374361 6.72697457448 0.0002 0.0002
118.618498 2.91676933805 4.76845194522 -1.22926053813 0.549446638136 17.4844374361 6.72697457448 0.0002 0.0002
118.818498 2.92810576776 4.7985127238 0.0968226422094 0.00995506169643 17.7120812581 6.61565848206 0.0002 0.0002
118.818498 2.92810576776 4.7985127238 0.0968226422094 0.00995506169643 17.7120812581 6.61565848206 0.0002 0.0002
119.068498 2.9423520682 4.83600150872 1.73672790285 -0.66738963383 17.2500245434 6.77872634333 0.0002 0.0002
122.440498 3.23009005592 5.19341828188 0.951644574516 -1.3863917948 8.18483254975 13.7040773207 0.0002 0.0002
122.440498 3.23009005592 5.19341828188 0.951644574516 -1.3863917948 8.18483254975 13.7040773207 0.0002 0.0002
124.359698 3.52322968483 5.31016083495 0.5048082982 -1.79561746128 5.38960819644 19.810989485 0.0002 0.0002
124.409698 3.53254725559 5.31267407633 0.393087420952 -1.43205268735 5.34472742098 19.9724233937 0.0002 0.0002
124.409698 3.53254725559 5.31267407633 0.393087420952 -1.43205268735 5.34472742098 19.9724233937 0.0002 0.0002
124.609698 3.57031660741 5.32259489228 -0.0431784552734 0.0619524028781 5.27509310812 20.2478204505 0.0002 0.0002
124.609698 3.57031660741 5.32259489228 -0.0431784552734 0.0619524028781 5.27509310812 20.2478204505 0.0002 0.0002
124.859698 3.61721297649 5.33504813457 -0.595240847056 1.91376511708 5.4334638112 19.7499996127 0.0002 0.0002
124.965498 3.63645942152 5.34046053211 -0.621611902288 1.88878829763 5.56220683208 19.3476894614 0.0002 0.0002
124.965498 3.63645942152 5.34046053211 -0.621611902288 1.88878829763 5.56220683208 19.3476894614 0.0002 0.0002
125.166212 3.6717384217 5.35104152845 -0.671640635555 1.84140457987 5.82178072196 18.5989875282 0.0002 0.0002
125.166212 3.6717384217 5.35104152845 -0.671640635555 1.84140457987 5.82178072196 18.5989875282 0.0002 0.0002
129.341898 4.12255472096 5.71658431127 -1.71244636462 0.855626174311 15.7769794314 7.33703396639 0.0002 0.0002
129.341898 4.12255472096 5.71658431127 -1.71244636462 0.855626174311 15.7769794314 7.33703396639 0.0002 0.0002
130.150898 4.16965792464 5.83773679892 -1.91409271322 0.664640853553 18.7108495454 6.10713794085 0.0002 0.0002
130.200898 4.17231740511 5.84596592456 -1.56711038849 0.537816921795 18.8849649205 6.04703411137 0.0002 0.0002
130.200898 4.17231740511 5.84596592456 -1.56711038849 0.537816921795 18.8849649205 6.04703411137 0.0002 0.0002
130.400898 4.18278687448 5.87945355173 -0.133073161543 0.0462726277124 19.2267375535 5.93080535073 0.0002 0.0002
130.400898 4.18278687448 5.87945355173 -0.133073161543 0.0462726277124 19.2267375535 5.93080535073 0.0002 0.0002
130.650898 4.19587011121 5.92133188958 1.66050662893 -0.567658307249 18.8418226725 6.06012810202 0.0002 0.0002
130.756698 4.20153806725 5.93861722317 1.63940885774 -0.590742400779 18.492691614 6.18268689693 0.0002 0.0002
130.756698 4.20153806725 5.93861722317 1.63940885774 -0.590742400779 18.492691614 6.18268689693 0.0002 0.0002
135.061658 4.56159589549 0.11375294269 0.780948923183 -1.5300250027 8.07314818146 15.3125057382 0.0002 0.0002
135.061658 4.56159589549 0.11375294269 0.780948923183 -1.5300250027 8.07314818146 15.3125057382 0.0002 0.0002
135.792098 4.65864683694 0.158181124189 0.635290548982 -1.68939688623 7.03867022141 17.6641002627 0.0002 0.0002
135.842098 4.66578029641 0.160999120702 0.494577196476 -1.36646807096 6.98219446426 17.8169412292 0.0002 0.0002
135.842098 4.66578029641 0.160999120702 0.494577196476 -1.36646807096 6.98219446426 17.8169412292 0.0002 0.0002
136.042098 4.69468183188 0.172109065353 -0.054922800415 -0.0359308165095 6.89470018785 18.0988304678 0.0002 0.0002
136.042098 4.69468183188 0.172109065353 -0.054922800415 -0.0359308165095 6.89470018785 18.0988304678 0.0002 0.0002
136.242098 4.72349192913 0.1832101475 -0.607731383819 1.29674941862 7.02657296993 17.8453995795 0.0002 0.0002
136.242098 4.72349192913 0.1832101475 -0.607731383819 1.29674941862 7.02657296993 17.8453995795 0.0002 0.0002
136.292098 4.73057481339 0.186023081092 -0.750320343365 1.62087425362 7.09445436565 17.699472836 0.0002 0.0002
136.397898 4.7453217768 0.192059069776 -0.77362916189 1.59919217916 7.25568822331 17.3587898074 0.0002 0.0002
136.397898 4.7453217768 0.192059069776 -0.77362916189 1.59919217916 7.25568822331 17.3587898074 0.0002 0.0002
139.002498 5.01921136556 0.386967713154 -1.3474490932 1.06541967301 12.7802486465 10.4185417773 0.0002 0.0002
139.002498 5.01921136556 0.386967713154 -1.3474490932 1.06541967301 12.7802486465 10.4185417773 0.0002 0.0002
141.496798 5.17252876682 0.697927666106 -1.89696881011 0.554251446766 20.8728002227 6.3785961032 0.0002 0.0002
141.633298 5.17900678857 0.719517307003 -0.566468336096 0.125436177182 21.210041473 6.28608782234 0.0002 0.0002
141.633298 5.17900678857 0.719517307003 -0.566468336096 0.125436177182 21.210041473 6.28608782234 0.0002 0.0002
141.833298 5.18844463459 0.7512515344 1.40542403014 -0.499085266867 21.0411940382 6.36035419551 0.0002 0.0002
141.833298 5.18844463459 0.7512515344 1.40542403014 -0.499085266867 21.0411940382 6.36035419551 0.0002 0.0002
142.169798 5.20510580886 0.801882905846 4.414760249 -1.66023764708 19.0473105159 7.07438169106 0.0002 0.0002
147.464298 1.17785479178 1.12399252232 -1.28078805494 -4.47153659391 2.45449473441 39.53906041 0.0002 0.0002
147.774298 1.28534674105 1.13163137553 -1.89733450905 -1.13629543382 3.43124378102 41.2927466765 0.0002 0.0002
147.774298 1.28534674105 1.13163137553 -1.89733450905 -1.13629543382 3.43124378102 41.2927466765 0.0002 0.0002
147.974298 1.33761257617 1.1364656871 -2.3961189117 1.10033411379 4.28684350702 41.2999650556 0.0002 0.0002
147.974298 1.33761257617 1.1364656871 -2.3961189117 1.10033411379 4.28684350702 41.2999650556 0.0002 0.0002
148.484298 1.4282858236 1.14929087553 -4.20342697695 6.3690329175 7.57565932928 37.3984363925 0.0002 0.0002
148.795099 1.46326343464 1.15806564605 -4.96933802759 6.02360903433 10.4265638655 33.5467908813 0.0002 0.0002
148.795099 1.46326343464 1.15806564605 -4.96933802759 6.02360903433 10.4265638655 33.5467908813 0.0002 0.0002
149.451742 1.51119309995 1.18025231458 -6.58751213264 5.29381673986 18.0152886252 26.1152824686 0.0002 0.0002
149.761742 1.52681626446 1.19275830493 -4.82239816221 2.22069211082 21.5954252858 23.8133415432 0.0002 0.0002
149.761742 1.52681626446 1.19275830493 -4.82239816221 2.22069211082 21.5954252858 23.8133415432 0.0002 0.0002
149.961742 1.5357239475 1.20127307627 -3.29916403351 0.435268343946 23.2278996403 23.2847868038 0.0002 0.0002
149.961742 1.5357239475 1.20127307627 -3.29916403351 0.435268343946 23.2278996403 23.2847868038 0.0002 0.0002
150.471742 1.55683783649 1.22268561457 1.23377260458 -4.24805760662 24.3168482345 25.1685227444 0.0002 0.0002
150.968217 1.57777927718 1.24088445187 1.18227716936 -4.62375941812 23.117339923 29.5731581017 0.0002 0.0002
150.968217 1.57777927718 1.24088445187 1.18227716936 -4.62375941812 23.117339923 29.5731581017 0.0002 0.0002
150.968217 1.57777927718 1.24088445187 1.18227716936 -4.62375941812 23.117339923 29.5731581017 0.0002 0.0002
153.973287 1.73018616723 1.30990774674 0.870584964261 -6.89781197399 16.9483455111 64.196286645 0.0002 0.0002
154.283287 1.7486327823 1.31461465245 -0.351463064931 -2.30880559595 16.7885948166 67.0715868508 0.0002 0.0002
154.283287 1.7486327823 1.31461465245 -0.351463064931 -2.30880559595 16.7885948166 67.0715868508 0.0002 0.0002
154.483287 1.76045925734 1.31758521073 -1.14966997554 0.78602108313 17.0879026761 67.377082649 0.0002 0.0002
154.483287 1.76045925734 1.31758521073 -1.14966997554 0.78602108313 17.0879026761 67.377082649 0.0002 0.0002
154.993287 1.78876275656 1.32535646646 -3.45100915842 8.28520395078 19.3884839014 62.6560905774 0.0002 0.0002
155.304088 1.80395146546 1.33052944987 -3.65795026877 7.93973693352 21.5979556003 57.6133627256 0.0002 0.0002
155.304088 1.80395146546 1.33052944987 -3.65795026877 7.93973693352 21.5979556003 57.6133627256 0.0002 0.0002
155.960731 1.83130485415 1.34306019914 -4.09516389266 7.20985350774 26.6889837426 47.6654902095 0.0002 0.0002
156.270731 1.84242684183 1.34986050738 -3.3853870828 5.49321567509 29.0155314284 43.7403053079 0.0002 0.0002
156.270731 1.84242684183 1.34986050738 -3.3853870828 5.49321567509 29.0155314284 43.7403053079 0.0002 0.0002
156.470731 1.84917135332 1.3545442152 -2.85556685827 4.50377782884 30.265415852 41.7436107297 0.0002 0.0002
156.470731 1.84917135332 1.3545442152 -2.85556685827 4.50377782884 30.265415852 41.7436107297 0.0002 0.0002
156.980731 1.86538373388 1.36735316097 -1.31677272913 2.27798067158 32.4122533295 38.3150619436 0.0002 0.0002
157.477206 1.88039727424 1.38070417607 -1.35864912176 2.19778293997 33.7405333929 36.0929572046 0.0002 0.0002
157.477206 1.88039727424 1.38070417607 -1.35864912176 2.19778293997 33.7405333929 36.0929572046 0.0002 0.0002
157.477206 1.88039727424 1.38070417607 -1.35864912176 2.19778293997 33.7405333929 36.0929572046 0.0002 0.0002
158.548502 1.91082584166 1.41244645188 -1.44901019113 2.02473191206 36.7483675842 31.5693939337 0.0002 0.0002
158.548502 1.91082584166 1.41244645188 -1.44901019113 2.02473191206 36.7483675842 31.5693939337 0.0002 0.0002
158.813005 1.91794910799 1.42096929475 -1.47132034064 1.98200561042 37.5208037708 30.5095998388 0.0002 0.0002
158.813005 1.91794910799 1.42096929475 -1.47132034064 1.98200561042 37.5208037708 30.5095998388 0.0002 0.0002
165.740498 2.062131397 1.81251267196 -2.05563660388 0.862978017211 61.9537733153 10.8009956732 0.0002 0.0002
165.740498 2.062131397 1.81251267196 -2.05563660388 0.862978017211 61.9537733153 10.8009956732 0.0002 0.0002
168.065698 2.09696035618 2.07099352911 -2.25176125897 0.487378509606 71.969334826 7.66114667706 0.0002 0.0002
168.065698 2.09696035618 2.07099352911 -2.25176125897 0.487378509606 71.969334826 7.66114667706 0.0002 0.0002
168.277698 2.09988663675 2.09903658328 -2.26964291512 0.453133242269 72.9278725109 7.46175818567 0.0002 0.0002
168.277698 2.09988663675 2.09903658328 -2.26964291512 0.453133242269 72.9278725109 7.46175818567 0.0002 0.0002
