0.0 0.0 0.0 -1.25287976099 0.789987518004 5.79735938488 9.99584375794 0.0002 0.0002
0.0 0.0 0.0 -1.25287976099 0.789987518004 5.79735938488 9.99584375794 0.0002 0.0002
0.0 0.0 0.0 -1.25287976099 0.789987518004 5.79735938488 9.99584375794 0.0002 0.0002
0.423 0.066753540216 0.0437532690482 -1.4403765648 0.721260357547 6.93660681069 9.35658590658 0.0002 0.0002
0.423 0.066753540216 0.0437532690482 -1.4403765648 0.721260357547 6.93660681069 9.35658590658 0.0002 0.0002
0.877 0.126493679056 0.0939926370906 -1.64161426913 0.647496454835 8.3358306493 8.73517031376 0.0002 0.0002
0.877 0.126493679056 0.0939926370906 -1.64161426913 0.647496454835 8.3358306493 8.73517031376 0.0002 0.0002
1.357 0.179054848887 0.150908639629 -1.85437659969 0.569508187651 10.0139062663 8.15100808537 0.0002 0.0002
1.357 0.179054848887 0.150908639629 -1.85437659969 0.569508187651 10.0139062663 8.15100808537 0.0002 0.0002
1.89 0.227461469232 0.218724550225 -2.09063143759 0.482908715965 12.1165955502 7.59006987574 0.0002 0.0002
1.89 0.227461469232 0.218724550225 -2.09063143759 0.482908715965 12.1165955502 7.59006987574 0.0002 0.0002
2.475 0.271287727347 0.298608182672 -2.34993552796 0.387860515334 14.714327225 7.08066987543 0.0002 0.0002
2.475 0.271287727347 0.298608182672 -2.34993552796 0.387860515334 14.714327225 7.08066987543 0.0002 0.0002
3.06 0.30763187344 0.383756269393 -2.60923961834 0.292812314703 17.6154446856 6.68247626986 0.0002 0.0002
3.06 0.30763187344 0.383756269393 -2.60923961834 0.292812314703 17.6154446856 6.68247626986 0.0002 0.0002
3.645 0.33818367368 0.473361134349 -2.86854370871 0.197764114072 20.819947932 6.39548905903 0.0002 0.0002
3.645 0.33818367368 0.473361134349 -2.86854370871 0.197764114072 20.819947932 6.39548905903 0.0002 0.0002
4.6635 0.381056842021 0.636334330528 -3.31999877888 0.0322827596395 27.1229784556 6.16118631815 0.0002 0.0002
5.0 0.393275533142 0.68962794033 2.9466501061 -1.50789321957 27.2519470949 6.64533124673 0.0002 0.0002
5.0 0.393275533142 0.68962794033 2.9466501061 -1.50789321957 27.2519470949 6.64533124673 0.0002 0.0002
5.3365 0.406442290767 0.735547309062 8.32634033917 -3.52593149772 23.3578332421 8.29691936867 0.0002 0.0002
5.7585 0.427704833722 0.778648441223 7.0557433696 -4.20912307319 16.866593917 11.5611123976 0.0002 0.0002
6.025 0.445141630862 0.800001877815 3.52089764915 -1.97658514091 14.0965294693 13.2392607424 0.0002 0.0002
6.025 0.445141630862 0.800001877815 3.52089764915 -1.97658514091 14.0965294693 13.2392607424 0.0002 0.0002
6.2915 0.465018789981 0.819693318601 0.743291012679 0.666344944999 12.9797214591 13.5947216436 0.0002 0.0002
6.973 0.519601798259 0.871509033735 0.661778002888 0.593956804405 12.022166925 12.7358260014 0.0002 0.0002
6.973 0.519601798259 0.871509033735 0.661778002888 0.593956804405 12.022166925 12.7358260014 0.0002 0.0002
7.482 0.563133200077 0.912423969958 0.600897413037 0.539891413998 11.3794651383 12.1586972582 0.0002 0.0002
7.482 0.563133200077 0.912423969958 0.600897413037 0.539891413998 11.3794651383 12.1586972582 0.0002 0.0002
7.992 0.609158621209 0.955314830879 0.539897214954 0.48571980475 10.797659878 11.6356355367 0.0002 0.0002
7.992 0.609158621209 0.955314830879 0.539897214954 0.48571980475 10.797659878 11.6356355367 0.0002 0.0002
8.498 0.657200049455 0.999711114139 0.479375449798 0.431973070868 10.2819079096 11.1712829416 0.0002 0.0002
8.498 0.657200049455 0.999711114139 0.479375449798 0.431973070868 10.2819079096 11.1712829416 0.0002 0.0002
8.9873 0.705861015825 1.04432598128 0.420851142108 0.380000191642 9.84142703819 10.7739844242 0.0002 0.0002
8.9873 0.705861015825 1.04432598128 0.420851142108 0.380000191642 9.84142703819 10.7739844242 0.0002 0.0002
9.4566 0.75448543446 1.0885888119 0.364718999049 0.330151689249 9.47275897095 10.4407101465 0.0002 0.0002
9.4566 0.75448543446 1.0885888119 0.364718999049 0.330151689249 9.47275897095 10.4407101465 0.0002 0.0002
9.9277 0.805092981339 1.1343606076 0.308371561173 0.280111992941 9.15566600803 10.1532149259 0.0002 0.0002
9.9277 0.805092981339 1.1343606076 0.308371561173 0.280111992941 9.15566600803 10.1532149259 0.0002 0.0002
16.240021 1.52426352844 1.77965505857 -0.446633990515 -0.390375431889 10.0284228443 10.8492331471 0.0002 0.0002
16.240021 1.52426352844 1.77965505857 -0.446633990515 -0.390375431889 10.0284228443 10.8492331471 0.0002 0.0002
17.480021 1.64187692492 1.88872657728 -0.384257937794 -0.522205025018 11.0678384446 11.9818486835 0.0002 0.0002
17.480021 1.64187692492 1.88872657728 -0.384257937794 -0.522205025018 11.0678384446 11.9818486835 0.0002 0.0002
17.480021 1.64187692492 1.88872657728 -0.384257937794 -0.522205025018 11.0678384446 11.9818486835 0.0002 0.0002
17.480021 1.64187692492 1.88872657728 -0.384257937794 -0.522205025018 11.0678384446 11.9818486835 0.0002 0.0002
18.720021 1.74977852503 1.98667943932 -0.285913571929 -0.654034618147 11.9061986433 13.4416950832 0.0002 0.0002
18.720021 1.74977852503 1.98667943932 -0.730698711653 -0.151887257365 11.9061986433 13.4416950832 0.0002 0.0002
20.0 1.84912574858 2.08027209005 -0.895603247829 -0.249308585053 13.9878309991 13.9552173364 0.0002 0.0002
20.0 1.84912574858 2.08027209005 -0.895603247829 -0.249308585053 13.9878309991 13.9552173364 0.0002 0.0002
22.328798 1.99300877461 2.23913320462 -1.195631103 -0.426557268883 18.8578933729 15.5291723853 0.0002 0.0002
22.595298 2.00671248327 2.25641467252 -4.46621585282 2.024498567 20.3455124189 15.0971098655 0.0002 0.0002
22.595298 2.00671248327 2.25641467252 -4.46621585282 2.024498567 20.3455124189 15.0971098655 0.0002 0.0002
22.861798 2.01892176798 2.27499619924 -8.51611981222 4.13227919439 23.7565494793 13.4323973281 0.0002 0.0002
23.218798 2.03224346402 2.30484388638 -9.62100139147 3.65187082566 30.2315017491 10.6534557709 0.0002 0.0002
23.355298 2.03658609395 2.31823262492 -7.37645205425 2.67215690268 32.560312643 9.79341884738 0.0002 0.0002
23.355298 2.03658609395 2.31823262492 -7.37645205425 2.67215690268 32.560312643 9.79341884738 0.0002 0.0002
23.555298 2.04250747847 2.33964956452 -3.52758953226 1.44169902635 34.7586829936 8.97714780245 0.0002 0.0002
23.555298 2.04250747847 2.33964956452 -3.52758953226 1.44169902635 34.7586829936 8.97714780245 0.0002 0.0002
23.891798 2.05207843963 2.37833601978 3.50019843333 -0.368960897343 34.7681140018 8.62410670828 0.0002 0.0002
27.336298 2.20259346535 2.71332197382 2.18737457241 -0.822736262327 15.1772687836 12.7289075748 0.0002 0.0002
27.336298 2.20259346535 2.71332197382 2.18737457241 -0.822736262327 15.1772687836 12.7289075748 0.0002 0.0002
28.003298 2.25117642619 2.7635144888 1.9331566844 -0.910606248811 12.4288744353 13.8850470297 0.0002 0.0002
28.003298 2.25117642619 2.7635144888 1.9331566844 -0.910606248811 12.4288744353 13.8850470297 0.0002 0.0002
28.805298 2.32476680989 2.81833331264 1.62748540077 -1.01626101517 9.57323948296 15.4303945754 0.0002 0.0002
28.855298 2.33003189809 2.82156455936 1.33893424376 -0.578920861897 9.42498918021 15.5101917204 0.0002 0.0002
28.855298 2.33003189809 2.82156455936 1.33893424376 -0.578920861897 9.42498918021 15.5101917204 0.0002 0.0002
29.055298 2.35169933933 2.83446085464 0.245460495365 1.17833911104 9.11050572738 15.3893850452 0.0002 0.0002
29.055298 2.35169933933 2.83446085464 0.245460495365 1.17833911104 9.11050572738 15.3893850452 0.0002 0.0002
29.305298 2.37899264545 2.85122552105 -1.101032978 3.20638805511 9.32188517453 14.2799470277 0.0002 0.0002
32.666098 2.63156295916 3.61577835318 -1.89861941447 0.551411078272 19.4031169352 1.6507357002 0.0002 0.0002
32.716098 2.63412865605 3.64655617499 -1.29271293247 0.461455138698 19.5627675447 1.6001190132 0.0002 0.0002
32.716098 2.63412865605 3.64655617499 -1.29271293247 0.461455138698 19.5627675447 1.6001190132 0.0002 0.0002
32.916098 2.64430311948 3.77727532781 1.17362008437 0.125350127928 19.5867886343 1.4837358791 0.0002 0.0002
32.916098 2.64430311948 3.77727532781 1.17362008437 0.125350127928 19.5867886343 1.4837358791 0.0002 0.0002
33.166098 2.65743598596 3.94552271711 4.06306948166 -0.280667353738 18.2601230354 1.52206246857 0.0002 0.0002
36.526898 3.28789754613 4.88342652806 0.840600517365 -2.66266170903 1.77986890271 11.4140027827 0.0002 0.0002
36.576898 3.31664020394 4.88775960415 0.720633359552 -2.20383382085 1.70186228825 11.6574995375 0.0002 0.0002
36.576898 3.31664020394 4.88775960415 0.720633359552 -2.20383382085 1.70186228825 11.6574995375 0.0002 0.0002
36.776898 3.44279603363 4.90447172214 0.29243112557 -0.222914926922 1.50150808905 12.1484086318 0.0002 0.0002
36.776898 3.44279603363 4.90447172214 0.29243112557 -0.222914926922 1.50150808905 12.1484086318 0.0002 0.0002
37.026898 3.61297693893 4.92532132188 -0.192683526336 2.26322978138 1.47700231019 11.6291296965 0.0002 0.0002
37.333412 3.80993521517 4.95334345734 -0.407912659763 2.1018640703 1.66109344957 10.2911673197 0.0002 0.0002
37.333412 3.80993521517 4.95334345734 -0.407912659763 2.1018640703 1.66109344957 10.2911673197 0.0002 0.0002
40.387698 4.62003966825 5.62129221303 -2.5525824922 0.493921097951 10.7032923453 2.36289702128 0.0002 0.0002
40.437698 4.62465937959 5.64265716849 -2.10854003108 0.366119553188 10.9365186833 2.31992634018 0.0002 0.0002
40.437698 4.62465937959 5.64265716849 -2.10854003108 0.366119553188 10.9365186833 2.31992634018 0.0002 0.0002
40.637698 4.64246655528 5.73039273183 -0.188932967562 -0.123838638145 11.4014542725 2.27202808315 0.0002 0.0002
40.637698 4.64246655528 5.73039273183 -0.188932967562 -0.123838638145 11.4014542725 2.27202808315 0.0002 0.0002
40.887698 4.66470501698 5.83663351661 2.21532726913 -0.769206347334 10.885407082 2.49130367264 0.0002 0.0002
41.194212 4.69472760618 5.94856033709 2.04897748969 -0.965036233478 9.57833797311 3.02287330306 0.0002 0.0002
41.194212 4.69472760618 5.94856033709 2.04897748969 -0.965036233478 9.57833797311 3.02287330306 0.0002 0.0002
44.248498 5.43843837323 0.138238903508 0.391370325134 -2.91640054189 2.12481780715 14.877891306 0.0002 0.0002
44.298498 5.46216715533 0.141569293915 0.275664336662 -2.30620861927 2.09148961543 15.1392063961 0.0002 0.0002
44.298498 5.46216715533 0.141569293915 0.275664336662 -2.30620861927 2.09148961543 15.1392063961 0.0002 0.0002
44.498498 5.5589538151 0.154531222457 -0.173340996173 0.276025237324 2.07125316849 15.5498957036 0.0002 0.0002
44.498498 5.5589538151 0.154531222457 -0.173340996173 0.276025237324 2.07125316849 15.5498957036 0.0002 0.0002
44.748498 5.674657522 0.170971394107 -0.775442760631 3.41097751464 2.3043468506 14.6115131717 0.0002 0.0002
44.854298 5.71896328103 0.178395489968 -0.848964137855 3.31949086319 2.47620910046 13.8994296173 0.0002 0.0002
44.854298 5.71896328103 0.178395489968 -0.848964137855 3.31949086319 2.47620910046 13.8994296173 0.0002 0.0002
45.055012 5.79465659037 0.193561828949 -0.988442112411 3.14593082767 2.84500225858 12.6017289681 0.0002 0.0002
45.055012 5.79465659037 0.193561828949 -0.988442112411 3.14593082767 2.84500225858 12.6017289681 0.0002 0.0002
48.109298 0.0 0.98906797338 -3.1108930874 0.504849554508 15.3655443687 1.45120155772 0.0002 0.0002
48.159298 0.0 1.02409173727 -2.45990950249 0.400105082221 15.6442880208 1.40598682945 0.0002 0.0002
48.159298 0.0 1.02409173727 -2.45990950249 0.400105082221 15.6442880208 1.40598682945 0.0002 0.0002
48.359298 0.00742304561014 1.17199611534 0.299861695447 0.00743573978861 16.0814154512 1.32541756938 0.0002 0.0002
48.359298 0.00742304561014 1.17199611534 0.299861695447 0.00743573978861 16.0814154512 1.32541756938 0.0002 0.0002
48.609298 0.0233332371903 1.35541768368 3.64613339189 -0.488319627763 15.0765089308 1.44349141228 0.0002 0.0002
48.715098 0.030534924319 1.42606179449 3.54582265334 -0.579091661398 14.3155999812 1.55642352667 0.0002 0.0002
48.715098 0.030534924319 1.42606179449 3.54582265334 -0.579091661398 14.3155999812 1.55642352667 0.0002 0.0002
48.915812 0.0452880012082 1.54548798606 3.35552237377 -0.751295989933 12.9304034154 1.82345095372 0.0002 0.0002
48.915812 0.0452880012082 1.54548798606 3.35552237377 -0.751295989933 12.9304034154 1.82345095372 0.0002 0.0002
51.970098 0.895554908879 2.18363609575 0.459703050355 -3.37174732757 1.27761381568 14.4164044358 0.0002 0.0002
52.020098 0.935357664323 2.1870666594 0.359956189086 -2.79017897857 1.23665977784 14.724718562 0.0002 0.0002
52.020098 0.935357664323 2.1870666594 0.359956189086 -2.79017897857 1.23665977784 14.724718562 0.0002 0.0002
52.220098 1.10344740793 2.20029693399 -0.0166126600995 -0.279570303479 1.16875676446 15.345702526 0.0002 0.0002
52.220098 1.10344740793 2.20029693399 -0.0166126600995 -0.279570303479 1.16875676446 15.345702526 0.0002 0.0002
52.470098 1.30993393561 2.2168040105 -0.496511322937 2.8708109352 1.29481944813 14.6862049929 0.0002 0.0002
52.575898 1.38829762451 2.22416005353 -0.598365049212 2.80423440542 1.4106573683 14.0857851958 0.0002 0.0002
52.575898 1.38829762451 2.22416005353 -0.598365049212 2.80423440542 1.4106573683 14.0857851958 0.0002 0.0002
55.830898 2.15807172146 2.80510121601 -3.73195558818 0.755967822928 15.505851043 2.49732694255 0.0002 0.0002
55.880898 2.16126025615 2.82541247103 -3.08571999359 0.618259852655 15.846983814 2.42866565983 0.0002 0.0002
55.880898 2.16126025615 2.82541247103 -3.08571999359 0.618259852655 15.846983814 2.42866565983 0.0002 0.0002
56.080898 2.1735456657 2.91091874811 -0.290529583829 0.110194623129 16.5302304566 2.28465244289 0.0002 0.0002
56.080898 2.1735456657 2.91091874811 -0.290529583829 0.110194623129 16.5302304566 2.28465244289 0.0002 0.0002
56.330898 2.18888173005 3.01925311142 3.21335208983 -0.511009478577 15.7858947843 2.3830671216 0.0002 0.0002
56.436698 2.19573132727 3.06263755497 3.13744560209 -0.566999352088 15.1139803885 2.49712045588 0.0002 0.0002
56.436698 2.19573132727 3.06263755497 3.13744560209 -0.566999352088 15.1139803885 2.49712045588 0.0002 0.0002
59.691698 2.78193377747 3.70583979523 0.802137307253 -2.28956115054 2.29063801859 11.795224892 0.0002 0.0002
59.741698 2.80413115435 3.71004096657 0.672427017517 -1.80725044079 2.21696182078 12.0002102405 0.0002 0.0002
59.741698 2.80413115435 3.71004096657 0.672427017517 -1.80725044079 2.21696182078 12.0002102405 0.0002 0.0002
59.941698 2.89874840802 3.72639839328 0.200278572013 0.232455551147 2.04436633822 12.3187766216 0.0002 0.0002
59.941698 2.89874840802 3.72639839328 0.200278572013 0.232455551147 2.04436633822 12.3187766216 0.0002 0.0002
60.191698 3.02126857404 3.7471553565 -0.358398395281 2.70609155705 2.08321292413 11.5708901633 0.0002 0.0002
60.498212 3.16013401829 3.77568328019 -0.52443305183 2.4856162959 2.35381312231 9.97955902243 0.0002 0.0002
60.498212 3.16013401829 3.77568328019 -0.52443305183 2.4856162959 2.35381312231 9.97955902243 0.0002 0.0002
62.097498 3.62453816219 4.03599435919 -1.39074552609 1.33525122776 5.41673140947 3.86889908397 0.0002 0.0002
62.097498 3.62453816219 4.03599435919 -1.39074552609 1.33525122776 5.41673140947 3.86889908397 0.0002 0.0002
63.552498 3.81765848071 4.68294833835 -2.17890014636 0.288670957477 10.6105658629 1.50609230444 0.0002 0.0002
63.602498 3.82232528168 4.71643765904 -1.86276183093 0.205750075037 10.8127558875 1.48138431658 0.0002 0.0002
63.602498 3.82232528168 4.71643765904 -1.86276183093 0.205750075037 10.8127558875 1.48138431658 0.0002 0.0002
63.802498 3.84035162526 4.85324793408 -0.50116554631 -0.118030657524 11.2895824027 1.4639873717 0.0002 0.0002
63.802498 3.84035162526 4.85324793408 -0.50116554631 -0.118030657524 11.2895824027 1.4639873717 0.0002 0.0002
64.052498 3.86254015328 5.01702450843 1.25502581711 -0.543704852943 11.0985857439 1.62726843233 0.0002 0.0002
68.445984 4.52912341833 5.84727719382 0.235650803648 -4.041754779 4.54931888012 21.7734211288 0.0002 0.0002
68.445984 4.52912341833 5.84727719382 0.235650803648 -4.041754779 4.54931888012 21.7734211288 0.0002 0.0002
68.646698 4.5736770086 5.8561641434 0.189081214841 -4.20156127272 4.46406921776 23.4279700668 0.0002 0.0002
68.646698 4.5736770086 5.8561641434 0.189081214841 -4.20156127272 4.46406921776 23.4279700668 0.0002 0.0002
68.752498 4.59747954799 5.86059599295 0.164533537569 -4.28579818213 4.42665677695 24.3259326972 0.0002 0.0002
68.802498 4.60879006438 5.86263439557 0.0304909936255 -3.63963065388 4.41691005542 24.7223874179 0.0002 0.0002
68.802498 4.60879006438 5.86263439557 0.0304909936255 -3.63963065388 4.41691005542 24.7223874179 0.0002 0.0002
69.002498 4.65376996651 5.87054963205 -0.511436536499 -0.890544059819 4.51239400414 25.6351834359 0.0002 0.0002
69.002498 4.65376996651 5.87054963205 -0.511436536499 -0.890544059819 4.51239400414 25.6351834359 0.0002 0.0002
69.252498 4.70699864635 5.88032988936 -1.25915378618 2.62678619753 4.9499961731 25.1960362166 0.0002 0.0002
69.7 4.78798633318 5.89895770377 -1.49289178831 2.48647570057 6.18154207177 22.9078412907 0.0002 0.0002
69.7 4.78798633318 5.89895770377 -1.49289178831 2.48647570057 6.18154207177 22.9078412907 0.0002 0.0002
70.002498 4.8335588085 5.91261014437 -1.65089170377 2.39162999103 7.13253029056 21.4322240752 0.0002 0.0002
70.002498 4.8335588085 5.91261014437 -1.65089170377 2.39162999103 7.13253029056 21.4322240752 0.0002 0.0002
70.251298 4.86652988954 5.92454976861 -1.78084422896 2.31362083879 7.98634619062 20.2615576687 0.0002 0.0002
70.251298 4.86652988954 5.92454976861 -1.78084422896 2.31362083879 7.98634619062 20.2615576687 0.0002 0.0002
71.491298 4.98837517208 5.99579796526 -2.19319041118 1.92448012396 12.9565711052 15.0015934645 0.0002 0.0002
71.491298 4.98837517208 5.99579796526 -2.19319041118 1.92448012396 12.9565711052 15.0015934645 0.0002 0.0002
71.491298 4.98837517208 5.99579796526 -2.19319041118 1.92448012396 12.9565711052 15.0015934645 0.0002 0.0002
71.491298 4.98837517208 5.99579796526 -2.19319041118 1.92448012396 12.9565711052 15.0015934645 0.0002 0.0002
72.731298 5.06787044412 6.09388102397 -2.40617152372 1.53533940913 18.7088770991 10.7075648282 0.0002 0.0002
72.731298 5.06787044412 6.09388102397 -2.40617152372 1.53533940913 18.7088770991 10.7075648282 0.0002 0.0002
73.630098 5.11090727067 6.18994361378 -2.73235612771 1.25352821125 23.3273857522 8.20093061104 0.0002 0.0002
73.680098 5.11303894638 6.19608515502 -2.24621818795 1.06504403979 23.5764032157 8.08504329389 0.0002 0.0002
73.680098 5.11303894638 6.19608515502 -2.24621818795 1.06504403979 23.5764032157 8.08504329389 0.0002 0.0002
73.880098 5.12141008167 6.22133842822 -0.226986473013 0.34887812745 24.0738839545 7.80386030172 0.0002 0.0002
73.880098 5.12141008167 6.22133842822 -0.226986473013 0.34887812745 24.0738839545 7.80386030172 0.0002 0.0002
74.130098 5.1318630548 6.2534361366 2.30243485535 -0.518139940946 23.5503492728 7.84580274729 0.0002 0.0002
74.436612 5.14527958782 0.00852426691225 2.22042299581 -0.567695546548 22.1640300214 8.1786265259 0.0002 0.0002
74.436612 5.14527958782 0.00852426691225 2.22042299581 -0.567695546548 22.1640300214 8.1786265259 0.0002 0.0002
75.985612 5.22781707021 0.177895210301 1.80596763515 -0.818129892377 15.9271509341 10.3252701308 0.0002 0.0002
75.985612 5.22781707021 0.177895210301 1.80596763515 -0.818129892377 15.9271509341 10.3252701308 0.0002 0.0002
78.030098 5.39339038676 0.346677308915 1.25893846634 -1.14867186395 9.66099331826 14.3463687864 0.0002 0.0002
78.080098 5.39859793798 0.350149785224 1.04947145056 -0.859777020213 9.54561233734 14.4468256391 0.0002 0.0002
78.080098 5.39859793798 0.350149785224 1.04947145056 -0.859777020213 9.54561233734 14.4468256391 0.0002 0.0002
78.280098 5.41989857538 0.363904524114 0.246384435695 0.319069327426 9.28785212783 14.5555637111 0.0002 0.0002
78.280098 5.41989857538 0.363904524114 0.246384435695 0.319069327426 9.28785212783 14.5555637111 0.0002 0.0002
78.530098 5.44675752334 0.381323209903 -0.740636310509 1.75430618772 9.41036785697 14.0327354702 0.0002 0.0002
78.635898 5.45790713422 0.388963633747 -0.758046443818 1.72356314092 9.56892849238 13.6647768952 0.0002 0.0002
78.635898 5.45790713422 0.388963633747 -0.758046443818 1.72356314092 9.56892849238 13.6647768952 0.0002 0.0002
78.836612 5.47855149732 0.4040324313 -0.791075342657 1.66524026858 9.87985892263 12.9845966077 0.0002 0.0002
78.836612 5.47855149732 0.4040324313 -0.791075342657 1.66524026858 9.87985892263 12.9845966077 0.0002 0.0002
83.821298 5.82464252483 1.22053052652 -1.61134044442 0.216805155687 21.8551472626 3.60319112998 0.0002 0.0002
83.871298 5.82692258622 1.23444392901 -1.22584698738 0.138143182471 21.9970489556 3.58544900393 0.0002 0.0002
83.871298 5.82692258622 1.23444392901 -1.22584698738 0.138143182471 21.9970489556 3.58544900393 0.0002 0.0002
84.071298 5.83595692448 1.29033109617 0.345986393308 -0.174354863047 22.1738655835 3.59265697906 0.0002 0.0002
84.071298 5.83595692448 1.29033109617 0.345986393308 -0.174354863047 22.1738655835 3.59265697906 0.0002 0.0002
84.271298 5.84504809478 1.34515100176 1.89810311261 -0.496884111281 21.7228937571 3.72626784047 0.0002 0.0002
84.271298 5.84504809478 1.34515100176 1.89810311261 -0.496884111281 21.7228937571 3.72626784047 0.0002 0.0002
84.321298 5.84736060261 1.35847564624 2.27258862573 -0.581230710023 21.5142969573 3.78015751116 0.0002 0.0002
84.427098 5.85233380175 1.38600892395 2.24227292776 -0.618674208716 21.036624605 3.90710745156 0.0002 0.0002
84.427098 5.85233380175 1.38600892395 2.24227292776 -0.618674208716 21.036624605 3.90710745156 0.0002 0.0002
84.627812 5.86208324763 1.43575694252 2.18476078217 -0.689708560292 20.1480569609 4.16971819066 0.0002 0.0002
84.627812 5.86208324763 1.43575694252 2.18476078217 -0.689708560292 20.1480569609 4.16971819066 0.0002 0.0002
89.612498 0.072819628375 2.01579021437 0.756459881552 -2.45383033465 5.48699549557 19.8392725107 0.0002 0.0002
89.662498 0.0819917022926 2.01829588253 0.623418002767 -2.03157517804 5.41802679618 20.063624756 0.0002 0.0002
89.662498 0.0819917022926 2.01829588253 0.623418002767 -2.03157517804 5.41802679618 20.063624756 0.0002 0.0002
89.862498 0.119532907245 2.02812235752 0.112921375177 -0.272562914717 5.27161375793 20.5271651055 0.0002 0.0002
89.862498 0.119532907245 2.02812235752 0.112921375177 -0.272562914717 5.27161375793 20.5271651055 0.0002 0.0002
90.112498 0.166743889111 2.04037215471 -0.518127451868 1.93830566586 5.37200008237 20.106883804 0.0002 0.0002
90.218298 0.186237190594 2.04568820373 -0.543109329885 1.91327475317 5.48427893388 19.6993865957 0.0002 0.0002
90.218298 0.186237190594 2.04568820373 -0.543109329885 1.91327475317 5.48427893388 19.6993865957 0.0002 0.0002
90.419012 0.222106591801 2.05607924579 -0.590502644293 1.86578841473 5.71181072767 18.940875711 0.0002 0.0002
90.419012 0.222106591801 2.05607924579 -0.590502644293 1.86578841473 5.71181072767 18.940875711 0.0002 0.0002
95.297898 0.738503441152 2.51646334709 -1.74252282303 0.711507039998 17.0943760178 6.36654499906 0.0002 0.0002
95.297898 0.738503441152 2.51646334709 -1.74252282303 0.711507039998 17.0943760178 6.36654499906 0.0002 0.0002
95.403698 0.744626498089 2.53327872285 -1.76750470105 0.686476127317 17.4657369299 6.21863837996 0.0002 0.0002
95.453698 0.747475809435 2.54136069792 -1.41231374349 0.546532265222 17.6247830338 6.15700933981 0.0002 0.0002
95.453698 0.747475809435 2.54136069792 -1.41231374349 0.546532265222 17.6247830338 6.15700933981 0.0002 0.0002
95.653698 0.758705422533 2.57423362668 0.0521152082065 0.00381750187821 17.8983429273 6.04754632884 0.0002 0.0002
95.653698 0.758705422533 2.57423362668 0.0521152082065 0.00381750187821 17.8983429273 6.04754632884 0.0002 0.0002
95.903698 0.772805036117 2.61520133358 1.86635790117 -0.678440343795 17.4145210452 6.21475431233 0.0002 0.0002
101.194898 1.38475186706 3.11007873669 0.504161743645 -1.92171401588 4.87162750055 19.9726910603 0.0002 0.0002
101.244898 1.39506506008 3.11257096218 0.398124028588 -1.54432374028 4.82652772551 20.1460487435 0.0002 0.0002
101.244898 1.39506506008 3.11257096218 0.398124028588 -1.54432374028 4.82652772551 20.1460487435 0.0002 0.0002
101.444898 1.43695405692 3.12239813962 -0.0146631251356 0.0099785694577 4.75022803044 20.4545077624 0.0002 0.0002
101.444898 1.43695405692 3.12239813962 -0.0146631251356 0.0099785694577 4.75022803044 20.4545077624 0.0002 0.0002
101.694898 1.48907652514 3.134720572 -0.534915135385 1.94071545765 4.88652771973 19.9628722881 0.0002 0.0002
101.800698 1.51047673618 3.14007543724 -0.562761697685 1.91545443183 5.00266192867 19.5548895138 0.0002 0.0002
101.800698 1.51047673618 3.14007543724 -0.562761697685 1.91545443183 5.00266192867 19.5548895138 0.0002 0.0002
102.001412 1.54969216927 3.15054503317 -0.615589626849 1.86753154395 5.23917353642 18.7955912666 0.0002 0.0002
102.001412 1.54969216927 3.15054503317 -0.615589626849 1.86753154395 5.23917353642 18.7955912666 0.0002 0.0002
104.444898 1.89733052671 3.32057328296 -1.25871519517 1.28411979588 9.81901112875 11.0945753409 0.0002 0.0002
104.444898 1.89733052671 3.32057328296 -1.25871519517 1.28411979588 9.81901112875 11.0945753409 0.0002 0.0002
106.986098 2.09011780144 3.63434368647 -1.92755909041 0.677377651994 17.9159713433 6.11001802631 0.0002 0.0002
107.036098 2.09289462591 3.64256952747 -1.56402247725 0.539568607905 18.0906110136 6.04919181429 0.0002 0.0002
107.036098 2.09289462591 3.64256952747 -1.56402247725 0.539568607905 18.0906110136 6.04919181429 0.0002 0.0002
107.236098 2.10382143005 3.67603084964 -0.0602830105266 0.00519042168097 18.417287469 5.94084078519 0.0002 0.0002
107.236098 2.10382143005 3.67603084964 -0.0602830105266 0.00519042168097 18.417287469 5.94084078519 0.0002 0.0002
107.486098 2.1175024564 3.7177360502 1.81321303466 -0.666451893122 17.975214083 6.10473709929 0.0002 0.0002
107.792612 2.13509672985 3.76628138285 1.74009831152 -0.738961925345 16.8860744091 6.53551611045 0.0002 0.0002
107.792612 2.13509672985 3.76628138285 1.74009831152 -0.738961925345 16.8860744091 6.53551611045 0.0002 0.0002
112.046858 2.55679036258 4.18038825718 0.725306104898 -1.74536135423 6.39763753211 17.1044384853 0.0002 0.0002
112.046858 2.55679036258 4.18038825718 0.725306104898 -1.74536135423 6.39763753211 17.1044384853 0.0002 0.0002
112.777298 2.68063511366 4.22010984571 0.551069631641 -1.91815681525 5.46532163911 19.780418697 0.0002 0.0002
112.827298 2.68982683056 4.22262620176 0.434597067369 -1.54456338994 5.41605415894 19.9536104493 0.0002 0.0002
112.827298 2.68982683056 4.22262620176 0.434597067369 -1.54456338994 5.41605415894 19.9536104493 0.0002 0.0002
113.027298 2.7271438631 4.23254667356 -0.018916327313 -0.00529303593105 5.33334347468 20.265187793 0.0002 0.0002
113.027298 2.7271438631 4.23254667356 -0.018916327313 -0.00529303593105 5.33334347468 20.265187793 0.0002 0.0002
113.227298 2.76440830997 4.24246610366 -0.473604622285 1.53430270224 5.43134355221 19.957801404 0.0002 0.0002
113.227298 2.76440830997 4.24246610366 -0.473604622285 1.53430270224 5.43134355221 19.957801404 0.0002 0.0002
113.277298 2.77357098051 4.2449818643 -0.590743385957 1.90807768372 5.48454383223 19.78562697 0.0002 0.0002
113.383098 2.79264188819 4.25038424934 -0.616765941362 1.88326207105 5.61229831906 19.384503224 0.0002 0.0002
113.383098 2.79264188819 4.25038424934 -0.616765941362 1.88326207105 5.61229831906 19.384503224 0.0002 0.0002
113.583812 2.8276190375 4.2609441354 -0.666133532907 1.83618417993 5.86979420414 18.6379582892 0.0002 0.0002
113.583812 2.8276190375 4.2609441354 -0.666133532907 1.83618417993 5.86979420414 18.6379582892 0.0002 0.0002
115.622798 3.10256867672 4.396998172 -1.16764228673 1.35793572233 9.60883742752 12.1251925261 0.0002 0.0002
115.622798 3.10256867672 4.396998172 -1.16764228673 1.35793572233 9.60883742752 12.1251925261 0.0002 0.0002
117.267498 3.24426708173 4.5617600069 -1.57217250293 0.972167875853 14.1150108121 8.29287113822 0.0002 0.0002
117.267498 3.24426708173 4.5617600069 -1.57217250293 0.972167875853 14.1150108121 8.29287113822 0.0002 0.0002
118.462698 3.3188561366 4.727824172 -1.86614375265 0.691831200407 18.2244864007 6.30405944227 0.0002 0.0002
118.462698 3.3188561366 4.727824172 -1.86614375265 0.691831200407 18.2244864007 6.30405944227 0.0002 0.0002
118.568498 3.32459923023 4.74480252985 -1.89216630805 0.667015587738 18.6221156052 6.16029345209 0.0002 0.0002
118.618498 3.32727155404 4.75296018046 -1.51315317457 0.528348361158 18.7924406743 6.10054598139 0.0002 0.0002
118.618498 3.32727155404 4.75296018046 -1.51315317457 0.528348361158 18.7924406743 6.10054598139 0.0002 0.0002
118.818498 3.33780266823 4.78612265431 0.0497460464971 -0.00996858785651 19.0867576344 5.9974417117 0.0002 0.0002
118.818498 3.33780266823 4.78612265431 0.0497460464971 -0.00996858785651 19.0867576344 5.9974417117 0.0002 0.0002
119.068498 3.35102347257 4.82740878632 1.98652563345 -0.6879993139 18.5732279989 6.17043586213 0.0002 0.0002
122.440498 3.62770599098 5.20546091454 1.08851964545 -1.49314710177 8.20417531838 13.5252615758 0.0002 0.0002
122.440498 3.62770599098 5.20546091454 1.08851964545 -1.49314710177 8.20417531838 13.5252615758 0.0002 0.0002
124.359698 3.93181722785 5.32201947202 0.577412559994 -1.95140322113 5.00691822969 20.1360425555 0.0002 0.0002
124.409698 3.94185773885 5.32449139431 0.468458576322 -1.57099347178 4.95464149606 20.3122190928 0.0002 0.0002
124.409698 3.94185773885 5.32449139431 0.468458576322 -1.57099347178 4.95464149606 20.3122190928 0.0002 0.0002
124.609698 3.98276452883 5.33423685933 0.0466263734481 -0.00370587696777 4.85215171353 20.6287907648 0.0002 0.0002
124.609698 3.98276452883 5.33423685933 0.0466263734481 -0.00370587696777 4.85215171353 20.6287907648 0.0002 0.0002
124.859698 4.03395482231 5.34645314048 -0.479621733359 1.94434639743 4.95953793541 20.1396890864 0.0002 0.0002
124.965498 4.05506826069 5.35176061151 -0.505861660756 1.91923304588 5.0638020785 19.7309223813 0.0002 0.0002
124.965498 4.05506826069 5.35176061151 -0.505861660756 1.91923304588 5.0638020785 19.7309223813 0.0002 0.0002
125.166212 4.09390660255 5.36213535846 -0.555641630395 1.87159031201 5.27686065008 18.9700510618 0.0002 0.0002
125.166212 4.09390660255 5.36213535846 -0.555641630395 1.87159031201 5.27686065008 18.9700510618 0.0002 0.0002
129.341898 4.59647801403 5.72032484502 -1.59127204133 0.880423294067 14.2416980123 7.47850637512 0.0002 0.0002
129.341898 4.59647801403 5.72032484502 -1.59127204133 0.880423294067 14.2416980123 7.47850637512 0.0002 0.0002
130.150898 4.64852691522 5.8393240563 -1.79191572058 0.688393980198 16.9786969117 6.20933320024 0.0002 0.0002
130.200898 4.65145732662 5.84741833527 -1.44739918912 0.548608954 17.1407188713 6.14750450227 0.0002 0.0002
130.200898 4.65145732662 5.84741833527 -1.44739918912 0.548608954 17.1407188713 6.14750450227 0.0002 0.0002
130.400898 4.66299420229 5.88034521792 -0.0237737522076 0.00662319284902 17.4365976733 6.03707039979 0.0002 0.0002
130.400898 4.66299420229 5.88034521792 -0.0237737522076 0.00662319284902 17.4365976733 6.03707039979 0.0002 0.0002
130.650898 4.67745154508 5.92138866931 1.74682117782 -0.67445225976 17.0020604133 6.20259451883 0.0002 0.0002
130.756698 4.68374262268 5.9382504464 1.7216103245 -0.699268797829 16.6351003604 6.34793420672 0.0002 0.0002
130.756698 4.68374262268 5.9382504464 1.7216103245 -0.699268797829 16.6351003604 6.34793420672 0.0002 0.0002
135.061658 5.12042285742 0.0862180908614 0.695790710929 -1.7090438803 6.22828559887 16.7156239536 0.0002 0.0002
135.061658 5.12042285742 0.0862180908614 0.695790710929 -1.7090438803 6.22828559887 16.7156239536 0.0002 0.0002
135.792098 5.24743358868 0.126857076463 0.521735742116 -1.88037650854 5.33895557651 19.3374801824 0.0002 0.0002
135.842098 5.25684138003 0.129431036885 0.407660630092 -1.5153035188 5.29250070755 19.5073188466 0.0002 0.0002
135.842098 5.25684138003 0.129431036885 0.407660630092 -1.5153035188 5.29250070755 19.5073188466 0.0002 0.0002
136.042098 5.29500394691 0.139577911129 -0.0372167754229 -0.0109098318126 5.21879109884 19.8141430748 0.0002 0.0002
136.042098 5.29500394691 0.139577911129 -0.0372167754229 -0.0109098318126 5.21879109884 19.8141430748 0.0002 0.0002
136.242098 5.33305846936 0.149722539416 -0.484405729026 1.49415452633 5.32258170088 19.5159571047 0.0002 0.0002
136.242098 5.33305846936 0.149722539416 -0.484405729026 1.49415452633 5.32258170088 19.5159571047 0.0002 0.0002
136.292098 5.34240658654 0.152295216116 -0.599791549681 1.85960173368 5.37677412514 19.3482153037 0.0002 0.0002
136.397898 5.36185183507 0.157819540192 -0.626547655925 1.83522382899 5.50652081309 18.9573027592 0.0002 0.0002
136.397898 5.36185183507 0.157819540192 -0.626547655925 1.83522382899 5.50652081309 18.9573027592 0.0002 0.0002
139.002498 5.7117122407 0.339509993733 -1.28523342459 1.2350849767 10.4859458154 10.9603764439 0.0002 0.0002
139.002498 5.7117122407 0.339509993733 -1.28523342459 1.2350849767 10.4859458154 10.9603764439 0.0002 0.0002
141.496798 5.89191210185 0.646077934496 -1.91602506736 0.660360896508 18.4708448719 6.23256580233 0.0002 0.0002
141.633298 5.89922034411 0.66822972841 -0.711474433115 0.229220533537 18.8305730746 6.111499136 0.0002 0.0002
141.633298 5.89922034411 0.66822972841 -0.711474433115 0.229220533537 18.8305730746 6.111499136 0.0002 0.0002
141.833298 5.90982888212 0.70097927029 1.08701836059 -0.391865150506 18.7549792022 6.14382117942 0.0002 0.0002
141.833298 5.90982888212 0.70097927029 1.08701836059 -0.391865150506 18.7549792022 6.14382117942 0.0002 0.0002
142.169798 5.92847175381 0.753617862138 3.85767545341 -1.53096091558 17.0602314347 6.77936374088 0.0002 0.0002
147.464298 1.78214006533 1.09535517434 -1.07106473883 -4.14241068756 2.3065210063 36.8170296937 0.0002 0.0002
147.774298 1.89824824773 1.10355799229 -1.60990817937 -1.13939046303 3.13070329963 38.4682977597 0.0002 0.0002
147.774298 1.89824824773 1.10355799229 -1.60990817937 -1.13939046303 3.13070329963 38.4682977597 0.0002 0.0002
147.974298 1.95592699347 1.10874447532 -2.04043334816 0.878239951426 3.85822683415 38.5207114543 0.0002 0.0002
147.974298 1.95592699347 1.10874447532 -2.04043334816 0.878239951426 3.85822683415 38.5207114543 0.0002 0.0002
148.484298 2.05785348041 1.12245623014 -3.57990316877 5.66442838733 6.66109178343 35.1058702541 0.0002 0.0002
148.795099 2.09781313752 1.13177662728 -4.22453254741 5.37151202358 9.08671820845 31.6758889384 0.0002 0.0002
148.795099 2.09781313752 1.13177662728 -4.22453254741 5.37151202358 9.08671820845 31.6758889384 0.0002 0.0002
149.451742 2.15311946914 1.15510002723 -5.58646950731 4.75265468451 15.5290440307 25.0279257387 0.0002 0.0002
149.761742 2.17127567819 1.16809326605 -4.03496062475 1.79586918532 18.5483720195 23.0221356977 0.0002 0.0002
149.761742 2.17127567819 1.16809326605 -4.03496062475 1.79586918532 18.5483720195 23.0221356977 0.0002 0.0002
149.961742 2.18165860765 1.17687306098 -2.70838774089 0.0536186070186 19.9038870871 22.6540930196 0.0002 0.0002
149.961742 2.18165860765 1.17687306098 -2.70838774089 0.0536186070186 19.9038870871 22.6540930196 0.0002 0.0002
150.471742 2.20637736876 1.19869704303 1.20134796832 -4.62360860357 20.6987244529 24.9112247143 0.0002 0.0002
150.968217 2.23106978992 1.21694325961 1.14274503059 -5.069592163 19.5349408813 29.7236565649 0.0002 0.0002
150.968217 2.23106978992 1.21694325961 1.14274503059 -5.069592163 19.5349408813 29.7236565649 0.0002 0.0002
150.968217 2.23106978992 1.21694325961 1.14274503059 -5.069592163 19.5349408813 29.7236565649 0.0002 0.0002
153.973287 2.4155865644 1.28368549793 0.78803244668 -7.76904694909 13.7328194077 68.3046658015 0.0002 0.0002
154.283287 2.43838817561 1.28810199026 -0.242548827133 -2.72225749816 13.5649982921 71.582020161 0.0002 0.0002
154.283287 2.43838817561 1.28810199026 -0.242548827133 -2.72225749816 13.5649982921 71.582020161 0.0002 0.0002
154.483287 2.45303209375 1.29088366516 -0.913361142672 0.695250700953 13.7954487116 71.9887142292 0.0002 0.0002
154.483287 2.45303209375 1.29088366516 -0.913361142672 0.695250700953 13.7954487116 71.9887142292 0.0002 0.0002
154.993287 2.48808122092 1.29815460641 -2.84586171135 8.99074905889 15.6740089958 66.9442245472 0.0002 0.0002
155.304088 2.50684888721 1.30299948712 -3.02628499652 8.61082151265 17.4990780648 61.473638812 0.0002 0.0002
155.304088 2.50684888721 1.30299948712 -3.02628499652 8.61082151265 17.4990780648 61.473638812 0.0002 0.0002
155.960731 2.54053387286 1.31476264967 -3.40747323995 7.80813180528 21.7237603745 50.6922480485 0.0002 0.0002
156.270731 2.55418387045 1.32116264618 -2.83898787847 5.97032674004 23.6665003569 46.4347952154 0.0002 0.0002
156.270731 2.55418387045 1.32116264618 -2.83898787847 5.97032674004 23.6665003569 46.4347952154 0.0002 0.0002
156.470731 2.56244740147 1.32557726633 -2.41189768674 4.91310788336 24.7181047034 44.2610568795 0.0002 0.0002
156.470731 2.56244740147 1.32557726633 -2.41189768674 4.91310788336 24.7181047034 44.2610568795 0.0002 0.0002
156.980731 2.58226625422 1.33767770082 -1.16321161789 2.54285635861 26.5576692211 40.4917126518 0.0002 0.0002
157.477206 2.60056057577 1.35033276103 -1.20720027078 2.45131315335 27.7345194635 38.0122323433 0.0002 0.0002
157.477206 2.60056057577 1.35033276103 -1.20720027078 2.45131315335 27.7345194635 38.0122323433 0.0002 0.0002
157.477206 2.60056057577 1.35033276103 -1.20720027078 2.45131315335 27.7345194635 38.0122323433 0.0002 0.0002
158.548502 2.6374497112 1.38059796007 -1.30211918491 2.25378081109 30.4227433591 32.9716839996 0.0002 0.0002
158.548502 2.6374497112 1.38059796007 -1.30211918491 2.25378081109 30.4227433591 32.9716839996 0.0002 0.0002
158.813005 2.64604642611 1.38876761579 -1.32555466636 2.20501007254 31.1177709758 31.7923204345 0.0002 0.0002
158.813005 2.64604642611 1.38876761579 -1.32555466636 2.20501007254 31.1177709758 31.7923204345 0.0002 0.0002
165.740498 2.81627853408 1.785896242 -1.93934405153 0.927675033211 53.7353339897 10.0906662932 0.0002 0.0002
165.740498 2.81627853408 1.785896242 -1.93934405153 0.927675033211 53.7353339897 10.0906662932 0.0002 0.0002
168.065698 2.85617857788 2.07099352965 -2.14536130458 0.498939928976 63.2330908837 6.77350118317 0.0002 0.0002
168.065698 2.85617857788 2.07099352965 -2.14536130458 0.498939928976 63.2330908837 6.77350118317 0.0002 0.0002
168.277698 2.85950729797 2.10277777028 -2.16414491788 0.45985002613 64.1467062029 6.57023771269 0.0002 0.0002
168.277698 2.85950729797 2.10277777028 -2.16414491788 0.45985002613 64.1467062029 6.57023771269 0.0002 0.0002
