0.0 0.0 0.0 -1.25287976099 0.789987518004 5.79735938488 9.99584375794 0.0002 0.0002
0.0 0.0 0.0 -1.25287976099 0.789987518004 5.79735938488 9.99584375794 0.0002 0.0002
0.0 0.0 0.0 -1.25287976099 0.789987518004 5.79735938488 9.99584375794 0.0002 0.0002
0.423 0.066753540216 0.0437532690482 -1.4403765648 0.721260357547 6.93660681069 9.35658590658 0.0002 0.0002
0.423 0.066753540216 0.0437532690482 -1.4403765648 0.721260357547 6.93660681069 9.35658590658 0.0002 0.0002
0.877 0.126493679056 0.0939926370906 -1.64161426913 0.647496454835 8.3358306493 8.73517031376 0.0002 0.0002
0.877 0.126493679056 0.0939926370906 -1.64161426913 0.647496454835 8.3358306493 8.73517031376 0.0002 0.0002
1.357 0.179054848887 0.150908639629 -1.85437659969 0.569508187651 10.0139062663 8.15100808537 0.0002 0.0002
1.357 0.179054848887 0.150908639629 -1.85437659969 0.569508187651 10.0139062663 8.15100808537 0.0002 0.0002
1.89 0.227461469232 0.218724550225 -2.09063143759 0.482908715965 12.1165955502 7.59006987574 0.0002 0.0002
1.89 0.227461469232 0.218724550225 -2.09063143759 0.482908715965 12.1165955502 7.59006987574 0.0002 0.0002
2.475 0.271287727347 0.298608182672 -2.34993552796 0.387860515334 14.714327225 7.08066987543 0.0002 0.0002
2.475 0.271287727347 0.298608182672 -2.34993552796 0.387860515334 14.714327225 7.08066987543 0.0002 0.0002
3.06 0.30763187344 0.383756269393 -2.60923961834 0.292812314703 17.6154446856 6.68247626986 0.0002 0.0002
3.06 0.30763187344 0.383756269393 -2.60923961834 0.292812314703 17.6154446856 6.68247626986 0.0002 0.0002
3.645 0.33818367368 0.473361134349 -2.86854370871 0.197764114072 20.819947932 6.39548905903 0.0002 0.0002
3.645 0.33818367368 0.473361134349 -2.86854370871 0.197764114072 20.819947932 6.39548905903 0.0002 0.0002
4.6635 0.381056842021 0.636334330528 -3.31999877888 0.0322827596395 27.1229784556 6.16118631815 0.0002 0.0002
5.0 0.393275533142 0.68962794033 2.9466501061 -1.50789321957 27.2519470949 6.64533124673 0.0002 0.0002
5.0 0.393275533142 0.68962794033 2.9466501061 -1.50789321957 27.2519470949 6.64533124673 0.0002 0.0002
5.3365 0.406442290767 0.735547309062 8.32634033917 -3.52593149772 23.3578332421 8.29691936867 0.0002 0.0002
5.7585 0.427704833722 0.778648441223 7.0557433696 -4.20912307319 16.866593917 11.5611123976 0.0002 0.0002
6.025 0.445141630862 0.800001877815 3.52089764915 -1.97658514091 14.0965294693 13.2392607424 0.0002 0.0002
6.025 0.445141630862 0.800001877815 3.52089764915 -1.97658514091 14.0965294693 13.2392607424 0.0002 0.0002
6.2915 0.465018789981 0.819693318601 0.743291012679 0.666344944999 12.9797214591 13.5947216436 0.0002 0.0002
6.973 0.519601798259 0.871509033735 0.661778002888 0.593956804405 12.022166925 12.7358260014 0.0002 0.0002
6.973 0.519601798259 0.871509033735 0.661778002888 0.593956804405 12.022166925 12.7358260014 0.0002 0.0002
7.482 0.563133200077 0.912423969958 0.600897413037 0.539891413998 11.3794651383 12.1586972582 0.0002 0.0002
7.482 0.563133200077 0.912423969958 0.600897413037 0.539891413998 11.3794651383 12.1586972582 0.0002 0.0002
7.992 0.609158621209 0.955314830879 0.539897214954 0.48571980475 10.797659878 11.6356355367 0.0002 0.0002
7.992 0.609158621209 0.955314830879 0.539897214954 0.48571980475 10.797659878 11.6356355367 0.0002 0.0002
8.498 0.657200049455 0.999711114139 0.479375449798 0.431973070868 10.2819079096 11.1712829416 0.0002 0.0002
8.498 0.657200049455 0.999711114139 0.479375449798 0.431973070868 10.2819079096 11.1712829416 0.0002 0.0002
8.9873 0.705861015825 1.04432598128 0.420851142108 0.380000191642 9.84142703819 10.7739844242 0.0002 0.0002
8.9873 0.705861015825 1.04432598128 0.420851142108 0.380000191642 9.84142703819 10.7739844242 0.0002 0.0002
9.4566 0.75448543446 1.0885888119 0.364718999049 0.330151689249 9.47275897095 10.4407101465 0.0002 0.0002
9.4566 0.75448543446 1.0885888119 0.364718999049 0.330151689249 9.47275897095 10.4407101465 0.0002 0.0002
9.9277 0.805092981339 1.1343606076 0.308371561173 0.280111992941 9.15566600803 10.1532149259 0.0002 0.0002
9.9277 0.805092981339 1.1343606076 0.308371561173 0.280111992941 9.15566600803 10.1532149259 0.0002 0.0002
16.240021 1.52426352844 1.77965505857 -0.446633990515 -0.390375431889 10.0284228443 10.8492331471 0.0002 0.0002
16.240021 1.52426352844 1.77965505857 -0.446633990515 -0.390375431889 10.0284228443 10.8492331471 0.0002 0.0002
17.480021 1.64187692492 1.88872657728 -0.384257937794 -0.522205025018 11.0678384446 11.9818486835 0.0002 0.0002
17.480021 1.64187692492 1.88872657728 -0.384257937794 -0.522205025018 11.0678384446 11.9818486835 0.0002 0.0002
17.480021 1.64187692492 1.88872657728 -0.384257937794 -0.522205025018 11.0678384446 11.9818486835 0.0002 0.0002
17.480021 1.64187692492 1.88872657728 -0.384257937794 -0.522205025018 11.0678384446 11.9818486835 0.0002 0.0002
18.720021 1.74977852503 1.98667943932 -0.285913571929 -0.654034618147 11.9061986433 13.4416950832 0.0002 0.0002
18.720021 1.74977852503 1.98667943932 -0.730698711653 -0.151887257365 11.9061986433 13.4416950832 0.0002 0.0002
20.0 1.84912574858 2.08027209005 -0.895603247829 -0.249308585053 13.9878309991 13.9552173364 0.0002 0.0002
20.0 1.84912574858 2.08027209005 -0.895603247829 -0.249308585053 13.9878309991 13.9552173364 0.0002 0.0002
22.328798 1.99300877461 2.23913320462 -1.195631103 -0.426557268883 18.8578933729 15.5291723853 0.0002 0.0002
22.595298 2.00671248327 2.25641467252 -4.46621585282 2.024498567 20.3455124189 15.0971098655 0.0002 0.0002
22.595298 2.00671248327 2.25641467252 -4.46621585282 2.024498567 20.3455124189 15.0971098655 0.0002 0.0002
22.861798 2.01892176798 2.27499619924 -8.51611981222 4.13227919439 23.7565494793 13.4323973281 0.0002 0.0002
23.218798 2.03224346402 2.30484388638 -9.62100139147 3.65187082566 30.2315017491 10.6534557709 0.0002 0.0002
23.355298 2.03658609395 2.31823262492 -7.37645205425 2.67215690268 32.560312643 9.79341884738 0.0002 0.0002
23.355298 2.03658609395 2.31823262492 -7.37645205425 2.67215690268 32.560312643 9.79341884738 0.0002 0.0002
23.555298 2.04250747847 2.33964956452 -3.52758953226 1.44169902635 34.7586829936 8.97714780245 0.0002 0.0002
23.555298 2.04250747847 2.33964956452 -3.52758953226 1.44169902635 34.7586829936 8.97714780245 0.0002 0.0002
23.891798 2.05207843963 2.37833601978 3.50019843333 -0.368960897343 34.7681140018 8.62410670828 0.0002 0.0002
27.336298 2.20259346535 2.71332197382 2.18737457241 -0.822736262327 15.1772687836 12.7289075748 0.0002 0.0002
27.336298 2.20259346535 2.71332197382 2.18737457241 -0.822736262327 15.1772687836 12.7289075748 0.0002 0.0002
28.003298 2.25117642619 2.7635144888 1.9331566844 -0.910606248811 12.4288744353 13.8850470297 0.0002 0.0002
28.003298 2.25117642619 2.7635144888 1.9331566844 -0.910606248811 12.4288744353 13.8850470297 0.0002 0.0002
28.805298 2.32476680989 2.81833331264 1.62748540077 -1.01626101517 9.57323948296 15.4303945754 0.0002 0.0002
28.855298 2.33003189809 2.82156455936 1.33893424376 -0.578920861897 9.42498918021 15.5101917204 0.0002 0.0002
28.855298 2.33003189809 2.82156455936 1.33893424376 -0.578920861897 9.42498918021 15.5101917204 0.0002 0.0002
29.055298 2.35169933933 2.83446085464 0.245460495365 1.17833911104 9.11050572738 15.3893850452 0.0002 0.0002
29.055298 2.35169933933 2.83446085464 0.245460495365 1.17833911104 9.11050572738 15.3893850452 0.0002 0.0002
29.305298 2.37899264545 2.85122552105 -1.101032978 3.20638805511 9.32188517453 14.2799470277 0.0002 0.0002
32.666098 2.63156295916 3.61577835318 -1.89861941447 0.551411078272 19.4031169352 1.6507357002 0.0002 0.0002
32.716098 2.63412865605 3.64655617499 -1.29271293247 0.461455138698 19.5627675447 1.6001190132 0.0002 0.0002
32.716098 2.63412865605 3.64655617499 -1.29271293247 0.461455138698 19.5627675447 1.6001190132 0.0002 0.0002
32.916098 2.64430311948 3.77727532781 1.17362008437 0.125350127928 19.5867886343 1.4837358791 0.0002 0.0002
32.916098 2.64430311948 3.77727532781 1.17362008437 0.125350127928 19.5867886343 1.4837358791 0.0002 0.0002
33.166098 2.65743598596 3.94552271711 4.06306948166 -0.280667353738 18.2601230354 1.52206246857 0.0002 0.0002
36.526898 3.28789754613 4.88342652806 0.840600517365 -2.66266170903 1.77986890271 11.4140027827 0.0002 0.0002
36.576898 3.31664020394 4.88775960415 0.720633359552 -2.20383382085 1.70186228825 11.6574995375 0.0002 0.0002
36.576898 3.31664020394 4.88775960415 0.720633359552 -2.20383382085 1.70186228825 11.6574995375 0.0002 0.0002
36.776898 3.44279603363 4.90447172214 0.29243112557 -0.222914926922 1.50150808905 12.1484086318 0.0002 0.0002
36.776898 3.44279603363 4.90447172214 0.29243112557 -0.222914926922 1.50150808905 12.1484086318 0.0002 0.0002
37.026898 3.61297693893 4.92532132188 -0.192683526336 2.26322978138 1.47700231019 11.6291296965 0.0002 0.0002
37.333412 3.80993521517 4.95334345734 -0.407912659763 2.1018640703 1.66109344957 10.2911673197 0.0002 0.0002
37.333412 3.80993521517 4.95334345734 -0.407912659763 2.1018640703 1.66109344957 10.2911673197 0.0002 0.0002
40.387698 4.62003966825 5.62129221303 -2.5525824922 0.493921097951 10.7032923453 2.36289702128 0.0002 0.0002
40.437698 4.62465937959 5.64265716849 -2.10854003108 0.366119553188 10.9365186833 2.31992634018 0.0002 0.0002
40.437698 4.62465937959 5.64265716849 -2.10854003108 0.366119553188 10.9365186833 2.31992634018 0.0002 0.0002
40.637698 4.64246655528 5.73039273183 -0.188932967562 -0.123838638145 11.4014542725 2.27202808315 0.0002 0.0002
40.637698 4.64246655528 5.73039273183 -0.188932967562 -0.123838638145 11.4014542725 2.27202808315 0.0002 0.0002
40.887698 4.66470501698 5.83663351661 2.21532726913 -0.769206347334 10.885407082 2.49130367264 0.0002 0.0002
41.194212 4.69472760618 5.94856033709 2.04897748969 -0.965036233478 9.57833797311 3.02287330306 0.0002 0.0002
41.194212 4.69472760618 5.94856033709 2.04897748969 -0.965036233478 9.57833797311 3.02287330306 0.0002 0.0002
44.248498 5.43843837323 0.138238903508 0.391370325134 -2.91640054189 2.12481780715 14.877891306 0.0002 0.0002
44.298498 5.46216715533 0.141569293915 0.275664336662 -2.30620861927 2.09148961543 15.1392063961 0.0002 0.0002
44.298498 5.46216715533 0.141569293915 0.275664336662 -2.30620861927 2.09148961543 15.1392063961 0.0002 0.0002
44.498498 5.5589538151 0.154531222457 -0.173340996173 0.276025237324 2.07125316849 15.5498957036 0.0002 0.0002
44.498498 5.5589538151 0.154531222457 -0.173340996173 0.276025237324 2.07125316849 15.5498957036 0.0002 0.0002
44.748498 5.674657522 0.170971394107 -0.775442760631 3.41097751464 2.3043468506 14.6115131717 0.0002 0.0002
44.854298 5.71896328103 0.178395489968 -0.848964137855 3.31949086319 2.47620910046 13.8994296173 0.0002 0.0002
44.854298 5.71896328103 0.178395489968 -0.848964137855 3.31949086319 2.47620910046 13.8994296173 0.0002 0.0002
45.055012 5.79465659037 0.193561828949 -0.988442112411 3.14593082767 2.84500225858 12.6017289681 0.0002 0.0002
45.055012 5.79465659037 0.193561828949 -0.988442112411 3.14593082767 2.84500225858 12.6017289681 0.0002 0.0002
48.109298 0.0 0.98906797338 -3.1108930874 0.504849554508 15.3655443687 1.45120155772 0.0002 0.0002
48.159298 0.0 1.02409173727 -2.45990950249 0.400105082221 15.6442880208 1.40598682945 0.0002 0.0002
48.159298 0.0 1.02409173727 -2.45990950249 0.400105082221 15.6442880208 1.40598682945 0.0002 0.0002
48.359298 0.00742304561014 1.17199611534 0.299861695447 0.00743573978861 16.0814154512 1.32541756938 0.0002 0.0002
48.359298 0.00742304561014 1.17199611534 0.299861695447 0.00743573978861 16.0814154512 1.32541756938 0.0002 0.0002
48.609298 0.0233332371903 1.35541768368 3.64613339189 -0.488319627763 15.0765089308 1.44349141228 0.0002 0.0002
48.715098 0.030534924319 1.42606179449 3.54582265334 -0.579091661398 14.3155999812 1.55642352667 0.0002 0.0002
48.715098 0.030534924319 1.42606179449 3.54582265334 -0.579091661398 14.3155999812 1.55642352667 0.0002 0.0002
48.915812 0.0452880012082 1.54548798606 3.35552237377 -0.751295989933 12.9304034154 1.82345095372 0.0002 0.0002
48.915812 0.0452880012082 1.54548798606 3.35552237377 -0.751295989933 12.9304034154 1.82345095372 0.0002 0.0002
51.970098 0.895554908879 2.18363609575 0.459703050355 -3.37174732757 1.27761381568 14.4164044358 0.0002 0.0002
52.020098 0.935357664323 2.1870666594 0.359956189086 -2.79017897857 1.23665977784 14.724718562 0.0002 0.0002
52.020098 0.935357664323 2.1870666594 0.359956189086 -2.79017897857 1.23665977784 14.724718562 0.0002 0.0002
52.220098 1.10344740793 2.20029693399 -0.0166126600995 -0.279570303479 1.16875676446 15.345702526 0.0002 0.0002
52.220098 1.10344740793 2.20029693399 -0.0166126600995 -0.279570303479 1.16875676446 15.345702526 0.0002 0.0002
52.470098 1.30993393561 2.2168040105 -0.496511322937 2.8708109352 1.29481944813 14.6862049929 0.0002 0.0002
52.575898 1.38829762451 2.22416005353 -0.598365049212 2.80423440542 1.4106573683 14.0857851958 0.0002 0.0002
52.575898 1.38829762451 2.22416005353 -0.598365049212 2.80423440542 1.4106573683 14.0857851958 0.0002 0.0002
55.830898 2.15807172146 2.80510121601 -3.73195558818 0.755967822928 15.505851043 2.49732694255 0.0002 0.0002
55.880898 2.16126025615 2.82541247103 -3.08571999359 0.618259852655 15.846983814 2.42866565983 0.0002 0.0002
55.880898 2.16126025615 2.82541247103 -3.08571999359 0.618259852655 15.846983814 2.42866565983 0.0002 0.0002
56.080898 2.1735456657 2.91091874811 -0.290529583829 0.110194623129 16.5302304566 2.28465244289 0.0002 0.0002
56.080898 2.1735456657 2.91091874811 -0.290529583829 0.110194623129 16.5302304566 2.28465244289 0.0002 0.0002
56.330898 2.18888173005 3.01925311142 3.21335208983 -0.511009478577 15.7858947843 2.3830671216 0.0002 0.0002
56.436698 2.19573132727 3.06263755497 3.13744560209 -0.566999352088 15.1139803885 2.49712045588 0.0002 0.0002
56.436698 2.19573132727 3.06263755497 3.13744560209 -0.566999352088 15.1139803885 2.49712045588 0.0002 0.0002
59.691698 2.78193377747 3.70583979523 0.802137307253 -2.28956115054 2.29063801859 11.795224892 0.0002 0.0002
59.741698 2.80413115435 3.71004096657 0.672427017517 -1.80725044079 2.21696182078 12.0002102405 0.0002 0.0002
59.741698 2.80413115435 3.71004096657 0.672427017517 -1.80725044079 2.21696182078 12.0002102405 0.0002 0.0002
59.941698 2.89874840802 3.72639839328 0.200278572013 0.232455551147 2.04436633822 12.3187766216 0.0002 0.0002
59.941698 2.89874840802 3.72639839328 0.200278572013 0.232455551147 2.04436633822 12.3187766216 0.0002 0.0002
60.191698 3.02126857404 3.7471553565 -0.358398395281 2.70609155705 2.08321292413 11.5708901633 0.0002 0.0002
60.498212 3.16013401829 3.77568328019 -0.52443305183 2.4856162959 2.35381312231 9.97955902243 0.0002 0.0002
60.498212 3.16013401829 3.77568328019 -0.52443305183 2.4856162959 2.35381312231 9.97955902243 0.0002 0.0002
62.097498 3.62453816219 4.03599435919 -1.39074552609 1.33525122776 5.41673140947 3.86889908397 0.0002 0.0002
62.097498 3.62453816219 4.03599435919 -1.39074552609 1.33525122776 5.41673140947 3.86889908397 0.0002 0.0002
63.552498 3.81765848071 4.68294833835 -2.17890014636 0.288670957477 10.6105658629 1.50609230444 0.0002 0.0002
63.602498 3.82232528168 4.71643765904 -1.86276183093 0.205750075037 10.8127558875 1.48138431658 0.0002 0.0002
63.602498 3.82232528168 4.71643765904 -1.86276183093 0.205750075037 10.8127558875 1.48138431658 0.0002 0.0002
63.802498 3.84035162526 4.85324793408 -0.50116554631 -0.118030657524 11.2895824027 1.4639873717 0.0002 0.0002
63.802498 3.84035162526 4.85324793408 -0.50116554631 -0.118030657524 11.2895824027 1.4639873717 0.0002 0.0002
64.052498 3.86254015328 5.01702450843 1.25502581711 -0.543704852943 11.0985857439 1.62726843233 0.0002 0.0002
68.445984 4.52912341833 5.84727719382 0.235650803648 -4.041754779 4.54931888012 21.7734211288 0.0002 0.0002
68.445984 4.52912341833 5.84727719382 0.235650803648 -4.041754779 4.54931888012 21.7734211288 0.0002 0.0002
68.646698 4.5736770086 5.8561641434 0.189081214841 -4.20156127272 4.46406921776 23.4279700668 0.0002 0.0002
68.646698 4.5736770086 5.8561641434 0.189081214841 -4.20156127272 4.46406921776 23.4279700668 0.0002 0.0002
68.752498 4.59747954799 5.86059599295 0.164533537569 -4.28579818213 4.42665677695 24.3259326972 0.0002 0.0002
68.802498 4.60879006438 5.86263439557 0.0304909936255 -3.63963065388 4.41691005542 24.7223874179 0.0002 0.0002
68.802498 4.60879006438 5.86263439557 0.0304909936255 -3.63963065388 4.41691005542 24.7223874179 0.0002 0.0002
69.002498 4.65376996651 5.87054963205 -0.511436536499 -0.890544059819 4.51239400414 25.6351834359 0.0002 0.0002
69.002498 4.65376996651 5.87054963205 -0.511436536499 -0.890544059819 4.51239400414 25.6351834359 0.0002 0.0002
69.252498 4.70699864635 5.88032988936 -1.25915378618 2.62678619753 4.9499961731 25.1960362166 0.0002 0.0002
69.7 4.78798633318 5.89895770377 -1.49289178831 2.48647570057 6.18154207177 22.9078412907 0.0002 0.0002
69.7 4.78798633318 5.89895770377 -1.49289178831 2.48647570057 6.18154207177 22.9078412907 0.0002 0.0002
70.002498 4.8335588085 5.91261014437 -1.65089170377 2.39162999103 7.13253029056 21.4322240752 0.0002 0.0002
70.002498 4.8335588085 5.91261014437 -1.65089170377 2.39162999103 7.13253029056 21.4322240752 0.0002 0.0002
70.251298 4.86652988954 5.92454976861 -1.78084422896 2.31362083879 7.98634619062 20.2615576687 0.0002 0.0002
70.251298 4.86652988954 5.92454976861 -1.78084422896 2.31362083879 7.98634619062 20.2615576687 0.0002 0.0002
71.491298 4.98837517208 5.99579796526 -2.19319041118 1.92448012396 12.9565711052 15.0015934645 0.0002 0.0002
71.491298 4.98837517208 5.99579796526 -2.19319041118 1.92448012396 12.9565711052 15.0015934645 0.0002 0.0002
71.491298 4.98837517208 5.99579796526 -2.19319041118 1.92448012396 12.9565711052 15.0015934645 0.0002 0.0002
71.491298 4.98837517208 5.99579796526 -2.19319041118 1.92448012396 12.9565711052 15.0015934645 0.0002 0.0002
72.731298 5.06787044412 6.09388102397 -2.40617152372 1.53533940913 18.7088770991 10.7075648282 0.0002 0.0002
72.731298 5.06787044412 6.09388102397 -2.40617152372 1.53533940913 18.7088770991 10.7075648282 0.0002 0.0002
73.630098 5.11090727067 6.18994361378 -2.73235612771 1.25352821125 23.3273857522 8.20093061104 0.0002 0.0002
73.680098 5.11303894638 6.19608515502 -2.24621818795 1.06504403979 23.5764032157 8.08504329389 0.0002 0.0002
73.680098 5.11303894638 6.19608515502 -2.24621818795 1.06504403979 23.5764032157 8.08504329389 0.0002 0.0002
73.880098 5.12141008167 6.22133842822 -0.226986473013 0.34887812745 24.0738839545 7.80386030172 0.0002 0.0002
73.880098 5.12141008167 6.22133842822 -0.226986473013 0.34887812745 24.0738839545 7.80386030172 0.0002 0.0002
74.130098 5.1318630548 6.2534361366 2.30243485535 -0.518139940946 23.5503492728 7.84580274729 0.0002 0.0002
74.436612 5.14527958782 0.00852426691225 2.22042299581 -0.567695546548 22.1640300214 8.1786265259 0.0002 0.0002
74.436612 5.14527958782 0.00852426691225 2.22042299581 -0.567695546548 22.1640300214 8.1786265259 0.0002 0.0002
75.985612 5.22781707021 0.177895210301 1.80596763515 -0.818129892377 15.9271509341 10.3252701308 0.0002 0.0002
75.985612 5.22781707021 0.177895210301 1.80596763515 -0.818129892377 15.9271509341 10.3252701308 0.0002 0.0002
78.030098 5.39339038676 0.346677308915 1.25893846634 -1.14867186395 9.66099331826 14.3463687864 0.0002 0.0002
78.080098 5.39859793798 0.350149785224 1.04947145056 -0.859777020213 9.54561233734 14.4468256391 0.0002 0.0002
78.080098 5.39859793798 0.350149785224 1.04947145056 -0.859777020213 9.54561233734 14.4468256391 0.0002 0.0002
78.280098 5.41989857538 0.363904524114 0.246384435695 0.319069327426 9.28785212783 14.5555637111 0.0002 0.0002
78.280098 5.41989857538 0.363904524114 0.246384435695 0.319069327426 9.28785212783 14.5555637111 0.0002 0.0002
78.530098 5.44675752334 0.381323209903 -0.740636310509 1.75430618772 9.41036785697 14.0327354702 0.0002 0.0002
78.635898 5.45790713422 0.388963633747 -0.758046443818 1.72356314092 9.56892849238 13.6647768952 0.0002 0.0002
78.635898 5.45790713422 0.388963633747 -0.758046443818 1.72356314092 9.56892849238 13.6647768952 0.0002 0.0002
78.836612 5.47855149732 0.4040324313 -0.791075342657 1.66524026858 9.87985892263 12.9845966077 0.0002 0.0002
78.836612 5.47855149732 0.4040324313 -0.791075342657 1.66524026858 9.87985892263 12.9845966077 0.0002 0.0002
83.821298 5.82464252483 1.22053052652 -1.61134044442 0.216805155687 21.8551472626 3.60319112998 0.0002 0.0002
83.871298 5.82692258622 1.23444392901 -1.22584698738 0.138143182471 21.9970489556 3.58544900393 0.0002 0.0002
83.871298 5.82692258622 1.23444392901 -1.22584698738 0.138143182471 21.9970489556 3.58544900393 0.0002 0.0002
84.071298 5.83595692448 1.29033109617 0.345986393308 -0.174354863047 22.1738655835 3.59265697906 0.0002 0.0002
84.071298 5.83595692448 1.29033109617 0.345986393308 -0.174354863047 22.1738655835 3.59265697906 0.0002 0.0002
84.271298 5.84504809478 1.34515100176 1.89810311261 -0.496884111281 21.7228937571 3.72626784047 0.0002 0.0002
84.271298 5.84504809478 1.34515100176 1.89810311261 -0.496884111281 21.7228937571 3.72626784047 0.0002 0.0002
84.321298 5.84736060261 1.35847564624 2.27258862573 -0.581230710023 21.5142969573 3.78015751116 0.0002 0.0002
84.427098 5.85233380175 1.38600892395 2.24227292776 -0.618674208716 21.036624605 3.90710745156 0.0002 0.0002
84.427098 5.85233380175 1.38600892395 2.24227292776 -0.618674208716 21.036624605 3.90710745156 0.0002 0.0002
84.627812 5.86208324763 1.43575694252 2.18476078217 -0.689708560292 20.1480569609 4.16971819066 0.0002 0.0002
84.627812 5.86208324763 1.43575694252 2.18476078217 -0.689708560292 20.1480569609 4.16971819066 0.0002 0.0002
89.612498 0.072819628375 2.01579021437 0.756459881552 -2.45383033465 5.48699549557 19.8392725107 0.0002 0.0002
89.662498 0.0819917022926 2.01829588253 0.623418002767 -2.03157517804 5.41802679618 20.063624756 0.0002 0.0002
89.662498 0.0819917022926 2.01829588253 0.623418002767 -2.03157517804 5.41802679618 20.063624756 0.0002 0.0002
89.862498 0.119532907245 2.02812235752 0.112921375177 -0.272562914717 5.27161375793 20.5271651055 0.0002 0.0002
89.862498 0.119532907245 2.02812235752 0.112921375177 -0.272562914717 5.27161375793 20.5271651055 0.0002 0.0002
90.112498 0.166743889111 2.04037215471 -0.518127451868 1.93830566586 5.37200008237 20.106883804 0.0002 0.0002
90.218298 0.186237190594 2.04568820373 -0.543109329885 1.91327475317 5.48427893388 19.6993865957 0.0002 0.0002
90.218298 0.186237190594 2.04568820373 -0.543109329885 1.91327475317 5.48427893388 19.6993865957 0.0002 0.0002
90.419012 0.222106591801 2.05607924579 -0.590502644293 1.86578841473 5.71181072767 18.940875711 0.0002 0.0002
90.419012 0.222106591801 2.05607924579 -0.590502644293 1.86578841473 5.71181072767 18.940875711 0.0002 0.0002
95.297898 0.738503441152 2.51646334709 -1.74252282303 0.711507039998 17.0943760178 6.36654499906 0.0002 0.0002
95.297898 0.738503441152 2.51646334709 -1.74252282303 0.711507039998 17.0943760178 6.36654499906 0.0002 0.0002
95.403698 0.744626498089 2.53327872285 -1.76750470105 0.686476127317 17.4657369299 6.21863837996 0.0002 0.0002
95.453698 0.747475981808 2.54136020436 -1.3480820248 0.524073100513 17.6215798083 6.15813558348 0.0002 0.0002
95.453698 0.747475981808 2.54136020436 -1.3480820248 0.524073100513 17.6215798083 6.15813558348 0.0002 0.0002
95.653698 0.758726570686 2.57417061196 0.374601388842 -0.107672114313 17.8175559946 6.075394419 0.0002 0.0002
95.653698 0.758726570686 2.57417061196 0.374601388842 -0.107672114313 17.8175559946 6.075394419 0.0002 0.0002
95.903698 0.772977173916 2.61470575259 2.47135520709 -0.915124470882 17.0987252049 6.32851884597 0.0002 0.0002
101.194898 1.6937858356 3.05706908899 0.271909665653 -2.45139709284 2.58356211026 24.1414577439 0.0002 0.0002
101.244898 1.71323193641 3.05913047923 0.196519783344 -1.94587064486 2.56014896436 24.361399361 0.0002 0.0002
101.244898 1.71323193641 3.05913047923 0.196519783344 -1.94587064486 2.56014896436 24.361399361 0.0002 0.0002
101.444898 1.79195203115 3.06725648867 -0.099822577176 0.137211124892 2.5409188293 24.7252038819 0.0002 0.0002
101.444898 1.79195203115 3.06725648867 -0.099822577176 0.137211124892 2.5409188293 24.7252038819 0.0002 0.0002
101.694898 1.88823713021 3.0774724476 -0.482300757443 2.71130886312 2.68516933134 24.0066736665 0.0002 0.0002
101.800698 1.92688468697 3.08193282339 -0.530867736762 2.67450424276 2.79236255803 23.4368546399 0.0002 0.0002
101.800698 1.92688468697 3.08193282339 -0.530867736762 2.67450424276 2.79236255803 23.4368546399 0.0002 0.0002
102.001412 1.99601199098 3.09069738554 -0.623004529644 2.60468191222 3.02396087611 22.37724807 0.0002 0.0002
102.001412 1.99601199098 3.09069738554 -0.623004529644 2.60468191222 3.02396087611 22.37724807 0.0002 0.0002
104.444898 2.4891853341 3.24212555832 -1.74467498359 1.75466702948 8.80935261919 11.7252399618 0.0002 0.0002
104.444898 2.4891853341 3.24212555832 -1.74467498359 1.75466702948 8.80935261919 11.7252399618 0.0002 0.0002
106.986098 2.67877195642 3.57855539111 -2.91120057759 0.870660401248 20.6408635953 5.05375789487 0.0002 0.0002
107.036098 2.68117834226 3.58853055022 -2.42251192409 0.731657901322 20.907658001 4.97367462694 0.0002 0.0002
107.036098 2.68117834226 3.58853055022 -2.42251192409 0.731657901322 20.907658001 4.97367462694 0.0002 0.0002
107.236098 2.6905873507 3.62966176247 -0.373982778755 0.204898222567 21.470634137 4.78757577785 0.0002 0.0002
107.236098 2.6905873507 3.62966176247 -0.373982778755 0.204898222567 21.470634137 4.78757577785 0.0002 0.0002
107.486098 2.70229924579 3.6818603684 2.20851239778 -0.43554644915 21.0072692436 4.84465721617 0.0002 0.0002
107.792612 2.71737479006 3.74335450343 2.12275425885 -0.510816980575 19.6796753756 5.13473085646 0.0002 0.0002
107.792612 2.71737479006 3.74335450343 2.12275425885 -0.510816980575 19.6796753756 5.13473085646 0.0002 0.0002
112.046858 3.09744907478 4.27054236012 0.932478384003 -1.55553062247 6.68196412563 13.9254818813 0.0002 0.0002
112.046858 3.09744907478 4.27054236012 0.932478384003 -1.55553062247 6.68196412563 13.9254818813 0.0002 0.0002
112.777298 3.21857606119 4.3190008997 0.728111943974 -1.73490450742 5.46900252647 16.3289473176 0.0002 0.0002
112.827298 3.22777620909 4.32204783431 0.598877373935 -1.39526703925 5.40267664842 16.4855115827 0.0002 0.0002
112.827298 3.22777620909 4.32204783431 0.598877373935 -1.39526703925 5.40267664842 16.4855115827 0.0002 0.0002
113.027298 3.26539763996 4.33404439433 0.102140184333 0.00797722469684 5.26326556455 16.7645592977 0.0002 0.0002
113.027298 3.26539763996 4.33404439433 0.102140184333 0.00797722469684 5.26326556455 16.7645592977 0.0002 0.0002
113.227298 3.30331030327 4.3460432508 -0.387582387522 1.41067984154 5.32003134232 16.4792021873 0.0002 0.0002
113.227298 3.30331030327 4.3460432508 -0.387582387522 1.41067984154 5.32003134232 16.4792021873 0.0002 0.0002
113.277298 3.31267104253 4.34909150016 -0.512836146601 1.75001534187 5.36503626367 16.3211111974 0.0002 0.0002
113.383098 3.33219139981 4.3556481901 -0.537742874171 1.72368023663 5.47618752407 15.9535942052 0.0002 0.0002
113.383098 3.33219139981 4.3556481901 -0.537742874171 1.72368023663 5.47618752407 15.9535942052 0.0002 0.0002
113.583812 3.36811964415 4.36850747554 -0.584993620083 1.67371970436 5.70153645678 15.2716884734 0.0002 0.0002
113.583812 3.36811964415 4.36850747554 -0.584993620083 1.67371970436 5.70153645678 15.2716884734 0.0002 0.0002
115.622798 3.65567118593 4.53877843847 -1.06499805129 1.16618746517 9.06584637482 9.48115751345 0.0002 0.0002
115.622798 3.65567118593 4.53877843847 -1.06499805129 1.16618746517 9.06584637482 9.48115751345 0.0002 0.0002
117.267498 3.80655700877 4.75290749047 -1.45218231248 0.756798546466 13.2058529191 6.31842242011 0.0002 0.0002
117.267498 3.80655700877 4.75290749047 -1.45218231248 0.756798546466 13.2058529191 6.31842242011 0.0002 0.0002
118.462698 3.88637900774 4.97018755061 -1.7335482935 0.459296487954 17.0134381394 4.86494563497 0.0002 0.0002
118.462698 3.88637900774 4.97018755061 -1.7335482935 0.459296487954 17.0134381394 4.86494563497 0.0002 0.0002
118.568498 3.89253122052 4.99215085101 -1.75845502107 0.432961382708 17.3828920901 4.77054475226 0.0002 0.0002
118.618498 3.89539428993 5.00267491382 -1.34104387928 0.304773161668 17.5379302491 4.73367305636 0.0002 0.0002
118.618498 3.89539428993 5.00267491382 -1.34104387928 0.304773161668 17.5379302491 4.73367305636 0.0002 0.0002
118.818498 3.9066986171 5.04517032792 0.373349806234 -0.199245659682 17.7327415139 4.71270416174 0.0002 0.0002
118.818498 3.9066986171 5.04517032792 0.373349806234 -0.199245659682 17.7327415139 4.71270416174 0.0002 0.0002
119.068498 3.92101747967 5.09709378271 2.4599538886 -0.856071770571 17.0171065898 4.97387693419 0.0002 0.0002
122.440498 4.28992101109 5.50232863339 1.06269930349 -2.03084955628 5.1387200261 14.7085756483 0.0002 0.0002
122.440498 4.28992101109 5.50232863339 1.06269930349 -2.03084955628 5.1387200261 14.7085756483 0.0002 0.0002
124.359698 4.84438136539 5.60511364297 0.267440999885 -2.69948346088 2.58591475587 23.7870307748 0.0002 0.0002
124.409698 4.86380799891 5.60720450523 0.192056895605 -2.20388605746 2.56294802888 24.0322864848 0.0002 0.0002
124.409698 4.86380799891 5.60720450523 0.192056895605 -2.20388605746 2.56294802888 24.0322864848 0.0002 0.0002
124.609698 4.94241362131 5.61542254692 -0.104453868899 -0.149160238047 2.54552644969 24.5055921959 0.0002 0.0002
124.609698 4.94241362131 5.61542254692 -0.104453868899 -0.149160238047 2.54552644969 24.5055921959 0.0002 0.0002
124.859698 5.03848454282 5.62569984563 -0.487593235391 2.4169371181 2.69223606765 23.9335526045 0.0002 0.0002
124.965498 5.07702478205 5.63016812875 -0.536234456509 2.38669339672 2.80055703745 23.425328496 0.0002 0.0002
124.965498 5.07702478205 5.63016812875 -0.536234456509 2.38669339672 2.80055703745 23.425328496 0.0002 0.0002
125.166212 5.14593239784 5.63891502939 -0.628512094083 2.3293177985 3.0343379766 22.478759025 0.0002 0.0002
125.166212 5.14593239784 5.63891502939 -0.628512094083 2.3293177985 3.0343379766 22.478759025 0.0002 0.0002
129.341898 5.78165039902 5.95535834567 -2.54827075233 1.13566672164 16.2995856334 8.01007167403 0.0002 0.0002
129.341898 5.78165039902 5.95535834567 -2.54827075233 1.13566672164 16.2995856334 8.01007167403 0.0002 0.0002
130.150898 5.82568237336 6.06895042137 -2.92020598753 0.904408020393 20.723583316 6.35965120773 0.0002 0.0002
130.200898 5.82807916926 6.07686537634 -2.42950853691 0.736620525793 20.9911781492 6.27763321633 0.0002 0.0002
130.200898 5.82807916926 6.07686537634 -2.42950853691 0.736620525793 20.9911781492 6.27763321633 0.0002 0.0002
130.400898 5.83745097856 6.10926261368 -0.372702495588 0.0935525574434 21.5553050677 6.1126732621 0.0002 0.0002
130.400898 5.83745097856 6.10926261368 -0.372702495588 0.0935525574434 21.5553050677 6.1126732621 0.0002 0.0002
130.650898 5.84911724754 6.14988100782 2.21992337263 -0.705743422486 21.0887346205 6.26417989025 0.0002 0.0002
130.756698 5.85419060365 6.1665701893 2.19018290996 -0.7310454107 20.6221453758 6.41619214881 0.0002 0.0002
130.756698 5.85419060365 6.1665701893 2.19018290996 -0.7310454107 20.6221453758 6.41619214881 0.0002 0.0002
135.061658 6.22134649102 0.306366538714 0.980055290104 -1.76057326686 6.97439673402 17.1425108909 0.0002 0.0002
135.061658 6.22134649102 0.306366538714 0.980055290104 -1.76057326686 6.97439673402 17.1425108909 0.0002 0.0002
135.792098 0.0543467489372 0.345982225411 0.774728035345 -1.93525742821 5.69263280178 19.8420934638 0.0002 0.0002
135.842098 0.0631868120152 0.348490774473 0.640751573017 -1.5199557595 5.62188398216 20.0149155937 0.0002 0.0002
135.842098 0.0631868120152 0.348490774473 0.640751573017 -1.5199557595 5.62188398216 20.0149155937 0.0002 0.0002
136.042098 0.0993655997824 0.35838904969 0.126643112502 0.188011176417 5.46927250532 20.2828308401 0.0002 0.0002
136.042098 0.0993655997824 0.35838904969 0.126643112502 0.188011176417 5.46927250532 20.2828308401 0.0002 0.0002
136.242098 0.135878832485 0.368324302436 -0.37876795795 1.88321230559 5.51941247337 19.866212644 0.0002 0.0002
136.242098 0.135878832485 0.368324302436 -0.37876795795 1.88321230559 5.51941247337 19.866212644 0.0002 0.0002
136.292098 0.144903347105 0.370854023105 -0.507808632334 2.29139704688 5.56372554357 19.6574079074 0.0002 0.0002
136.397898 0.163735283431 0.376303370109 -0.531728324882 2.25775563555 5.67370855365 19.1761075536 0.0002 0.0002
136.397898 0.163735283431 0.376303370109 -0.531728324882 2.25775563555 5.67370855365 19.1761075536 0.0002 0.0002
139.002498 0.517230198409 0.569753556525 -1.12058684296 1.42956641104 9.97732863981 9.57210855105 0.0002 0.0002
139.002498 0.517230198409 0.569753556525 -1.12058684296 1.42956641104 9.97732863981 9.57210855105 0.0002 0.0002
141.496798 0.71009105471 0.963360666011 -1.68450829026 0.636449470738 16.9740774306 4.41884513714 0.0002 0.0002
141.633298 0.718046062373 0.99477465307 -0.696941400991 0.342197867153 17.3000165507 4.28561551873 0.0002 0.0002
141.633298 0.718046062373 0.99477465307 -0.696941400991 0.342197867153 17.3000165507 4.28561551873 0.0002 0.0002
141.833298 0.729579530695 1.04189035958 0.781244833412 -0.0716297122948 17.2830584915 4.23181012891 0.0002 0.0002
141.833298 0.729579530695 1.04189035958 0.781244833412 -0.0716297122948 17.2830584915 4.23181012891 0.0002 0.0002
142.169798 0.749679996858 1.11954816814 3.09724395586 -0.793892504507 15.9563364021 4.51842006513 0.0002 0.0002
147.464298 2.40377012312 1.66513552102 -0.417611470435 -2.70417077713 1.76902220796 23.0389161097 0.0002 0.0002
147.774298 2.56440726412 1.67822319845 -0.792829147943 -0.854449516435 2.14116522102 24.1513669186 0.0002 0.0002
147.774298 2.56440726412 1.67822319845 -0.792829147943 -0.854449516435 2.14116522102 24.1513669186 0.0002 0.0002
147.974298 2.65087825194 1.68647434903 -1.07463835349 0.395920247653 2.51336960925 24.2433919388 0.0002 0.0002
147.974298 2.65087825194 1.68647434903 -1.07463835349 0.395920247653 2.51336960925 24.2433919388 0.0002 0.0002
148.484298 2.8130178987 1.70817987761 -2.02889998036 3.391329847 4.06144196051 22.267154464 0.0002 0.0002
148.795099 2.87916152442 1.72283018268 -2.42043411292 3.21684145323 5.44429944604 20.2133282157 0.0002 0.0002
148.795099 2.87916152442 1.72283018268 -2.42043411292 3.21684145323 5.44429944604 20.2133282157 0.0002 0.0002
149.451742 2.97224893395 1.75909087293 -3.24764556786 2.84819211699 9.16620429186 16.230766377 0.0002 0.0002
149.761742 3.00306821712 1.7790176939 -2.27663428147 0.830554331446 10.9009728515 15.1047185928 0.0002 0.0002
149.761742 3.00306821712 1.7790176939 -2.27663428147 0.830554331446 10.9009728515 15.1047185928 0.0002 0.0002
149.961742 3.02076828354 1.79233344022 -1.45540470817 -0.384295146619 11.6513792777 15.0159388231 0.0002 0.0002
149.961742 3.02076828354 1.79233344022 -1.45540470817 -0.384295146619 11.6513792777 15.0159388231 0.0002 0.0002
150.471742 3.06328684083 1.82474811282 0.920701509024 -3.78200083987 11.9339259096 17.0701363903 0.0002 0.0002
150.968217 3.10651881883 1.85094436197 0.843833885613 -4.22709512958 11.0578781996 21.0464523117 0.0002 0.0002
150.968217 3.10651881883 1.85094436197 0.843833885613 -4.22709512958 11.0578781996 21.0464523117 0.0002 0.0002
150.968217 3.10651881883 1.85094436197 0.843833885613 -4.22709512958 11.0578781996 21.0464523117 0.0002 0.0002
153.973287 3.44552660767 1.9397514614 0.37856858709 -6.92116733298 7.38447320093 54.5477613901 0.0002 0.0002
154.283287 3.4878082201 1.94526286985 -0.245652593889 -2.60991617805 7.3436030118 57.526805548 0.0002 0.0002
154.283287 3.4878082201 1.94526286985 -0.245652593889 -2.60991617805 7.3436030118 57.526805548 0.0002 0.0002
154.483287 3.51476415343 1.94871990623 -0.657369080776 0.334244991675 7.52359493635 57.9834957606 0.0002 0.0002
154.483287 3.51476415343 1.94871990623 -0.657369080776 0.334244991675 7.52359493635 57.9834957606 0.0002 0.0002
154.993287 3.5782326664 1.95774244256 -1.87185260085 7.50280624078 8.78567917789 53.8956949809 0.0002 0.0002
155.304088 3.61139931627 1.96376987157 -2.03117955903 7.17241913954 9.99874547622 49.3346202574 0.0002 0.0002
155.304088 3.61139931627 1.96376987157 -2.03117955903 7.17241913954 9.99874547622 49.3346202574 0.0002 0.0002
155.960731 3.66927792134 1.97848353125 -2.36779666064 6.47439571838 12.887302418 40.3735348087 0.0002 0.0002
156.270731 3.69210847705 1.98653353784 -2.03996328361 4.89504702567 14.2585370039 36.8613588009 0.0002 0.0002
156.270731 3.69210847705 1.98653353784 -2.03996328361 4.89504702567 14.2585370039 36.8613588009 0.0002 0.0002
156.470731 3.70576357168 1.99209887929 -1.78187666989 3.99001084671 15.0240266076 35.0869456145 0.0002 0.0002
156.470731 3.70576357168 1.99209887929 -1.78187666989 3.99001084671 15.0240266076 35.0869456145 0.0002 0.0002
156.980731 3.73805247774 2.00737373741 -0.994224496444 1.96603602068 16.4534794927 32.0779672445 0.0002 0.0002
157.477206 3.76733969624 2.02333524343 -1.05422589462 1.89073515686 17.4704839006 30.1631767742 0.0002 0.0002
157.477206 3.76733969624 2.02333524343 -1.05422589462 1.89073515686 17.4704839006 30.1631767742 0.0002 0.0002
157.477206 3.76733969624 2.02333524343 -1.05422589462 1.89073515686 17.4704839006 30.1631767742 0.0002 0.0002
158.548502 3.82487308768 2.06139027626 -1.18369718292 1.72825061241 19.8679619419 26.2861717955 0.0002 0.0002
158.548502 3.82487308768 2.06139027626 -1.18369718292 1.72825061241 19.8679619419 26.2861717955 0.0002 0.0002
158.813005 3.83797883845 2.07163044432 -1.21566364612 1.68813317571 20.5026000793 25.3825280344 0.0002 0.0002
158.813005 3.83797883845 2.07163044432 -1.21566364612 1.68813317571 20.5026000793 25.3825280344 0.0002 0.0002
165.740498 4.07305657838 2.5401459958 -2.05288458542 0.637433327749 43.1454450734 9.27218236064 0.0002 0.0002
165.740498 4.07305657838 2.5401459958 -2.05288458542 0.637433327749 43.1454450734 9.27218236064 0.0002 0.0002
168.065698 4.1215422884 2.83021173356 -2.33389621951 0.284767899364 53.345587801 7.12788006736 0.0002 0.0002
168.065698 4.1215422884 2.83021173356 -2.33389621951 0.284767899364 53.345587801 7.12788006736 0.0002 0.0002
168.277698 4.12547983358 2.86019916496 -2.35951744195 0.252613645615 54.3405914973 7.01395517982 0.0002 0.0002
168.277698 4.12547983358 2.86019916496 -2.35951744195 0.252613645615 54.3405914973 7.01395517982 0.0002 0.0002
