0.0 0.0 0.0 -1.25287976099 0.789987518004 5.79735938488 9.99584375794 0.0002 0.0002
0.0 0.0 0.0 -1.25287976099 0.789987518004 5.79735938488 9.99584375794 0.0002 0.0002
0.0 0.0 0.0 -1.25287976099 0.789987518004 5.79735938488 9.99584375794 0.0002 0.0002
0.423 0.066753540216 0.0437532690482 -1.4403765648 0.721260357547 6.93660681069 9.35658590658 0.0002 0.0002
0.423 0.066753540216 0.0437532690482 -1.4403765648 0.721260357547 6.93660681069 9.35658590658 0.0002 0.0002
0.877 0.126493679056 0.0939926370906 -1.64161426913 0.647496454835 8.3358306493 8.73517031376 0.0002 0.0002
0.877 0.126493679056 0.0939926370906 -1.64161426913 0.647496454835 8.3358306493 8.73517031376 0.0002 0.0002
1.357 0.179054848887 0.150908639629 -1.85437659969 0.569508187651 10.0139062663 8.15100808537 0.0002 0.0002
1.357 0.179054848887 0.150908639629 -1.85437659969 0.569508187651 10.0139062663 8.15100808537 0.0002 0.0002
1.89 0.227461469232 0.218724550225 -2.09063143759 0.482908715965 12.1165955502 7.59006987574 0.0002 0.0002
1.89 0.227461469232 0.218724550225 -2.09063143759 0.482908715965 12.1165955502 7.59006987574 0.0002 0.0002
2.475 0.271287727347 0.298608182672 -2.34993552796 0.387860515334 14.714327225 7.08066987543 0.0002 0.0002
2.475 0.271287727347 0.298608182672 -2.34993552796 0.387860515334 14.714327225 7.08066987543 0.0002 0.0002
3.06 0.30763187344 0.383756269393 -2.60923961834 0.292812314703 17.6154446856 6.68247626986 0.0002 0.0002
3.06 0.30763187344 0.383756269393 -2.60923961834 0.292812314703 17.6154446856 6.68247626986 0.0002 0.0002
3.645 0.33818367368 0.473361134349 -2.86854370871 0.197764114072 20.819947932 6.39548905903 0.0002 0.0002
3.645 0.33818367368 0.473361134349 -2.86854370871 0.197764114072 20.819947932 6.39548905903 0.0002 0.0002
4.6635 0.381056842021 0.636334330528 -3.31999877888 0.0322827596395 27.1229784556 6.16118631815 0.0002 0.0002
5.0 0.393275533142 0.68962794033 2.9466501061 -1.50789321957 27.2519470949 6.64533124673 0.0002 0.0002
5.0 0.393275533142 0.68962794033 2.9466501061 -1.50789321957 27.2519470949 6.64533124673 0.0002 0.0002
5.3365 0.406442290767 0.735547309062 8.32634033917 -3.52593149772 23.3578332421 8.29691936867 0.0002 0.0002
5.7585 0.427704833722 0.778648441223 7.0557433696 -4.20912307319 16.866593917 11.5611123976 0.0002 0.0002
6.025 0.445141630862 0.800001877815 3.52089764915 -1.97658514091 14.0965294693 13.2392607424 0.0002 0.0002
6.025 0.445141630862 0.800001877815 3.52089764915 -1.97658514091 14.0965294693 13.2392607424 0.0002 0.0002
6.2915 0.465018789981 0.819693318601 0.743291012679 0.666344944999 12.9797214591 13.5947216436 0.0002 0.0002
6.973 0.519601798259 0.871509033735 0.661778002888 0.593956804405 12.022166925 12.7358260014 0.0002 0.0002
6.973 0.519601798259 0.871509033735 0.661778002888 0.593956804405 12.022166925 12.7358260014 0.0002 0.0002
7.482 0.563133200077 0.912423969958 0.600897413037 0.539891413998 11.3794651383 12.1586972582 0.0002 0.0002
7.482 0.563133200077 0.912423969958 0.600897413037 0.539891413998 11.3794651383 12.1586972582 0.0002 0.0002
7.992 0.609158621209 0.955314830879 0.539897214954 0.48571980475 10.797659878 11.6356355367 0.0002 0.0002
7.992 0.609158621209 0.955314830879 0.539897214954 0.48571980475 10.797659878 11.6356355367 0.0002 0.0002
8.498 0.657200049455 0.999711114139 0.479375449798 0.431973070868 10.2819079096 11.1712829416 0.0002 0.0002
8.498 0.657200049455 0.999711114139 0.479375449798 0.431973070868 10.2819079096 11.1712829416 0.0002 0.0002
8.9873 0.705861015825 1.04432598128 0.420851142108 0.380000191642 9.84142703819 10.7739844242 0.0002 0.0002
8.9873 0.705861015825 1.04432598128 0.420851142108 0.380000191642 9.84142703819 10.7739844242 0.0002 0.0002
9.4566 0.75448543446 1.0885888119 0.364718999049 0.330151689249 9.47275897095 10.4407101465 0.0002 0.0002
9.4566 0.75448543446 1.0885888119 0.364718999049 0.330151689249 9.47275897095 10.4407101465 0.0002 0.0002
9.9277 0.805092981339 1.1343606076 0.308371561173 0.280111992941 9.15566600803 10.1532149259 0.0002 0.0002
9.9277 0.805092981339 1.1343606076 0.308371561173 0.280111992941 9.15566600803 10.1532149259 0.0002 0.0002
16.240021 1.52426352844 1.77965505857 -0.446633990515 -0.390375431889 10.0284228443 10.8492331471 0.0002 0.0002
16.240021 1.52426352844 1.77965505857 -0.446633990515 -0.390375431889 10.0284228443 10.8492331471 0.0002 0.0002
17.480021 1.64187692492 1.88872657728 -0.384257937794 -0.522205025018 11.0678384446 11.9818486835 0.0002 0.0002
17.480021 1.64187692492 1.88872657728 -0.384257937794 -0.522205025018 11.0678384446 11.9818486835 0.0002 0.0002
17.480021 1.64187692492 1.88872657728 -0.384257937794 -0.522205025018 11.0678384446 11.9818486835 0.0002 0.0002
17.480021 1.64187692492 1.88872657728 -0.384257937794 -0.522205025018 11.0678384446 11.9818486835 0.0002 0.0002
18.720021 1.74977852503 1.98667943932 -0.285913571929 -0.654034618147 11.9061986433 13.4416950832 0.0002 0.0002
18.720021 1.74977852503 1.98667943932 -0.730698711653 -0.151887257365 11.9061986433 13.4416950832 0.0002 0.0002
20.0 1.84912574858 2.08027209005 -0.895603247829 -0.249308585053 13.9878309991 13.9552173364 0.0002 0.0002
20.0 1.84912574858 2.08027209005 -0.895603247829 -0.249308585053 13.9878309991 13.9552173364 0.0002 0.0002
22.328798 1.99300877461 2.23913320462 -1.195631103 -0.426557268883 18.8578933729 15.5291723853 0.0002 0.0002
22.595298 2.00671248327 2.25641467252 -4.46621585282 2.024498567 20.3455124189 15.0971098655 0.0002 0.0002
22.595298 2.00671248327 2.25641467252 -4.46621585282 2.024498567 20.3455124189 15.0971098655 0.0002 0.0002
22.861798 2.01892176798 2.27499619924 -8.51611981222 4.13227919439 23.7565494793 13.4323973281 0.0002 0.0002
23.218798 2.03224346402 2.30484388638 -9.62100139147 3.65187082566 30.2315017491 10.6534557709 0.0002 0.0002
23.355298 2.03658609395 2.31823262492 -7.37645205425 2.67215690268 32.560312643 9.79341884738 0.0002 0.0002
23.355298 2.03658609395 2.31823262492 -7.37645205425 2.67215690268 32.560312643 9.79341884738 0.0002 0.0002
23.555298 2.04250747847 2.33964956452 -3.52758953226 1.44169902635 34.7586829936 8.97714780245 0.0002 0.0002
23.555298 2.04250747847 2.33964956452 -3.52758953226 1.44169902635 34.7586829936 8.97714780245 0.0002 0.0002
23.891798 2.05207843963 2.37833601978 3.50019843333 -0.368960897343 34.7681140018 8.62410670828 0.0002 0.0002
27.336298 2.20259346535 2.71332197382 2.18737457241 -0.822736262327 15.1772687836 12.7289075748 0.0002 0.0002
27.336298 2.20259346535 2.71332197382 2.18737457241 -0.822736262327 15.1772687836 12.7289075748 0.0002 0.0002
28.003298 2.25117642619 2.7635144888 1.9331566844 -0.910606248811 12.4288744353 13.8850470297 0.0002 0.0002
28.003298 2.25117642619 2.7635144888 1.9331566844 -0.910606248811 12.4288744353 13.8850470297 0.0002 0.0002
28.805298 2.32476680989 2.81833331264 1.62748540077 -1.01626101517 9.57323948296 15.4303945754 0.0002 0.0002
28.855298 2.33003189809 2.82156455936 1.33893424376 -0.578920861897 9.42498918021 15.5101917204 0.0002 0.0002
28.855298 2.33003189809 2.82156455936 1.33893424376 -0.578920861897 9.42498918021 15.5101917204 0.0002 0.0002
29.055298 2.35169933933 2.83446085464 0.245460495365 1.17833911104 9.11050572738 15.3893850452 0.0002 0.0002
29.055298 2.35169933933 2.83446085464 0.245460495365 1.17833911104 9.11050572738 15.3893850452 0.0002 0.0002
29.305298 2.37899264545 2.85122552105 -1.101032978 3.20638805511 9.32188517453 14.2799470277 0.0002 0.0002
32.666098 2.63156295916 3.61577835318 -1.89861941447 0.551411078272 19.4031169352 1.6507357002 0.0002 0.0002
32.716098 2.63412865605 3.64655617499 -1.29271293247 0.461455138698 19.5627675447 1.6001190132 0.0002 0.0002
32.716098 2.63412865605 3.64655617499 -1.29271293247 0.461455138698 19.5627675447 1.6001190132 0.0002 0.0002
32.916098 2.64430311948 3.77727532781 1.17362008437 0.125350127928 19.5867886343 1.4837358791 0.0002 0.0002
32.916098 2.64430311948 3.77727532781 1.17362008437 0.125350127928 19.5867886343 1.4837358791 0.0002 0.0002
33.166098 2.65743598596 3.94552271711 4.06306948166 -0.280667353738 18.2601230354 1.52206246857 0.0002 0.0002
36.526898 3.28789754613 4.88342652806 0.840600517365 -2.66266170903 1.77986890271 11.4140027827 0.0002 0.0002
36.576898 3.31664020394 4.88775960415 0.720633359552 -2.20383382085 1.70186228825 11.6574995375 0.0002 0.0002
36.576898 3.31664020394 4.88775960415 0.720633359552 -2.20383382085 1.70186228825 11.6574995375 0.0002 0.0002
36.776898 3.44279603363 4.90447172214 0.29243112557 -0.222914926922 1.50150808905 12.1484086318 0.0002 0.0002
36.776898 3.44279603363 4.90447172214 0.29243112557 -0.222914926922 1.50150808905 12.1484086318 0.0002 0.0002
37.026898 3.61297693893 4.92532132188 -0.192683526336 2.26322978138 1.47700231019 11.6291296965 0.0002 0.0002
37.333412 3.80993521517 4.95334345734 -0.407912659763 2.1018640703 1.66109344957 10.2911673197 0.0002 0.0002
37.333412 3.80993521517 4.95334345734 -0.407912659763 2.1018640703 1.66109344957 10.2911673197 0.0002 0.0002
40.387698 4.62003966825 5.62129221303 -2.5525824922 0.493921097951 10.7032923453 2.36289702128 0.0002 0.0002
40.437698 4.62465937959 5.64265716849 -2.10854003108 0.366119553188 10.9365186833 2.31992634018 0.0002 0.0002
40.437698 4.62465937959 5.64265716849 -2.10854003108 0.366119553188 10.9365186833 2.31992634018 0.0002 0.0002
40.637698 4.64246655528 5.73039273183 -0.188932967562 -0.123838638145 11.4014542725 2.27202808315 0.0002 0.0002
40.637698 4.64246655528 5.73039273183 -0.188932967562 -0.123838638145 11.4014542725 2.27202808315 0.0002 0.0002
40.887698 4.66470501698 5.83663351661 2.21532726913 -0.769206347334 10.885407082 2.49130367264 0.0002 0.0002
41.194212 4.69472760618 5.94856033709 2.04897748969 -0.965036233478 9.57833797311 3.02287330306 0.0002 0.0002
41.194212 4.69472760618 5.94856033709 2.04897748969 -0.965036233478 9.57833797311 3.02287330306 0.0002 0.0002
44.248498 5.43843837323 0.138238903508 0.391370325134 -2.91640054189 2.12481780715 14.877891306 0.0002 0.0002
44.298498 5.46216715533 0.141569293915 0.275664336662 -2.30620861927 2.09148961543 15.1392063961 0.0002 0.0002
44.298498 5.46216715533 0.141569293915 0.275664336662 -2.30620861927 2.09148961543 15.1392063961 0.0002 0.0002
44.498498 5.5589538151 0.154531222457 -0.173340996173 0.276025237324 2.07125316849 15.5498957036 0.0002 0.0002
44.498498 5.5589538151 0.154531222457 -0.173340996173 0.276025237324 2.07125316849 15.5498957036 0.0002 0.0002
44.748498 5.674657522 0.170971394107 -0.775442760631 3.41097751464 2.3043468506 14.6115131717 0.0002 0.0002
44.854298 5.71896328103 0.178395489968 -0.848964137855 3.31949086319 2.47620910046 13.8994296173 0.0002 0.0002
44.854298 5.71896328103 0.178395489968 -0.848964137855 3.31949086319 2.47620910046 13.8994296173 0.0002 0.0002
45.055012 5.79465659037 0.193561828949 -0.988442112411 3.14593082767 2.84500225858 12.6017289681 0.0002 0.0002
45.055012 5.79465659037 0.193561828949 -0.988442112411 3.14593082767 2.84500225858 12.6017289681 0.0002 0.0002
48.109298 0.0 0.98906797338 -3.1108930874 0.504849554508 15.3655443687 1.45120155772 0.0002 0.0002
48.159298 0.0 1.02409173727 -2.45990950249 0.400105082221 15.6442880208 1.40598682945 0.0002 0.0002
48.159298 0.0 1.02409173727 -2.45990950249 0.400105082221 15.6442880208 1.40598682945 0.0002 0.0002
48.359298 0.00742304561014 1.17199611534 0.299861695447 0.00743573978861 16.0814154512 1.32541756938 0.0002 0.0002
48.359298 0.00742304561014 1.17199611534 0.299861695447 0.00743573978861 16.0814154512 1.32541756938 0.0002 0.0002
48.609298 0.0233332371903 1.35541768368 3.64613339189 -0.488319627763 15.0765089308 1.44349141228 0.0002 0.0002
48.715098 0.030534924319 1.42606179449 3.54582265334 -0.579091661398 14.3155999812 1.55642352667 0.0002 0.0002
48.715098 0.030534924319 1.42606179449 3.54582265334 -0.579091661398 14.3155999812 1.55642352667 0.0002 0.0002
48.915812 0.0452880012082 1.54548798606 3.35552237377 -0.751295989933 12.9304034154 1.82345095372 0.0002 0.0002
48.915812 0.0452880012082 1.54548798606 3.35552237377 -0.751295989933 12.9304034154 1.82345095372 0.0002 0.0002
51.970098 0.895554908879 2.18363609575 0.459703050355 -3.37174732757 1.27761381568 14.4164044358 0.0002 0.0002
52.020098 0.935357664323 2.1870666594 0.359956189086 -2.79017897857 1.23665977784 14.724718562 0.0002 0.0002
52.020098 0.935357664323 2.1870666594 0.359956189086 -2.79017897857 1.23665977784 14.724718562 0.0002 0.0002
52.220098 1.10344740793 2.20029693399 -0.0166126600995 -0.279570303479 1.16875676446 15.345702526 0.0002 0.0002
52.220098 1.10344740793 2.20029693399 -0.0166126600995 -0.279570303479 1.16875676446 15.345702526 0.0002 0.0002
52.470098 1.30993393561 2.2168040105 -0.496511322937 2.8708109352 1.29481944813 14.6862049929 0.0002 0.0002
52.575898 1.38829762451 2.22416005353 -0.598365049212 2.80423440542 1.4106573683 14.0857851958 0.0002 0.0002
52.575898 1.38829762451 2.22416005353 -0.598365049212 2.80423440542 1.4106573683 14.0857851958 0.0002 0.0002
55.830898 2.15807172146 2.80510121601 -3.73195558818 0.755967822928 15.505851043 2.49732694255 0.0002 0.0002
55.880898 2.16126025615 2.82541247103 -3.08571999359 0.618259852655 15.846983814 2.42866565983 0.0002 0.0002
55.880898 2.16126025615 2.82541247103 -3.08571999359 0.618259852655 15.846983814 2.42866565983 0.0002 0.0002
56.080898 2.1735456657 2.91091874811 -0.290529583829 0.110194623129 16.5302304566 2.28465244289 0.0002 0.0002
56.080898 2.1735456657 2.91091874811 -0.290529583829 0.110194623129 16.5302304566 2.28465244289 0.0002 0.0002
56.330898 2.18888173005 3.01925311142 3.21335208983 -0.511009478577 15.7858947843 2.3830671216 0.0002 0.0002
56.436698 2.19573132727 3.06263755497 3.13744560209 -0.566999352088 15.1139803885 2.49712045588 0.0002 0.0002
56.436698 2.19573132727 3.06263755497 3.13744560209 -0.566999352088 15.1139803885 2.49712045588 0.0002 0.0002
59.691698 2.78193377747 3.70583979523 0.802137307253 -2.28956115054 2.29063801859 11.795224892 0.0002 0.0002
59.741698 2.80413115435 3.71004096657 0.672427017517 -1.80725044079 2.21696182078 12.0002102405 0.0002 0.0002
59.741698 2.80413115435 3.71004096657 0.672427017517 -1.80725044079 2.21696182078 12.0002102405 0.0002 0.0002
59.941698 2.89874840802 3.72639839328 0.200278572013 0.232455551147 2.04436633822 12.3187766216 0.0002 0.0002
59.941698 2.89874840802 3.72639839328 0.200278572013 0.232455551147 2.04436633822 12.3187766216 0.0002 0.0002
60.191698 3.02126857404 3.7471553565 -0.358398395281 2.70609155705 2.08321292413 11.5708901633 0.0002 0.0002
60.498212 3.16013401829 3.77568328019 -0.52443305183 2.4856162959 2.35381312231 9.97955902243 0.0002 0.0002
60.498212 3.16013401829 3.77568328019 -0.52443305183 2.4856162959 2.35381312231 9.97955902243 0.0002 0.0002
62.097498 3.62453816219 4.03599435919 -1.39074552609 1.33525122776 5.41673140947 3.86889908397 0.0002 0.0002
62.097498 3.62453816219 4.03599435919 -1.39074552609 1.33525122776 5.41673140947 3.86889908397 0.0002 0.0002
63.552498 3.81765848071 4.68294833835 -2.17890014636 0.288670957477 10.6105658629 1.50609230444 0.0002 0.0002
63.602498 3.82232528168 4.71643765904 -1.86276183093 0.205750075037 10.8127558875 1.48138431658 0.0002 0.0002
63.602498 3.82232528168 4.71643765904 -1.86276183093 0.205750075037 10.8127558875 1.48138431658 0.0002 0.0002
63.802498 3.84035162526 4.85324793408 -0.50116554631 -0.118030657524 11.2895824027 1.4639873717 0.0002 0.0002
63.802498 3.84035162526 4.85324793408 -0.50116554631 -0.118030657524 11.2895824027 1.4639873717 0.0002 0.0002
64.052498 3.86254015328 5.01702450843 1.25502581711 -0.543704852943 11.0985857439 1.62726843233 0.0002 0.0002
68.445984 4.52912341833 5.84727719382 0.235650803648 -4.041754779 4.54931888012 21.7734211288 0.0002 0.0002
68.445984 4.52912341833 5.84727719382 0.235650803648 -4.041754779 4.54931888012 21.7734211288 0.0002 0.0002
68.646698 4.5736770086 5.8561641434 0.189081214841 -4.20156127272 4.46406921776 23.4279700668 0.0002 0.0002
68.646698 4.5736770086 5.8561641434 0.189081214841 -4.20156127272 4.46406921776 23.4279700668 0.0002 0.0002
68.752498 4.59747954799 5.86059599295 0.164533537569 -4.28579818213 4.42665677695 24.3259326972 0.0002 0.0002
68.802498 4.60879006438 5.86263439557 0.0304909936255 -3.63963065388 4.41691005542 24.7223874179 0.0002 0.0002
68.802498 4.60879006438 5.86263439557 0.0304909936255 -3.63963065388 4.41691005542 24.7223874179 0.0002 0.0002
69.002498 4.65376996651 5.87054963205 -0.511436536499 -0.890544059819 4.51239400414 25.6351834359 0.0002 0.0002
69.002498 4.65376996651 5.87054963205 -0.511436536499 -0.890544059819 4.51239400414 25.6351834359 0.0002 0.0002
69.252498 4.70699864635 5.88032988936 -1.25915378618 2.62678619753 4.9499961731 25.1960362166 0.0002 0.0002
69.7 4.78798633318 5.89895770377 -1.49289178831 2.48647570057 6.18154207177 22.9078412907 0.0002 0.0002
69.7 4.78798633318 5.89895770377 -1.49289178831 2.48647570057 6.18154207177 22.9078412907 0.0002 0.0002
70.002498 4.8335588085 5.91261014437 -1.65089170377 2.39162999103 7.13253029056 21.4322240752 0.0002 0.0002
70.002498 4.8335588085 5.91261014437 -1.65089170377 2.39162999103 7.13253029056 21.4322240752 0.0002 0.0002
70.251298 4.86652988954 5.92454976861 -1.78084422896 2.31362083879 7.98634619062 20.2615576687 0.0002 0.0002
70.251298 4.86652988954 5.92454976861 -1.78084422896 2.31362083879 7.98634619062 20.2615576687 0.0002 0.0002
71.491298 4.98837517208 5.99579796526 -2.19319041118 1.92448012396 12.9565711052 15.0015934645 0.0002 0.0002
71.491298 4.98837517208 5.99579796526 -2.19319041118 1.92448012396 12.9565711052 15.0015934645 0.0002 0.0002
71.491298 4.98837517208 5.99579796526 -2.19319041118 1.92448012396 12.9565711052 15.0015934645 0.0002 0.0002
71.491298 4.98837517208 5.99579796526 -2.19319041118 1.92448012396 12.9565711052 15.0015934645 0.0002 0.0002
72.731298 5.06787044412 6.09388102397 -2.40617152372 1.53533940913 18.7088770991 10.7075648282 0.0002 0.0002
72.731298 5.06787044412 6.09388102397 -2.40617152372 1.53533940913 18.7088770991 10.7075648282 0.0002 0.0002
73.630098 5.11090727067 6.18994361378 -2.73235612771 1.25352821125 23.3273857522 8.20093061104 0.0002 0.0002
73.680098 5.11303894638 6.19608515502 -2.24621818795 1.06504403979 23.5764032157 8.08504329389 0.0002 0.0002
73.680098 5.11303894638 6.19608515502 -2.24621818795 1.06504403979 23.5764032157 8.08504329389 0.0002 0.0002
73.880098 5.12141008167 6.22133842822 -0.226986473013 0.34887812745 24.0738839545 7.80386030172 0.0002 0.0002
73.880098 5.12141008167 6.22133842822 -0.226986473013 0.34887812745 24.0738839545 7.80386030172 0.0002 0.0002
74.130098 5.1318630548 6.2534361366 2.30243485535 -0.518139940946 23.5503492728 7.84580274729 0.0002 0.0002
74.436612 5.14527958782 0.00852426691225 2.22042299581 -0.567695546548 22.1640300214 8.1786265259 0.0002 0.0002
74.436612 5.14527958782 0.00852426691225 2.22042299581 -0.567695546548 22.1640300214 8.1786265259 0.0002 0.0002
75.985612 5.22781707021 0.177895210301 1.80596763515 -0.818129892377 15.9271509341 10.3252701308 0.0002 0.0002
75.985612 5.22781707021 0.177895210301 1.80596763515 -0.818129892377 15.9271509341 10.3252701308 0.0002 0.0002
78.030098 5.39339038676 0.346677308915 1.25893846634 -1.14867186395 9.66099331826 14.3463687864 0.0002 0.0002
78.080098 5.39859793798 0.350149785224 1.04947145056 -0.859777020213 9.54561233734 14.4468256391 0.0002 0.0002
78.080098 5.39859793798 0.350149785224 1.04947145056 -0.859777020213 9.54561233734 14.4468256391 0.0002 0.0002
78.280098 5.41989857538 0.363904524114 0.246384435695 0.319069327426 9.28785212783 14.5555637111 0.0002 0.0002
78.280098 5.41989857538 0.363904524114 0.246384435695 0.319069327426 9.28785212783 14.5555637111 0.0002 0.0002
78.530098 5.44675752334 0.381323209903 -0.740636310509 1.75430618772 9.41036785697 14.0327354702 0.0002 0.0002
78.635898 5.45790713422 0.388963633747 -0.758046443818 1.72356314092 9.56892849238 13.6647768952 0.0002 0.0002
78.635898 5.45790713422 0.388963633747 -0.758046443818 1.72356314092 9.56892849238 13.6647768952 0.0002 0.0002
78.836612 5.47855149732 0.4040324313 -0.791075342657 1.66524026858 9.87985892263 12.9845966077 0.0002 0.0002
78.836612 5.47855149732 0.4040324313 -0.791075342657 1.66524026858 9.87985892263 12.9845966077 0.0002 0.0002
83.821298 5.82464252483 1.22053052652 -1.61134044442 0.216805155687 21.8551472626 3.60319112998 0.0002 0.0002
83.871298 5.82692258622 1.23444392901 -1.22584698738 0.138143182471 21.9970489556 3.58544900393 0.0002 0.0002
83.871298 5.82692258622 1.23444392901 -1.22584698738 0.138143182471 21.9970489556 3.58544900393 0.0002 0.0002
84.071298 5.83595692448 1.29033109617 0.345986393308 -0.174354863047 22.1738655835 3.59265697906 0.0002 0.0002
84.071298 5.83595692448 1.29033109617 0.345986393308 -0.174354863047 22.1738655835 3.59265697906 0.0002 0.0002
84.271298 5.84504809478 1.34515100176 1.89810311261 -0.496884111281 21.7228937571 3.72626784047 0.0002 0.0002
84.271298 5.84504809478 1.34515100176 1.89810311261 -0.496884111281 21.7228937571 3.72626784047 0.0002 0.0002
84.321298 5.84736060261 1.35847564624 2.27258862573 -0.581230710023 21.5142969573 3.78015751116 0.0002 0.0002
84.427098 5.85233380175 1.38600892395 2.24227292776 -0.618674208716 21.036624605 3.90710745156 0.0002 0.0002
84.427098 5.85233380175 1.38600892395 2.24227292776 -0.618674208716 21.036624605 3.90710745156 0.0002 0.0002
84.627812 5.86208324763 1.43575694252 2.18476078217 -0.689708560292 20.1480569609 4.16971819066 0.0002 0.0002
84.627812 5.86208324763 1.43575694252 2.18476078217 -0.689708560292 20.1480569609 4.16971819066 0.0002 0.0002
89.612498 0.072819628375 2.01579021437 0.756459881552 -2.45383033465 5.48699549557 19.8392725107 0.0002 0.0002
89.662498 0.0819917022926 2.01829588253 0.623418002767 -2.03157517804 5.41802679618 20.063624756 0.0002 0.0002
89.662498 0.0819917022926 2.01829588253 0.623418002767 -2.03157517804 5.41802679618 20.063624756 0.0002 0.0002
89.862498 0.119532907245 2.02812235752 0.112921375177 -0.272562914717 5.27161375793 20.5271651055 0.0002 0.0002
89.862498 0.119532907245 2.02812235752 0.112921375177 -0.272562914717 5.27161375793 20.5271651055 0.0002 0.0002
90.112498 0.166743889111 2.04037215471 -0.518127451868 1.93830566586 5.37200008237 20.106883804 0.0002 0.0002
90.218298 0.186237190594 2.04568820373 -0.543109329885 1.91327475317 5.48427893388 19.6993865957 0.0002 0.0002
90.218298 0.186237190594 2.04568820373 -0.543109329885 1.91327475317 5.48427893388 19.6993865957 0.0002 0.0002
90.419012 0.222106591801 2.05607924579 -0.590502644293 1.86578841473 5.71181072767 18.940875711 0.0002 0.0002
90.419012 0.222106591801 2.05607924579 -0.590502644293 1.86578841473 5.71181072767 18.940875711 0.0002 0.0002
95.297898 0.738503441152 2.51646334709 -1.74252282303 0.711507039998 17.0943760178 6.36654499906 0.0002 0.0002
95.297898 0.738503441152 2.51646334709 -1.74252282303 0.711507039998 17.0943760178 6.36654499906 0.0002 0.0002
95.403698 0.744626498089 2.53327872285 -1.76750470105 0.686476127317 17.4657369299 6.21863837996 0.0002 0.0002
95.453698 0.747475781258 2.54136077862 -1.42281568757 0.550203320334 17.6253067273 6.15682523693 0.0002 0.0002
95.453698 0.747475781258 2.54136077862 -1.42281568757 0.550203320334 17.6253067273 6.15682523693 0.0002 0.0002
95.653698 0.758701972533 2.57424395029 -0.000789805406118 0.0219787877221 17.9115730206 6.04300188198 0.0002 0.0002
95.653698 0.758701972533 2.57424395029 -0.000789805406118 0.0219787877221 17.9115730206 6.04300188198 0.0002 0.0002
95.903698 0.772777134055 2.61528303674 1.76600426807 -0.640277742053 17.4665134944 6.19628737798 0.0002 0.0002
101.194898 1.35016860442 3.11972147712 0.518288659673 -1.84428209929 5.37986275511 19.3425904105 0.0002 0.0002
101.244898 1.35950367573 3.12229514766 0.385073249542 -1.41134150407 5.33471179371 19.5054333963 0.0002 0.0002
101.244898 1.35950367573 3.12229514766 0.385073249542 -1.41134150407 5.33471179371 19.5054333963 0.0002 0.0002
101.444898 1.39729249453 3.13246302207 -0.136210503082 0.364577833181 5.28523928742 19.716066695 0.0002 0.0002
101.444898 1.39729249453 3.13246302207 -0.136210503082 0.364577833181 5.28523928742 19.716066695 0.0002 0.0002
101.694898 1.44381952848 3.14532404673 -0.806365452164 2.53232151376 5.5186726934 18.984891399 0.0002 0.0002
101.800698 1.46269670439 3.15097661032 -0.838002376539 2.49101189595 5.69264680968 18.4534227243 0.0002 0.0002
101.800698 1.46269670439 3.15097661032 -0.838002376539 2.49101189595 5.69264680968 18.4534227243 0.0002 0.0002
102.001412 1.49692991927 3.16215583941 -0.898021030971 2.41264309982 6.0410910119 17.4691905154 0.0002 0.0002
102.001412 1.49692991927 3.16215583941 -0.898021030971 2.41264309982 6.0410910119 17.4691905154 0.0002 0.0002
104.444898 1.78536146409 3.37022029666 -1.62868626531 1.45858381063 12.2150649165 8.00990175693 0.0002 0.0002
104.444898 1.78536146409 3.37022029666 -1.62868626531 1.45858381063 12.2150649165 8.00990175693 0.0002 0.0002
106.986098 1.93951681288 3.90363773803 -2.3885705018 0.466372082928 22.423717813 3.11820384021 0.0002 0.0002
107.036098 1.94173552204 3.91978653883 -1.94558761531 0.384687970504 22.640498778 3.07566517191 0.0002 0.0002
107.036098 1.94173552204 3.91978653883 -1.94558761531 0.384687970504 22.640498778 3.07566517191 0.0002 0.0002
107.236098 1.95046610012 3.9860180596 -0.113344635259 0.0702955471824 23.0545200125 2.98515596217 0.0002 0.0002
107.236098 1.95046610012 3.9860180596 -0.113344635259 0.0702955471824 23.0545200125 2.98515596217 0.0002 0.0002
107.486098 1.96138827865 4.06936145219 2.17324400761 -0.318614125932 22.5351622471 3.04671782677 0.0002 0.0002
107.792612 1.97540325306 4.16653446276 2.09540226015 -0.429431660087 21.226762405 3.27600433283 0.0002 0.0002
107.792612 1.97540325306 4.16653446276 2.09540226015 -0.429431660087 21.226762405 3.27600433283 0.0002 0.0002
112.046858 2.30808603233 4.86148308773 1.0150015516 -1.9675181795 7.9943394305 13.4732186001 0.0002 0.0002
112.046858 2.30808603233 4.86148308773 1.0150015516 -1.9675181795 7.9943394305 13.4732186001 0.0002 0.0002
112.777298 2.40845709262 4.9104326703 0.829500315053 -2.23160255949 6.64704148702 16.5404243527 0.0002 0.0002
112.827298 2.41602343237 4.9134364352 0.667209166504 -1.86823396216 6.57223440104 16.7454940112 0.0002 0.0002
112.827298 2.41602343237 4.9134364352 0.667209166504 -1.86823396216 6.57223440104 16.7454940112 0.0002 0.0002
113.027298 2.44688425017 4.92518861566 0.0412359874964 -0.346786090862 6.43139951176 17.1912077797 0.0002 0.0002
113.027298 2.44688425017 4.92518861566 0.0412359874964 -0.346786090862 6.43139951176 17.1912077797 0.0002 0.0002
113.227298 2.47782378877 4.93684578306 -0.581714181525 1.19977778764 6.5388435195 17.0195659279 0.0002 0.0002
113.227298 2.47782378877 4.93684578306 -0.581714181525 1.19977778764 6.5388435195 17.0195659279 0.0002 0.0002
113.277298 2.48543351635 4.93979508459 -0.742288751008 1.57714011776 6.60501855376 16.8806673148 0.0002 0.0002
113.383098 2.50126209864 4.94612509629 -0.767132741176 1.55528293405 6.76471534764 16.5492569559 0.0002 0.0002
113.383098 2.50126209864 4.94612509629 -0.767132741176 1.55528293405 6.76471534764 16.5492569559 0.0002 0.0002
113.583812 2.53026437103 4.95848591826 -0.814264467476 1.51381750144 7.08212390697 15.9332455311 0.0002 0.0002
113.583812 2.53026437103 4.95848591826 -0.814264467476 1.51381750144 7.08212390697 15.9332455311 0.0002 0.0002
115.622798 2.75939793221 5.11589096733 -1.29305981848 1.09258412165 11.3789286235 10.6188291113 0.0002 0.0002
115.622798 2.75939793221 5.11589096733 -1.29305981848 1.09258412165 11.3789286235 10.6188291113 0.0002 0.0002
117.267498 2.88058013149 5.30020959052 -1.67926880364 0.75280614391 16.2675175083 7.58371574151 0.0002 0.0002
117.267498 2.88058013149 5.30020959052 -1.67926880364 0.75280614391 16.2675175083 7.58371574151 0.0002 0.0002
118.462698 2.94588944343 5.47715554873 -1.95992605362 0.505890208482 20.6170832017 6.07932186113 0.0002 0.0002
118.462698 2.94588944343 5.47715554873 -1.95992605362 0.505890208482 20.6170832017 6.07932186113 0.0002 0.0002
118.568498 2.95096996769 5.49471158333 -1.98477004379 0.484033024773 21.0344320488 5.97458798305 0.0002 0.0002
118.618498 2.95333664999 5.50311135945 -1.56746730834 0.353789589136 21.212103795 5.93271096377 0.0002 0.0002
118.618498 2.95333664999 5.50311135945 -1.56746730834 0.353789589136 21.212103795 5.93271096377 0.0002 0.0002
118.818498 2.96267732784 5.53703169039 0.147897377241 -0.158066807462 21.4975585957 5.89377611534 0.0002 0.0002
118.818498 2.96267732784 5.53703169039 0.147897377241 -0.158066807462 21.4975585957 5.89377611534 0.0002 0.0002
119.068498 2.9744253693 5.57879340455 2.26573811668 -0.816282071487 20.8890141429 6.135331677 0.0002 0.0002
122.440498 3.22364498976 5.94141163793 1.27562938077 -1.73209547243 8.94752294148 14.7284607551 0.0002 0.0002
122.440498 3.22364498976 5.94141163793 1.27562938077 -1.73209547243 8.94752294148 14.7284607551 0.0002 0.0002
124.359698 3.51077670885 6.04732479925 0.712101300703 -2.25333778533 5.1326702176 22.3773042634 0.0002 0.0002
124.409698 3.52058221402 6.04954884864 0.582067377872 -1.75261634914 5.06798633018 22.5776780203 0.0002 0.0002
124.409698 3.52058221402 6.04954884864 0.582067377872 -1.75261634914 5.06798633018 22.5776780203 0.0002 0.0002
124.609698 3.56070270079 6.05832404098 0.0826911990674 0.306779518323 4.93583608531 22.8686141594 0.0002 0.0002
124.609698 3.56070270079 6.05832404098 0.0826911990674 0.306779518323 4.93583608531 22.8686141594 0.0002 0.0002
124.859698 3.61104400675 6.06939801442 -0.537214527248 2.83229893148 5.04840094335 22.0763130333 0.0002 0.0002
124.965498 3.6317648532 6.07425638976 -0.564219874716 2.78906169153 5.16493270308 21.4815730794 0.0002 0.0002
124.965498 3.6317648532 6.07425638976 -0.564219874716 2.78906169153 5.16493270308 21.4815730794 0.0002 0.0002
125.166212 3.66977366559 6.08384964353 -0.6154519287 2.70703598853 5.40170934943 20.3784293297 0.0002 0.0002
125.166212 3.66977366559 6.08384964353 -0.6154519287 2.70703598853 5.40170934943 20.3784293297 0.0002 0.0002
129.341898 4.1522931908 0.231923613201 -1.68129173346 1.00056020863 14.9921897051 4.89667179555 0.0002 0.0002
129.341898 4.1522931908 0.231923613201 -1.68129173346 1.00056020863 14.9921897051 4.89667179555 0.0002 0.0002
130.150898 4.20172588423 0.427331959753 -1.88778819944 0.669946530802 17.8795753708 3.54523184334 0.0002 0.0002
130.200898 4.20450861133 0.441564135157 -1.53544961959 0.579122376942 18.0507949659 3.48279943598 0.0002 0.0002
130.200898 4.20450861133 0.441564135157 -1.53544961959 0.579122376942 18.0507949659 3.48279943598 0.0002 0.0002
130.400898 4.21546080531 0.500566960552 -0.0786081995347 0.235712438763 18.3753584432 3.32070553066 0.0002 0.0002
130.400898 4.21546080531 0.500566960552 -0.0786081995347 0.235712438763 18.3753584432 3.32070553066 0.0002 0.0002
130.650898 4.22916613358 0.576415781705 1.73845225618 -0.174489993564 17.9568657189 3.30552757699 0.0002 0.0002
130.756698 4.23511893404 0.60823427003 1.71475377307 -0.207471496347 17.591516521 3.34593910263 0.0002 0.0002
130.756698 4.23511893404 0.60823427003 1.71475377307 -0.207471496347 17.591516521 3.34593910263 0.0002 0.0002
135.061658 4.63415656343 1.40134107941 0.75047190307 -1.54947575175 6.97881859424 10.9095267278 0.0002 0.0002
135.061658 4.63415656343 1.40134107941 0.75047190307 -1.54947575175 6.97881859424 10.9095267278 0.0002 0.0002
135.792098 4.74725918681 1.46192793133 0.586858292462 -1.77717904942 6.00197912622 13.3394484608 0.0002 0.0002
135.842098 4.75562731295 1.46565279596 0.440213523453 -1.48518972023 5.9506450159 13.502628833 0.0002 0.0002
135.842098 4.75562731295 1.46565279596 0.440213523453 -1.48518972023 5.9506450159 13.502628833 0.0002 0.0002
136.042098 4.78952015074 1.48023159807 -0.132871834286 -0.26333728267 5.88954722658 13.8544733044 0.0002 0.0002
136.042098 4.78952015074 1.48023159807 -0.132871834286 -0.26333728267 5.88954722658 13.8544733044 0.0002 0.0002
136.242098 4.82311056098 1.4946993207 -0.715698025366 0.977587376242 6.05823811471 13.7107495036 0.0002 0.0002
136.242098 4.82311056098 1.4946993207 -0.715698025366 0.977587376242 6.05823811471 13.7107495036 0.0002 0.0002
136.292098 4.83131204358 1.49836051996 -0.867874006871 1.28020305887 6.13738668071 13.5978171193 0.0002 0.0002
136.397898 4.84829491403 1.50621930032 -0.898096824745 1.25967051898 6.3242263947 13.3290984948 0.0002 0.0002
136.397898 4.84829491403 1.50621930032 -0.898096824745 1.25967051898 6.3242263947 13.3290984948 0.0002 0.0002
139.002498 5.14034221231 1.75984875683 -1.64212661146 0.754197424427 12.9404923566 8.0837780494 0.0002 0.0002
139.002498 5.14034221231 1.75984875683 -1.64212661146 0.754197424427 12.9404923566 8.0837780494 0.0002 0.0002
141.496798 5.28571895045 2.14219764234 -2.35464811073 0.270130181955 22.9096475462 5.5287977008 0.0002 0.0002
141.633298 5.29161010715 2.16698086289 -1.02305128621 -0.0772845288453 23.3719344684 5.50254410154 0.0002 0.0002
141.633298 5.29161010715 2.16698086289 -1.02305128621 -0.0772845288453 23.3719344684 5.50254410154 0.0002 0.0002
141.833298 5.30014128283 2.20300518195 0.974690155845 -0.593911913 23.3816623372 5.6360216507 0.0002 0.0002
141.833298 5.30014128283 2.20300518195 0.974690155845 -0.593911913 23.3816623372 5.6360216507 0.0002 0.0002
142.169798 5.31498079248 2.25972092726 4.1178984403 -1.57509799048 21.6397417711 6.35431359535 0.0002 0.0002
147.464298 0.633269033921 2.60556439477 -0.275582827475 -4.47545899567 1.29660175902 38.3889875585 0.0002 0.0002
147.774298 0.852195304237 2.61342399265 -0.663071623827 -1.23054683284 1.58507625352 40.1734197761 0.0002 0.0002
147.774298 0.852195304237 2.61342399265 -0.663071623827 -1.23054683284 1.58507625352 40.1734197761 0.0002 0.0002
147.974298 0.967725966378 2.61838996308 -0.947349552251 0.952676593866 1.90599780129 40.2291961932 0.0002 0.0002
147.974298 0.967725966378 2.61838996308 -0.947349552251 0.952676593866 1.90599780129 40.2291961932 0.0002 0.0002
148.484298 1.17428023305 2.63153678535 -1.89350439933 6.11758969221 3.32161585464 36.5358755208 0.0002 0.0002
148.795099 1.25359979393 2.6405102787 -2.32255284956 5.79071923115 4.63197066365 32.8347611991 0.0002 0.0002
148.795099 1.25359979393 2.6405102787 -2.32255284956 5.79071923115 4.63197066365 32.8347611991 0.0002 0.0002
149.451742 1.35984700307 2.66312407359 -3.22902246034 5.10012557101 8.27737372987 25.6833641957 0.0002 0.0002
149.761742 1.39363584402 2.6758109718 -2.39032328072 1.8708196368 10.0422352157 23.549868754 0.0002 0.0002
149.761742 1.39363584402 2.6758109718 -2.39032328072 1.8708196368 10.0422352157 23.549868754 0.0002 0.0002
149.961742 1.41274259644 2.68439363019 -1.64438279317 -0.027549219451 10.8535447373 23.183184752 0.0002 0.0002
149.961742 1.41274259644 2.68439363019 -1.64438279317 -0.027549219451 10.8535447373 23.183184752 0.0002 0.0002
150.471742 1.45780526087 2.70563829351 0.606574310938 -5.16719598683 11.4021492518 25.7435789737 0.0002 0.0002
150.968217 1.50249892543 2.72317422783 0.547011484609 -5.70139968084 10.829422744 31.1395650078 0.0002 0.0002
150.968217 1.50249892543 2.72317422783 0.547011484609 -5.70139968084 10.829422744 31.1395650078 0.0002 0.0002
150.968217 1.50249892543 2.72317422783 0.547011484609 -5.70139968084 10.829422744 31.1395650078 0.0002 0.0002
153.973287 1.81867380903 2.78534599359 0.186488875185 -8.93483438507 8.62520281776 75.1224729123 0.0002 0.0002
154.283287 1.85456154939 2.78935593918 -0.501537028888 -3.28561697913 8.72211552551 78.9405403186 0.0002 0.0002
154.283287 1.85456154939 2.78935593918 -0.501537028888 -3.28561697913 8.72211552551 78.9405403186 0.0002 0.0002
154.483287 1.87715497265 2.79187666476 -0.966273547704 0.55500495539 9.01473142114 79.4884367275 0.0002 0.0002
154.483287 1.87715497265 2.79187666476 -0.966273547704 0.55500495539 9.01473142114 79.4884367275 0.0002 0.0002
154.993287 1.92970332818 2.79845502248 -2.36818273727 9.90763726803 10.6804041966 74.0373093815 0.0002 0.0002
155.304088 1.95692059663 2.80283506401 -2.56048472697 9.49136844259 12.2122389731 68.0080790076 0.0002 0.0002
155.304088 1.95692059663 2.80283506401 -2.56048472697 9.49136844259 12.2122389731 68.0080790076 0.0002 0.0002
155.960731 2.00414784252 2.81346414513 -2.9667696341 8.61189890953 15.8416718586 56.1206952237 0.0002 0.0002
156.270731 2.0226956831 2.81924474727 -2.62353519669 6.6414955784 17.5801260154 51.4069280643 0.0002 0.0002
156.270731 2.0226956831 2.81924474727 -2.62353519669 6.6414955784 17.5801260154 51.4069280643 0.0002 0.0002
156.470731 2.03375604053 2.82323309859 -2.34885134993 5.50768179849 18.5759045197 48.9802618844 0.0002 0.0002
156.470731 2.03375604053 2.82323309859 -2.34885134993 5.50768179849 18.5759045197 48.9802618844 0.0002 0.0002
156.980731 2.05974969522 2.83417998938 -1.49352747361 2.9696813423 20.5523354404 44.6931624548 0.0002 0.0002
157.477206 2.08306090611 2.84566696447 -1.57156844424 2.86060667922 22.0740789362 41.7985702093 0.0002 0.0002
157.477206 2.08306090611 2.84566696447 -1.57156844424 2.86060667922 22.0740789362 41.7985702093 0.0002 0.0002
157.477206 2.08306090611 2.84566696447 -1.57156844424 2.86060667922 22.0740789362 41.7985702093 0.0002 0.0002
158.548502 2.1281229725 2.87331767399 -1.73996560355 2.625244878 25.6217121155 35.9215993794 0.0002 0.0002
158.548502 2.1281229725 2.87331767399 -1.73996560355 2.625244878 25.6217121155 35.9215993794 0.0002 0.0002
158.813005 2.13826385738 2.88082601762 -1.78154286496 2.56713404542 26.5531616699 34.5481995771 0.0002 0.0002
158.813005 2.13826385738 2.88082601762 -1.78154286496 2.56713404542 26.5531616699 34.5481995771 0.0002 0.0002
165.740498 2.31452407346 3.27268230166 -2.87047640191 1.04517631347 58.779992577 9.52394485205 0.0002 0.0002
165.740498 2.31452407346 3.27268230166 -2.87047640191 1.04517631347 58.779992577 9.52394485205 0.0002 0.0002
168.065698 2.35003309624 3.58942995898 -3.23597489611 0.534334062407 72.9787131352 5.85126732607 0.0002 0.0002
168.065698 2.35003309624 3.58942995898 -3.23597489611 0.534334062407 72.9787131352 5.85126732607 0.0002 0.0002
168.277698 2.35291099162 3.62635990653 -3.26929920403 0.487758044334 74.3578312444 5.63458379944 0.0002 0.0002
168.277698 2.35291099162 3.62635990653 -3.26929920403 0.487758044334 74.3578312444 5.63458379944 0.0002 0.0002
