0.0 0.0 0.0 -1.25287976099 0.789987518004 5.79735938488 9.99584375794 0.0002 0.0002
0.0 0.0 0.0 -1.25287976099 0.789987518004 5.79735938488 9.99584375794 0.0002 0.0002
0.0 0.0 0.0 -1.25287976099 0.789987518004 5.79735938488 9.99584375794 0.0002 0.0002
0.423 0.066753540216 0.0437532690482 -1.4403765648 0.721260357547 6.93660681069 9.35658590658 0.0002 0.0002
0.423 0.066753540216 0.0437532690482 -1.4403765648 0.721260357547 6.93660681069 9.35658590658 0.0002 0.0002
0.877 0.126493679056 0.0939926370906 -1.64161426913 0.647496454835 8.3358306493 8.73517031376 0.0002 0.0002
0.877 0.126493679056 0.0939926370906 -1.64161426913 0.647496454835 8.3358306493 8.73517031376 0.0002 0.0002
1.357 0.179054848887 0.150908639629 -1.85437659969 0.569508187651 10.0139062663 8.15100808537 0.0002 0.0002
1.357 0.179054848887 0.150908639629 -1.85437659969 0.569508187651 10.0139062663 8.15100808537 0.0002 0.0002
1.89 0.227461469232 0.218724550225 -2.09063143759 0.482908715965 12.1165955502 7.59006987574 0.0002 0.0002
1.89 0.227461469232 0.218724550225 -2.09063143759 0.482908715965 12.1165955502 7.59006987574 0.0002 0.0002
2.475 0.271287727347 0.298608182672 -2.34993552796 0.387860515334 14.714327225 7.08066987543 0.0002 0.0002
2.475 0.271287727347 0.298608182672 -2.34993552796 0.387860515334 14.714327225 7.08066987543 0.0002 0.0002
3.06 0.30763187344 0.383756269393 -2.60923961834 0.292812314703 17.6154446856 6.68247626986 0.0002 0.0002
3.06 0.30763187344 0.383756269393 -2.60923961834 0.292812314703 17.6154446856 6.68247626986 0.0002 0.0002
3.645 0.33818367368 0.473361134349 -2.86854370871 0.197764114072 20.819947932 6.39548905903 0.0002 0.0002
3.645 0.33818367368 0.473361134349 -2.86854370871 0.197764114072 20.819947932 6.39548905903 0.0002 0.0002
4.6635 0.381056842021 0.636334330528 -3.31999877888 0.0322827596395 27.1229784556 6.16118631815 0.0002 0.0002
5.0 0.393275533142 0.68962794033 2.9466501061 -1.50789321957 27.2519470949 6.64533124673 0.0002 0.0002
5.0 0.393275533142 0.68962794033 2.9466501061 -1.50789321957 27.2519470949 6.64533124673 0.0002 0.0002
5.3365 0.406442290767 0.735547309062 8.32634033917 -3.52593149772 23.3578332421 8.29691936867 0.0002 0.0002
5.7585 0.427704833722 0.778648441223 7.0557433696 -4.20912307319 16.866593917 11.5611123976 0.0002 0.0002
6.025 0.445141630862 0.800001877815 3.52089764915 -1.97658514091 14.0965294693 13.2392607424 0.0002 0.0002
6.025 0.445141630862 0.800001877815 3.52089764915 -1.97658514091 14.0965294693 13.2392607424 0.0002 0.0002
6.2915 0.465018789981 0.819693318601 0.743291012679 0.666344944999 12.9797214591 13.5947216436 0.0002 0.0002
6.973 0.519601798259 0.871509033735 0.661778002888 0.593956804405 12.022166925 12.7358260014 0.0002 0.0002
6.973 0.519601798259 0.871509033735 0.661778002888 0.593956804405 12.022166925 12.7358260014 0.0002 0.0002
7.482 0.563133200077 0.912423969958 0.600897413037 0.539891413998 11.3794651383 12.1586972582 0.0002 0.0002
7.482 0.563133200077 0.912423969958 0.600897413037 0.539891413998 11.3794651383 12.1586972582 0.0002 0.0002
7.992 0.609158621209 0.955314830879 0.539897214954 0.48571980475 10.797659878 11.6356355367 0.0002 0.0002
7.992 0.609158621209 0.955314830879 0.539897214954 0.48571980475 10.797659878 11.6356355367 0.0002 0.0002
8.498 0.657200049455 0.999711114139 0.479375449798 0.431973070868 10.2819079096 11.1712829416 0.0002 0.0002
8.498 0.657200049455 0.999711114139 0.479375449798 0.431973070868 10.2819079096 11.1712829416 0.0002 0.0002
8.9873 0.705861015825 1.04432598128 0.420851142108 0.380000191642 9.84142703819 10.7739844242 0.0002 0.0002
8.9873 0.705861015825 1.04432598128 0.420851142108 0.380000191642 9.84142703819 10.7739844242 0.0002 0.0002
9.4566 0.75448543446 1.0885888119 0.364718999049 0.330151689249 9.47275897095 10.4407101465 0.0002 0.0002
9.4566 0.75448543446 1.0885888119 0.364718999049 0.330151689249 9.47275897095 10.4407101465 0.0002 0.0002
9.9277 0.805092981339 1.1343606076 0.308371561173 0.280111992941 9.15566600803 10.1532149259 0.0002 0.0002
9.9277 0.805092981339 1.1343606076 0.308371561173 0.280111992941 9.15566600803 10.1532149259 0.0002 0.0002
16.240021 1.52426352844 1.77965505857 -0.446633990515 -0.390375431889 10.0284228443 10.8492331471 0.0002 0.0002
16.240021 1.52426352844 1.77965505857 -0.446633990515 -0.390375431889 10.0284228443 10.8492331471 0.0002 0.0002
17.480021 1.64187692492 1.88872657728 -0.384257937794 -0.522205025018 11.0678384446 11.9818486835 0.0002 0.0002
17.480021 1.64187692492 1.88872657728 -0.384257937794 -0.522205025018 11.0678384446 11.9818486835 0.0002 0.0002
17.480021 1.64187692492 1.88872657728 -0.384257937794 -0.522205025018 11.0678384446 11.9818486835 0.0002 0.0002
17.480021 1.64187692492 1.88872657728 -0.384257937794 -0.522205025018 11.0678384446 11.9818486835 0.0002 0.0002
18.720021 1.74977852503 1.98667943932 -0.285913571929 -0.654034618147 11.9061986433 13.4416950832 0.0002 0.0002
18.720021 1.74977852503 1.98667943932 -0.730698711653 -0.151887257365 11.9061986433 13.4416950832 0.0002 0.0002
20.0 1.84912574858 2.08027209005 -0.895603247829 -0.249308585053 13.9878309991 13.9552173364 0.0002 0.0002
20.0 1.84912574858 2.08027209005 -0.895603247829 -0.249308585053 13.9878309991 13.9552173364 0.0002 0.0002
22.328798 1.99300877461 2.23913320462 -1.195631103 -0.426557268883 18.8578933729 15.5291723853 0.0002 0.0002
22.595298 2.00671248327 2.25641467252 -4.46621585282 2.024498567 20.3455124189 15.0971098655 0.0002 0.0002
22.595298 2.00671248327 2.25641467252 -4.46621585282 2.024498567 20.3455124189 15.0971098655 0.0002 0.0002
22.861798 2.01892176798 2.27499619924 -8.51611981222 4.13227919439 23.7565494793 13.4323973281 0.0002 0.0002
23.218798 2.03224346402 2.30484388638 -9.62100139147 3.65187082566 30.2315017491 10.6534557709 0.0002 0.0002
23.355298 2.03658609395 2.31823262492 -7.37645205425 2.67215690268 32.560312643 9.79341884738 0.0002 0.0002
23.355298 2.03658609395 2.31823262492 -7.37645205425 2.67215690268 32.560312643 9.79341884738 0.0002 0.0002
23.555298 2.04250747847 2.33964956452 -3.52758953226 1.44169902635 34.7586829936 8.97714780245 0.0002 0.0002
23.555298 2.04250747847 2.33964956452 -3.52758953226 1.44169902635 34.7586829936 8.97714780245 0.0002 0.0002
23.891798 2.05207843963 2.37833601978 3.50019843333 -0.368960897343 34.7681140018 8.62410670828 0.0002 0.0002
27.336298 2.20259346535 2.71332197382 2.18737457241 -0.822736262327 15.1772687836 12.7289075748 0.0002 0.0002
27.336298 2.20259346535 2.71332197382 2.18737457241 -0.822736262327 15.1772687836 12.7289075748 0.0002 0.0002
28.003298 2.25117642619 2.7635144888 1.9331566844 -0.910606248811 12.4288744353 13.8850470297 0.0002 0.0002
28.003298 2.25117642619 2.7635144888 1.9331566844 -0.910606248811 12.4288744353 13.8850470297 0.0002 0.0002
28.805298 2.32476680989 2.81833331264 1.62748540077 -1.01626101517 9.57323948296 15.4303945754 0.0002 0.0002
28.855298 2.33003189809 2.82156455936 1.33893424376 -0.578920861897 9.42498918021 15.5101917204 0.0002 0.0002
28.855298 2.33003189809 2.82156455936 1.33893424376 -0.578920861897 9.42498918021 15.5101917204 0.0002 0.0002
29.055298 2.35169933933 2.83446085464 0.245460495365 1.17833911104 9.11050572738 15.3893850452 0.0002 0.0002
29.055298 2.35169933933 2.83446085464 0.245460495365 1.17833911104 9.11050572738 15.3893850452 0.0002 0.0002
29.305298 2.37899264545 2.85122552105 -1.101032978 3.20638805511 9.32188517453 14.2799470277 0.0002 0.0002
32.666098 2.63156295916 3.61577835318 -1.89861941447 0.551411078272 19.4031169352 1.6507357002 0.0002 0.0002
32.716098 2.63412865605 3.64655617499 -1.29271293247 0.461455138698 19.5627675447 1.6001190132 0.0002 0.0002
32.716098 2.63412865605 3.64655617499 -1.29271293247 0.461455138698 19.5627675447 1.6001190132 0.0002 0.0002
32.916098 2.64430311948 3.77727532781 1.17362008437 0.125350127928 19.5867886343 1.4837358791 0.0002 0.0002
32.916098 2.64430311948 3.77727532781 1.17362008437 0.125350127928 19.5867886343 1.4837358791 0.0002 0.0002
33.166098 2.65743598596 3.94552271711 4.06306948166 -0.280667353738 18.2601230354 1.52206246857 0.0002 0.0002
36.526898 3.28789754613 4.88342652806 0.840600517365 -2.66266170903 1.77986890271 11.4140027827 0.0002 0.0002
36.576898 3.31664020394 4.88775960415 0.720633359552 -2.20383382085 1.70186228825 11.6574995375 0.0002 0.0002
36.576898 3.31664020394 4.88775960415 0.720633359552 -2.20383382085 1.70186228825 11.6574995375 0.0002 0.0002
36.776898 3.44279603363 4.90447172214 0.29243112557 -0.222914926922 1.50150808905 12.1484086318 0.0002 0.0002
36.776898 3.44279603363 4.90447172214 0.29243112557 -0.222914926922 1.50150808905 12.1484086318 0.0002 0.0002
37.026898 3.61297693893 4.92532132188 -0.192683526336 2.26322978138 1.47700231019 11.6291296965 0.0002 0.0002
37.333412 3.80993521517 4.95334345734 -0.407912659763 2.1018640703 1.66109344957 10.2911673197 0.0002 0.0002
37.333412 3.80993521517 4.95334345734 -0.407912659763 2.1018640703 1.66109344957 10.2911673197 0.0002 0.0002
40.387698 4.62003966825 5.62129221303 -2.5525824922 0.493921097951 10.7032923453 2.36289702128 0.0002 0.0002
40.437698 4.62465937959 5.64265716849 -2.10854003108 0.366119553188 10.9365186833 2.31992634018 0.0002 0.0002
40.437698 4.62465937959 5.64265716849 -2.10854003108 0.366119553188 10.9365186833 2.31992634018 0.0002 0.0002
40.637698 4.64246655528 5.73039273183 -0.188932967562 -0.123838638145 11.4014542725 2.27202808315 0.0002 0.0002
40.637698 4.64246655528 5.73039273183 -0.188932967562 -0.123838638145 11.4014542725 2.27202808315 0.0002 0.0002
40.887698 4.66470501698 5.83663351661 2.21532726913 -0.769206347334 10.885407082 2.49130367264 0.0002 0.0002
41.194212 4.69472760618 5.94856033709 2.04897748969 -0.965036233478 9.57833797311 3.02287330306 0.0002 0.0002
41.194212 4.69472760618 5.94856033709 2.04897748969 -0.965036233478 9.57833797311 3.02287330306 0.0002 0.0002
44.248498 5.43843837323 0.138238903508 0.391370325134 -2.91640054189 2.12481780715 14.877891306 0.0002 0.0002
44.298498 5.46216715533 0.141569293915 0.275664336662 -2.30620861927 2.09148961543 15.1392063961 0.0002 0.0002
44.298498 5.46216715533 0.141569293915 0.275664336662 -2.30620861927 2.09148961543 15.1392063961 0.0002 0.0002
44.498498 5.5589538151 0.154531222457 -0.173340996173 0.276025237324 2.07125316849 15.5498957036 0.0002 0.0002
44.498498 5.5589538151 0.154531222457 -0.173340996173 0.276025237324 2.07125316849 15.5498957036 0.0002 0.0002
44.748498 5.674657522 0.170971394107 -0.775442760631 3.41097751464 2.3043468506 14.6115131717 0.0002 0.0002
44.854298 5.71896328103 0.178395489968 -0.848964137855 3.31949086319 2.47620910046 13.8994296173 0.0002 0.0002
44.854298 5.71896328103 0.178395489968 -0.848964137855 3.31949086319 2.47620910046 13.8994296173 0.0002 0.0002
45.055012 5.79465659037 0.193561828949 -0.988442112411 3.14593082767 2.84500225858 12.6017289681 0.0002 0.0002
45.055012 5.79465659037 0.193561828949 -0.988442112411 3.14593082767 2.84500225858 12.6017289681 0.0002 0.0002
48.109298 0.0 0.98906797338 -3.1108930874 0.504849554508 15.3655443687 1.45120155772 0.0002 0.0002
48.159298 0.0 1.02409173727 -2.45990950249 0.400105082221 15.6442880208 1.40598682945 0.0002 0.0002
48.159298 0.0 1.02409173727 -2.45990950249 0.400105082221 15.6442880208 1.40598682945 0.0002 0.0002
48.359298 0.00742304561014 1.17199611534 0.299861695447 0.00743573978861 16.0814154512 1.32541756938 0.0002 0.0002
48.359298 0.00742304561014 1.17199611534 0.299861695447 0.00743573978861 16.0814154512 1.32541756938 0.0002 0.0002
48.609298 0.0233332371903 1.35541768368 3.64613339189 -0.488319627763 15.0765089308 1.44349141228 0.0002 0.0002
48.715098 0.030534924319 1.42606179449 3.54582265334 -0.579091661398 14.3155999812 1.55642352667 0.0002 0.0002
48.715098 0.030534924319 1.42606179449 3.54582265334 -0.579091661398 14.3155999812 1.55642352667 0.0002 0.0002
48.915812 0.0452880012082 1.54548798606 3.35552237377 -0.751295989933 12.9304034154 1.82345095372 0.0002 0.0002
48.915812 0.0452880012082 1.54548798606 3.35552237377 -0.751295989933 12.9304034154 1.82345095372 0.0002 0.0002
51.970098 0.895554908879 2.18363609575 0.459703050355 -3.37174732757 1.27761381568 14.4164044358 0.0002 0.0002
52.020098 0.935357664323 2.1870666594 0.359956189086 -2.79017897857 1.23665977784 14.724718562 0.0002 0.0002
52.020098 0.935357664323 2.1870666594 0.359956189086 -2.79017897857 1.23665977784 14.724718562 0.0002 0.0002
52.220098 1.10344740793 2.20029693399 -0.0166126600995 -0.279570303479 1.16875676446 15.345702526 0.0002 0.0002
52.220098 1.10344740793 2.20029693399 -0.0166126600995 -0.279570303479 1.16875676446 15.345702526 0.0002 0.0002
52.470098 1.30993393561 2.2168040105 -0.496511322937 2.8708109352 1.29481944813 14.6862049929 0.0002 0.0002
52.575898 1.38829762451 2.22416005353 -0.598365049212 2.80423440542 1.4106573683 14.0857851958 0.0002 0.0002
52.575898 1.38829762451 2.22416005353 -0.598365049212 2.80423440542 1.4106573683 14.0857851958 0.0002 0.0002
55.830898 2.15807172146 2.80510121601 -3.73195558818 0.755967822928 15.505851043 2.49732694255 0.0002 0.0002
55.880898 2.16126025615 2.82541247103 -3.08571999359 0.618259852655 15.846983814 2.42866565983 0.0002 0.0002
55.880898 2.16126025615 2.82541247103 -3.08571999359 0.618259852655 15.846983814 2.42866565983 0.0002 0.0002
56.080898 2.1735456657 2.91091874811 -0.290529583829 0.110194623129 16.5302304566 2.28465244289 0.0002 0.0002
56.080898 2.1735456657 2.91091874811 -0.290529583829 0.110194623129 16.5302304566 2.28465244289 0.0002 0.0002
56.330898 2.18888173005 3.01925311142 3.21335208983 -0.511009478577 15.7858947843 2.3830671216 0.0002 0.0002
56.436698 2.19573132727 3.06263755497 3.13744560209 -0.566999352088 15.1139803885 2.49712045588 0.0002 0.0002
56.436698 2.19573132727 3.06263755497 3.13744560209 -0.566999352088 15.1139803885 2.49712045588 0.0002 0.0002
59.691698 2.78193377747 3.70583979523 0.802137307253 -2.28956115054 2.29063801859 11.795224892 0.0002 0.0002
59.741698 2.80413115435 3.71004096657 0.672427017517 -1.80725044079 2.21696182078 12.0002102405 0.0002 0.0002
59.741698 2.80413115435 3.71004096657 0.672427017517 -1.80725044079 2.21696182078 12.0002102405 0.0002 0.0002
59.941698 2.89874840802 3.72639839328 0.200278572013 0.232455551147 2.04436633822 12.3187766216 0.0002 0.0002
59.941698 2.89874840802 3.72639839328 0.200278572013 0.232455551147 2.04436633822 12.3187766216 0.0002 0.0002
60.191698 3.02126857404 3.7471553565 -0.358398395281 2.70609155705 2.08321292413 11.5708901633 0.0002 0.0002
60.498212 3.16013401829 3.77568328019 -0.52443305183 2.4856162959 2.35381312231 9.97955902243 0.0002 0.0002
60.498212 3.16013401829 3.77568328019 -0.52443305183 2.4856162959 2.35381312231 9.97955902243 0.0002 0.0002
62.097498 3.62453816219 4.03599435919 -1.39074552609 1.33525122776 5.41673140947 3.86889908397 0.0002 0.0002
62.097498 3.62453816219 4.03599435919 -1.39074552609 1.33525122776 5.41673140947 3.86889908397 0.0002 0.0002
63.552498 3.81765848071 4.68294833835 -2.17890014636 0.288670957477 10.6105658629 1.50609230444 0.0002 0.0002
63.602498 3.82232528168 4.71643765904 -1.86276183093 0.205750075037 10.8127558875 1.48138431658 0.0002 0.0002
63.602498 3.82232528168 4.71643765904 -1.86276183093 0.205750075037 10.8127558875 1.48138431658 0.0002 0.0002
63.802498 3.84035162526 4.85324793408 -0.50116554631 -0.118030657524 11.2895824027 1.4639873717 0.0002 0.0002
63.802498 3.84035162526 4.85324793408 -0.50116554631 -0.118030657524 11.2895824027 1.4639873717 0.0002 0.0002
64.052498 3.86254015328 5.01702450843 1.25502581711 -0.543704852943 11.0985857439 1.62726843233 0.0002 0.0002
68.445984 4.52912341833 5.84727719382 0.235650803648 -4.041754779 4.54931888012 21.7734211288 0.0002 0.0002
68.445984 4.52912341833 5.84727719382 0.235650803648 -4.041754779 4.54931888012 21.7734211288 0.0002 0.0002
68.646698 4.5736770086 5.8561641434 0.189081214841 -4.20156127272 4.46406921776 23.4279700668 0.0002 0.0002
68.646698 4.5736770086 5.8561641434 0.189081214841 -4.20156127272 4.46406921776 23.4279700668 0.0002 0.0002
68.752498 4.59747954799 5.86059599295 0.164533537569 -4.28579818213 4.42665677695 24.3259326972 0.0002 0.0002
68.802498 4.60879006438 5.86263439557 0.0304909936255 -3.63963065388 4.41691005542 24.7223874179 0.0002 0.0002
68.802498 4.60879006438 5.86263439557 0.0304909936255 -3.63963065388 4.41691005542 24.7223874179 0.0002 0.0002
69.002498 4.65376996651 5.87054963205 -0.511436536499 -0.890544059819 4.51239400414 25.6351834359 0.0002 0.0002
69.002498 4.65376996651 5.87054963205 -0.511436536499 -0.890544059819 4.51239400414 25.6351834359 0.0002 0.0002
69.252498 4.70699864635 5.88032988936 -1.25915378618 2.62678619753 4.9499961731 25.1960362166 0.0002 0.0002
69.7 4.78798633318 5.89895770377 -1.49289178831 2.48647570057 6.18154207177 22.9078412907 0.0002 0.0002
69.7 4.78798633318 5.89895770377 -1.49289178831 2.48647570057 6.18154207177 22.9078412907 0.0002 0.0002
70.002498 4.8335588085 5.91261014437 -1.65089170377 2.39162999103 7.13253029056 21.4322240752 0.0002 0.0002
70.002498 4.8335588085 5.91261014437 -1.65089170377 2.39162999103 7.13253029056 21.4322240752 0.0002 0.0002
70.251298 4.86652988954 5.92454976861 -1.78084422896 2.31362083879 7.98634619062 20.2615576687 0.0002 0.0002
70.251298 4.86652988954 5.92454976861 -1.78084422896 2.31362083879 7.98634619062 20.2615576687 0.0002 0.0002
71.491298 4.98837517208 5.99579796526 -2.19319041118 1.92448012396 12.9565711052 15.0015934645 0.0002 0.0002
71.491298 4.98837517208 5.99579796526 -2.19319041118 1.92448012396 12.9565711052 15.0015934645 0.0002 0.0002
71.491298 4.98837517208 5.99579796526 -2.19319041118 1.92448012396 12.9565711052 15.0015934645 0.0002 0.0002
71.491298 4.98837517208 5.99579796526 -2.19319041118 1.92448012396 12.9565711052 15.0015934645 0.0002 0.0002
72.731298 5.06787044412 6.09388102397 -2.40617152372 1.53533940913 18.7088770991 10.7075648282 0.0002 0.0002
72.731298 5.06787044412 6.09388102397 -2.40617152372 1.53533940913 18.7088770991 10.7075648282 0.0002 0.0002
73.630098 5.11090727067 6.18994361378 -2.73235612771 1.25352821125 23.3273857522 8.20093061104 0.0002 0.0002
73.680098 5.11303894638 6.19608515502 -2.24621818795 1.06504403979 23.5764032157 8.08504329389 0.0002 0.0002
73.680098 5.11303894638 6.19608515502 -2.24621818795 1.06504403979 23.5764032157 8.08504329389 0.0002 0.0002
73.880098 5.12141008167 6.22133842822 -0.226986473013 0.34887812745 24.0738839545 7.80386030172 0.0002 0.0002
73.880098 5.12141008167 6.22133842822 -0.226986473013 0.34887812745 24.0738839545 7.80386030172 0.0002 0.0002
74.130098 5.1318630548 6.2534361366 2.30243485535 -0.518139940946 23.5503492728 7.84580274729 0.0002 0.0002
74.436612 5.14527958782 0.00852426691225 2.22042299581 -0.567695546548 22.1640300214 8.1786265259 0.0002 0.0002
74.436612 5.14527958782 0.00852426691225 2.22042299581 -0.567695546548 22.1640300214 8.1786265259 0.0002 0.0002
75.985612 5.22781707021 0.177895210301 1.80596763515 -0.818129892377 15.9271509341 10.3252701308 0.0002 0.0002
75.985612 5.22781707021 0.177895210301 1.80596763515 -0.818129892377 15.9271509341 10.3252701308 0.0002 0.0002
78.030098 5.39339038676 0.346677308915 1.25893846634 -1.14867186395 9.66099331826 14.3463687864 0.0002 0.0002
78.080098 5.39859793798 0.350149785224 1.04947145056 -0.859777020213 9.54561233734 14.4468256391 0.0002 0.0002
78.080098 5.39859793798 0.350149785224 1.04947145056 -0.859777020213 9.54561233734 14.4468256391 0.0002 0.0002
78.280098 5.41989857538 0.363904524114 0.246384435695 0.319069327426 9.28785212783 14.5555637111 0.0002 0.0002
78.280098 5.41989857538 0.363904524114 0.246384435695 0.319069327426 9.28785212783 14.5555637111 0.0002 0.0002
78.530098 5.44675752334 0.381323209903 -0.740636310509 1.75430618772 9.41036785697 14.0327354702 0.0002 0.0002
78.635898 5.45790713422 0.388963633747 -0.758046443818 1.72356314092 9.56892849238 13.6647768952 0.0002 0.0002
78.635898 5.45790713422 0.388963633747 -0.758046443818 1.72356314092 9.56892849238 13.6647768952 0.0002 0.0002
78.836612 5.47855149732 0.4040324313 -0.791075342657 1.66524026858 9.87985892263 12.9845966077 0.0002 0.0002
78.836612 5.47855149732 0.4040324313 -0.791075342657 1.66524026858 9.87985892263 12.9845966077 0.0002 0.0002
83.821298 5.82464252483 1.22053052652 -1.61134044442 0.216805155687 21.8551472626 3.60319112998 0.0002 0.0002
83.871298 5.82692258622 1.23444392901 -1.22584698738 0.138143182471 21.9970489556 3.58544900393 0.0002 0.0002
83.871298 5.82692258622 1.23444392901 -1.22584698738 0.138143182471 21.9970489556 3.58544900393 0.0002 0.0002
84.071298 5.83595692448 1.29033109617 0.345986393308 -0.174354863047 22.1738655835 3.59265697906 0.0002 0.0002
84.071298 5.83595692448 1.29033109617 0.345986393308 -0.174354863047 22.1738655835 3.59265697906 0.0002 0.0002
84.271298 5.84504809478 1.34515100176 1.89810311261 -0.496884111281 21.7228937571 3.72626784047 0.0002 0.0002
84.271298 5.84504809478 1.34515100176 1.89810311261 -0.496884111281 21.7228937571 3.72626784047 0.0002 0.0002
84.321298 5.84736060261 1.35847564624 2.27258862573 -0.581230710023 21.5142969573 3.78015751116 0.0002 0.0002
84.427098 5.85233380175 1.38600892395 2.24227292776 -0.618674208716 21.036624605 3.90710745156 0.0002 0.0002
84.427098 5.85233380175 1.38600892395 2.24227292776 -0.618674208716 21.036624605 3.90710745156 0.0002 0.0002
84.627812 5.86208324763 1.43575694252 2.18476078217 -0.689708560292 20.1480569609 4.16971819066 0.0002 0.0002
84.627812 5.86208324763 1.43575694252 2.18476078217 -0.689708560292 20.1480569609 4.16971819066 0.0002 0.0002
89.612498 0.072819628375 2.01579021437 0.756459881552 -2.45383033465 5.48699549557 19.8392725107 0.0002 0.0002
89.662498 0.0819917022926 2.01829588253 0.623418002767 -2.03157517804 5.41802679618 20.063624756 0.0002 0.0002
89.662498 0.0819917022926 2.01829588253 0.623418002767 -2.03157517804 5.41802679618 20.063624756 0.0002 0.0002
89.862498 0.119532907245 2.02812235752 0.112921375177 -0.272562914717 5.27161375793 20.5271651055 0.0002 0.0002
89.862498 0.119532907245 2.02812235752 0.112921375177 -0.272562914717 5.27161375793 20.5271651055 0.0002 0.0002
90.112498 0.166743889111 2.04037215471 -0.518127451868 1.93830566586 5.37200008237 20.106883804 0.0002 0.0002
90.218298 0.186237190594 2.04568820373 -0.543109329885 1.91327475317 5.48427893388 19.6993865957 0.0002 0.0002
90.218298 0.186237190594 2.04568820373 -0.543109329885 1.91327475317 5.48427893388 19.6993865957 0.0002 0.0002
90.419012 0.222106591801 2.05607924579 -0.590502644293 1.86578841473 5.71181072767 18.940875711 0.0002 0.0002
90.419012 0.222106591801 2.05607924579 -0.590502644293 1.86578841473 5.71181072767 18.940875711 0.0002 0.0002
95.297898 0.738503441152 2.51646334709 -1.74252282303 0.711507039998 17.0943760178 6.36654499906 0.0002 0.0002
95.297898 0.738503441152 2.51646334709 -1.74252282303 0.711507039998 17.0943760178 6.36654499906 0.0002 0.0002
95.403698 0.744626498089 2.53327872285 -1.76750470105 0.686476127317 17.4657369299 6.21863837996 0.0002 0.0002
95.453698 0.747475834595 2.54136062587 -1.40293690462 0.543254254788 17.6243154365 6.15717372844 0.0002 0.0002
95.453698 0.747475834595 2.54136062587 -1.40293690462 0.543254254788 17.6243154365 6.15717372844 0.0002 0.0002
95.653698 0.758708504759 2.57422441398 0.0993099917264 -0.0124140944665 17.8865352881 6.05160598985 0.0002 0.0002
95.653698 0.758708504759 2.57422441398 0.0993099917264 -0.0124140944665 17.8865352881 6.05160598985 0.0002 0.0002
95.903698 0.772830006198 2.61512854488 1.95561828104 -0.712641226621 17.3681842595 6.23127450305 0.0002 0.0002
101.194898 1.41867321212 3.10171712037 0.485856578528 -1.99301744736 4.44985248259 20.5474556788 0.0002 0.0002
101.244898 1.42996634985 3.10413969426 0.369820113304 -1.52439629535 4.40708517503 20.7233943664 0.0002 0.0002
101.244898 1.42996634985 3.10413969426 0.369820113304 -1.52439629535 4.40708517503 20.7233943664 0.0002 0.0002
101.444898 1.47580221833 3.1137087934 -0.0824469397838 0.398602564704 4.3499633191 20.949955798 0.0002 0.0002
101.444898 1.47580221833 3.1137087934 -0.0824469397838 0.398602564704 4.3499633191 20.949955798 0.0002 0.0002
101.694898 1.53239864788 3.12581620555 -0.660402171679 2.74445289915 4.5339018501 20.1565109973 0.0002 0.0002
101.800698 1.55537575691 3.13114179763 -0.693914732785 2.6996689632 4.6771885786 19.5805229043 0.0002 0.0002
101.800698 1.55537575691 3.13114179763 -0.693914732785 2.6996689632 4.6771885786 19.5805229043 0.0002 0.0002
102.001412 1.59702411358 3.14168384987 -0.757491672197 2.61470901121 4.96850616377 18.5138528436 0.0002 0.0002
102.001412 1.59702411358 3.14168384987 -0.757491672197 2.61470901121 4.96850616377 18.5138528436 0.0002 0.0002
104.444898 1.94108503313 3.34054738643 -1.53147535733 1.5804091953 10.5615650549 8.26314023761 0.0002 0.0002
104.444898 1.94108503313 3.34054738643 -1.53147535733 1.5804091953 10.5615650549 8.26314023761 0.0002 0.0002
106.986098 2.11512702518 3.87975362175 -2.33641033164 0.504748155218 20.3906361677 2.96433837847 0.0002 0.0002
107.036098 2.1175660208 3.8967578853 -1.91226072523 0.421318781915 20.6031453367 2.91805149933 0.0002 0.0002
107.036098 2.1175660208 3.8967578853 -1.91226072523 0.421318781915 20.6031453367 2.91805149933 0.0002 0.0002
107.236098 2.1271496996 3.96680913969 -0.152623603683 0.102139342984 21.0184893718 2.81395181995 0.0002 0.0002
107.236098 2.1271496996 3.96680913969 -0.152623603683 0.102139342984 21.0184893718 2.81395181995 0.0002 0.0002
107.486098 2.13912841558 4.05543672462 2.04730978918 -0.289469782777 20.5405590489 2.86037225245 0.0002 0.0002
107.792612 2.15451983499 4.15899968409 1.96984059802 -0.405607691843 19.3092462152 3.07342322951 0.0002 0.0002
107.792612 2.15451983499 4.15899968409 1.96984059802 -0.405607691843 19.3092462152 3.07342322951 0.0002 0.0002
112.046858 2.52573345927 4.88430034416 0.894610766398 -2.01753809336 7.12316545589 13.3820814936 0.0002 0.0002
112.046858 2.52573345927 4.88430034416 0.894610766398 -2.01753809336 7.12316545589 13.3820814936 0.0002 0.0002
112.777298 2.63815896106 4.93342954606 0.709997352362 -2.29430122424 5.95109550162 16.5316214048 0.0002 0.0002
112.827298 2.64660770966 4.93643435429 0.560895294545 -1.92487046579 5.88757541603 16.7426615564 0.0002 0.0002
112.827298 2.64660770966 4.93643435429 0.560895294545 -1.92487046579 5.88757541603 16.7426615564 0.0002 0.0002
113.027298 2.68100713331 4.94818194891 -0.0162458146532 -0.375611046976 5.77931413073 17.2056241496 0.0002 0.0002
113.027298 2.68100713331 4.94818194891 -0.0162458146532 -0.375611046976 5.77931413073 17.2056241496 0.0002 0.0002
113.227298 2.71536816699 4.95982678195 -0.594599874587 1.20134768966 5.90073339556 17.0394479925 0.0002 0.0002
113.227298 2.71536816699 4.95982678195 -0.594599874587 1.20134768966 5.90073339556 17.0394479925 0.0002 0.0002
113.277298 2.72379577131 4.96277266422 -0.744390810291 1.58620879892 5.96765706776 16.9000162776 0.0002 0.0002
113.383098 2.74129196175 4.96909571912 -0.771943608402 1.56419704652 6.12808524926 16.5667033391 0.0002 0.0002
113.383098 2.74129196175 4.96909571912 -0.771943608402 1.56419704652 6.12808524926 16.5667033391 0.0002 0.0002
113.583812 2.7732265411 4.98144463442 -0.824214235244 1.52243838044 6.44845647469 15.947172396 0.0002 0.0002
113.583812 2.7732265411 4.98144463442 -0.824214235244 1.52243838044 6.44845647469 15.947172396 0.0002 0.0002
115.622798 3.01898443122 5.13889369476 -1.35521394798 1.0982261406 10.8922800283 10.6036741269 0.0002 0.0002
115.622798 3.01898443122 5.13889369476 -1.35521394798 1.0982261406 10.8922800283 10.6036741269 0.0002 0.0002
117.267498 3.14368083952 5.32371269103 -1.78353235112 0.756045335596 16.0545760664 7.55395383004 0.0002 0.0002
117.267498 3.14368083952 5.32371269103 -1.78353235112 0.756045335596 16.0545760664 7.55395383004 0.0002 0.0002
118.462698 3.20930643317 5.50153483622 -2.0947904258 0.507383270697 20.6899474494 6.0439039598 0.0002 0.0002
118.462698 3.20930643317 5.50153483622 -2.0947904258 0.507383270697 20.6899474494 6.0439039598 0.0002 0.0002
118.568498 3.21436578861 5.5191951143 -2.12234322391 0.485371518298 21.1361201895 5.93887050313 0.0002 0.0002
118.618498 3.21672041894 5.52764554858 -1.67993264044 0.349124755752 21.3263016542 5.89716052879 0.0002 0.0002
118.618498 3.21672041894 5.52764554858 -1.67993264044 0.349124755752 21.3263016542 5.89716052879 0.0002 0.0002
118.818498 3.22600488285 5.5617569454 0.142118385895 -0.186689211752 21.6356274449 5.86485710805 0.0002 0.0002
118.818498 3.22600488285 5.5617569454 0.142118385895 -0.186689211752 21.6356274449 5.86485710805 0.0002 0.0002
119.068498 3.23768260827 5.60365336806 2.39154472005 -0.878855052497 20.996516633 6.12889868961 0.0002 0.0002
122.440498 3.49274737166 5.95878887103 1.31240822864 -1.85398722227 8.50678728998 15.3440428401 0.0002 0.0002
122.440498 3.49274737166 5.95878887103 1.31240822864 -1.85398722227 8.50678728998 15.3440428401 0.0002 0.0002
124.359698 3.80291012138 6.05997518671 0.698209309811 -2.40899127335 4.64801011018 23.5255511689 0.0002 0.0002
124.409698 3.81374417823 6.06209051945 0.575952636477 -1.87276080261 4.58432662277 23.7397215497 0.0002 0.0002
124.409698 3.81374417823 6.06209051945 0.575952636477 -1.87276080261 4.58432662277 23.7397215497 0.0002 0.0002
124.609698 3.85818455872 6.07043502996 0.108145459411 0.333587393836 4.44834680113 24.0494739684 0.0002 0.0002
124.609698 3.85818455872 6.07043502996 0.108145459411 0.333587393836 4.44834680113 24.0494739684 0.0002 0.0002
124.859698 3.91412712038 6.08096837795 -0.469258260699 3.03786177293 4.53776275004 23.1983725981 0.0002 0.0002
124.965498 3.93718615392 6.08559308395 -0.497707855326 2.9912125386 4.64006776511 22.560496536 0.0002 0.0002
124.965498 3.93718615392 6.08559308395 -0.497707855326 2.9912125386 4.64006776511 22.560496536 0.0002 0.0002
125.166212 3.97950591255 6.09473276199 -0.55167980179 2.90271391462 4.85069455932 21.3775029819 0.0002 0.0002
125.166212 3.97950591255 6.09473276199 -0.55167980179 2.90271391462 4.85069455932 21.3775029819 0.0002 0.0002
129.341898 4.50782261215 0.235315508824 -1.67452076577 1.0615744565 14.1466091025 4.82387953061 0.0002 0.0002
129.341898 4.50782261215 0.235315508824 -1.67452076577 1.0615744565 14.1466091025 4.82387953061 0.0002 0.0002
130.150898 4.55996449003 0.436584894905 -1.89206067176 0.704870953982 17.0319734854 3.39482519353 0.0002 0.0002
130.200898 4.56288495444 0.451461254286 -1.53811811219 0.611790224318 17.2035434737 3.32901554805 0.0002 0.0002
130.200898 4.56288495444 0.451461254286 -1.53811811219 0.611790224318 17.2035434737 3.32901554805 0.0002 0.0002
130.400898 4.57437004257 0.513386188695 -0.0721870449259 0.261779576101 17.5274505479 3.15528945265 0.0002 0.0002
130.400898 4.57437004257 0.513386188695 -0.0721870449259 0.261779576101 17.5274505479 3.15528945265 0.0002 0.0002
130.650898 4.58874569884 0.593398181639 1.75532353973 -0.153119988734 17.102883158 3.12836363618 0.0002 0.0002
130.756698 4.59499961844 0.627030861368 1.73007710607 -0.187732511742 16.7341277697 3.16442583073 0.0002 0.0002
130.756698 4.59499961844 0.627030861368 1.73007710607 -0.187732511742 16.7341277697 3.16442583073 0.0002 0.0002
135.061658 5.02909411283 1.45255854594 0.702809742419 -1.59610233261 6.26064720244 10.8437634823 0.0002 0.0002
135.061658 5.02909411283 1.45255854594 0.702809742419 -1.59610233261 6.26064720244 10.8437634823 0.0002 0.0002
135.792098 5.15550938603 1.5133049541 0.528509127988 -1.83506614458 5.36124264674 13.3500261848 0.0002 0.0002
135.842098 5.16487786592 1.51702611094 0.393380771398 -1.53783302227 5.31516595769 13.5187363497 0.0002 0.0002
135.842098 5.16487786592 1.51702611094 0.393380771398 -1.53783302227 5.31516595769 13.5187363497 0.0002 0.0002
136.042098 5.20281524745 1.53157836428 -0.135041365469 -0.291844474866 5.26381521347 13.8869515403 0.0002 0.0002
136.042098 5.20281524745 1.53157836428 -0.135041365469 -0.291844474866 5.26381521347 13.8869515403 0.0002 0.0002
136.242098 5.24036803708 1.54600806051 -0.673546008333 0.975666051003 5.4245400679 13.7493352159 0.0002 0.0002
136.242098 5.24036803708 1.54600806051 -0.673546008333 0.975666051003 5.4245400679 13.7493352159 0.0002 0.0002
136.292098 5.24952476432 1.5496589484 -0.814400578873 1.28488833781 5.49890865819 13.6362637943 0.0002 0.0002
136.397898 5.26846585276 1.55749563773 -0.846401777908 1.2643204426 5.67462154754 13.3665575053 0.0002 0.0002
136.397898 5.26846585276 1.55749563773 -0.846401777908 1.2643204426 5.67462154754 13.3665575053 0.0002 0.0002
139.002498 5.58772577052 1.81051381302 -1.63421201425 0.757976965768 12.1356282306 8.09928167548 0.0002 0.0002
139.002498 5.58772577052 1.81051381302 -1.63421201425 0.757976965768 12.1356282306 8.09928167548 0.0002 0.0002
141.496798 5.74038535876 2.19252387164 -2.38865994196 0.273076200097 22.169877751 5.52752576386 0.0002 0.0002
141.633298 5.74646839434 2.21731719561 -1.15286850333 -0.0618110756299 22.6545370516 5.49876163167 0.0002 0.0002
141.633298 5.74646839434 2.21731719561 -1.15286850333 -0.0618110756299 22.6545370516 5.49876163167 0.0002 0.0002
141.833298 5.75525530681 2.25339418724 0.710685668555 -0.558817424011 22.7434626035 5.62221000196 0.0002 0.0002
141.833298 5.75525530681 2.25339418724 0.710685668555 -0.558817424011 22.7434626035 5.62221000196 0.0002 0.0002
142.169798 5.77044630332 2.31039141865 3.67947525405 -1.49661081924 21.2427662905 6.30330408602 0.0002 0.0002
147.464298 0.736825112413 2.66665377305 0.0559222216078 -4.21793816261 1.46570435568 36.5589836704 0.0002 0.0002
147.774298 0.945776328122 2.67491438277 -0.291146285501 -0.91898526882 1.5379545684 38.166374419 0.0002 0.0002
147.774298 0.945776328122 2.67491438277 -0.291146285501 -0.91898526882 1.5379545684 38.166374419 0.0002 0.0002
147.974298 1.06996846848 2.68014957619 -0.529877793878 1.28696264285 1.70152804001 38.0924933446 0.0002 0.0002
147.974298 1.06996846848 2.68014957619 -0.529877793878 1.28696264285 1.70152804001 38.0924933446 0.0002 0.0002
148.484298 1.31794812212 2.69413102501 -1.27943745927 6.41361213091 2.60177990763 34.0634914534 0.0002 0.0002
148.795099 1.42119964251 2.70382201248 -1.59444099531 6.0291706222 3.49498420519 30.1962621309 0.0002 0.0002
148.795099 1.42119964251 2.70382201248 -1.59444099531 6.0291706222 3.49498420519 30.1962621309 0.0002 0.0002
149.451742 1.56477736223 2.72884391712 -2.25996287883 5.21694406694 6.02595152831 22.8115796431 0.0002 0.0002
149.761742 1.61138715182 2.74326350319 -1.6323784001 2.22914444593 7.24889289903 20.5335230143 0.0002 0.0002
149.761742 1.61138715182 2.74326350319 -1.6323784001 2.22914444593 7.24889289903 20.5335230143 0.0002 0.0002
149.961742 1.63792309605 2.75316353821 -1.08288038828 0.520080596685 7.79497235173 19.9867030973 0.0002 0.0002
149.961742 1.63792309605 2.75316353821 -1.08288038828 0.520080596685 7.79497235173 19.9867030973 0.0002 0.0002
150.471742 1.70107926842 2.77811419151 0.54555894639 -3.94381761529 8.07932095668 21.6725306769 0.0002 0.0002
150.968217 1.7645754388 2.79912099122 0.465819185634 -4.32303022459 7.57719699858 25.7768139582 0.0002 0.0002
150.968217 1.7645754388 2.79912099122 0.465819185634 -4.32303022459 7.57719699858 25.7768139582 0.0002 0.0002
150.968217 1.7645754388 2.79912099122 0.465819185634 -4.32303022459 7.57719699858 25.7768139582 0.0002 0.0002
153.973287 2.21733548071 2.87648084177 -0.0168306212133 -6.61833298067 6.2279549333 58.6563762855 0.0002 0.0002
154.283287 2.26665084589 2.8816254745 -0.538659656246 -2.25157674852 6.39884521114 61.4273833169 0.0002 0.0002
154.283287 2.26665084589 2.8816254745 -0.538659656246 -2.25157674852 6.39884521114 61.4273833169 0.0002 0.0002
154.483287 2.29728302654 2.88486795181 -0.898712500786 0.701378056488 6.68540329935 61.7384189456 0.0002 0.0002
154.483287 2.29728302654 2.88486795181 -0.898712500786 0.701378056488 6.68540329935 61.7384189456 0.0002 0.0002
154.993287 2.36720195 2.89335490914 -2.0096933612 7.84958206892 8.13857953695 57.2843671184 0.0002 0.0002
155.304088 2.40265372394 2.89902177615 -2.20212067871 7.50985419325 9.44761555237 52.5106389687 0.0002 0.0002
155.304088 2.40265372394 2.89902177615 -2.20212067871 7.50985419325 9.44761555237 52.5106389687 0.0002 0.0002
155.960731 2.46285862223 2.91282190947 -2.60867037145 6.79209610538 12.6065878199 43.1193634187 0.0002 0.0002
156.270731 2.48603341534 2.92035443113 -2.35397465784 5.21679698432 14.1500357801 39.4086789121 0.0002 0.0002
156.270731 2.48603341534 2.92035443113 -2.35397465784 5.21679698432 14.1500357801 39.4086789121 0.0002 0.0002
156.470731 2.4997296397 2.92556018151 -2.14023406632 4.31250202229 15.050097489 37.5053974638 0.0002 0.0002
156.470731 2.4997296397 2.92556018151 -2.14023406632 4.31250202229 15.050097489 37.5053974638 0.0002 0.0002
156.980731 2.53157640205 2.93987061129 -1.4474871289 2.29292216505 16.8961298835 34.1660036308 0.0002 0.0002
157.477206 2.55975409417 2.95490159243 -1.53843688235 2.20199293606 18.378566507 31.934390656 0.0002 0.0002
157.477206 2.55975409417 2.95490159243 -1.53843688235 2.20199293606 18.378566507 31.934390656 0.0002 0.0002
157.477206 2.55975409417 2.95490159243 -1.53843688235 2.20199293606 18.378566507 31.934390656 0.0002 0.0002
158.548502 2.61319657593 2.99110829357 -1.73468867162 2.00578543456 21.8850528205 27.4266145187 0.0002 0.0002
158.548502 2.61319657593 2.99110829357 -1.73468867162 2.00578543456 21.8850528205 27.4266145187 0.0002 0.0002
158.813005 2.62503384896 3.00094223557 -1.78314324162 1.95734179922 22.815529915 26.3783554759 0.0002 0.0002
158.813005 2.62503384896 3.00094223557 -1.78314324162 1.95734179922 22.815529915 26.3783554759 0.0002 0.0002
165.740498 2.81952532438 3.49639529372 -3.0521976359 0.688573790031 56.3123199967 8.04879375282 0.0002 0.0002
165.740498 2.81952532438 3.49639529372 -3.0521976359 0.688573790031 56.3123199967 8.04879375282 0.0002 0.0002
168.065698 2.85617860713 3.84250272081 -3.4781533572 0.262714193354 71.4966921258 5.83685893385 0.0002 0.0002
168.065698 2.85617860713 3.84250272081 -3.4781533572 0.262714193354 71.4966921258 5.83685893385 0.0002 0.0002
168.277698 2.85911350224 3.87915711517 -3.51698984994 0.223886464774 72.9796624857 5.73369959433 0.0002 0.0002
168.277698 2.85911350224 3.87915711517 -3.51698984994 0.223886464774 72.9796624857 5.73369959433 0.0002 0.0002
