0.0 0.0 0.0 -1.25287976099 0.789987518004 5.79735938488 9.99584375794 0.0002 0.0002
0.0 0.0 0.0 -1.25287976099 0.789987518004 5.79735938488 9.99584375794 0.0002 0.0002
0.0 0.0 0.0 -1.25287976099 0.789987518004 5.79735938488 9.99584375794 0.0002 0.0002
0.423 0.066753540216 0.0437532690482 -1.4403765648 0.721260357547 6.93660681069 9.35658590658 0.0002 0.0002
0.423 0.066753540216 0.0437532690482 -1.4403765648 0.721260357547 6.93660681069 9.35658590658 0.0002 0.0002
0.877 0.126493679056 0.0939926370906 -1.64161426913 0.647496454835 8.3358306493 8.73517031376 0.0002 0.0002
0.877 0.126493679056 0.0939926370906 -1.64161426913 0.647496454835 8.3358306493 8.73517031376 0.0002 0.0002
1.357 0.179054848887 0.150908639629 -1.85437659969 0.569508187651 10.0139062663 8.15100808537 0.0002 0.0002
1.357 0.179054848887 0.150908639629 -1.85437659969 0.569508187651 10.0139062663 8.15100808537 0.0002 0.0002
1.89 0.227461469232 0.218724550225 -2.09063143759 0.482908715965 12.1165955502 7.59006987574 0.0002 0.0002
1.89 0.227461469232 0.218724550225 -2.09063143759 0.482908715965 12.1165955502 7.59006987574 0.0002 0.0002
2.475 0.271287727347 0.298608182672 -2.34993552796 0.387860515334 14.714327225 7.08066987543 0.0002 0.0002
2.475 0.271287727347 0.298608182672 -2.34993552796 0.387860515334 14.714327225 7.08066987543 0.0002 0.0002
3.06 0.30763187344 0.383756269393 -2.60923961834 0.292812314703 17.6154446856 6.68247626986 0.0002 0.0002
3.06 0.30763187344 0.383756269393 -2.60923961834 0.292812314703 17.6154446856 6.68247626986 0.0002 0.0002
3.645 0.33818367368 0.473361134349 -2.86854370871 0.197764114072 20.819947932 6.39548905903 0.0002 0.0002
3.645 0.33818367368 0.473361134349 -2.86854370871 0.197764114072 20.819947932 6.39548905903 0.0002 0.0002
4.6635 0.381056842021 0.636334330528 -3.31999877888 0.0322827596395 27.1229784556 6.16118631815 0.0002 0.0002
5.0 0.393275533142 0.68962794033 2.9466501061 -1.50789321957 27.2519470949 6.64533124673 0.0002 0.0002
5.0 0.393275533142 0.68962794033 2.9466501061 -1.50789321957 27.2519470949 6.64533124673 0.0002 0.0002
5.3365 0.406442290767 0.735547309062 8.32634033917 -3.52593149772 23.3578332421 8.29691936867 0.0002 0.0002
5.7585 0.427704833722 0.778648441223 7.0557433696 -4.20912307319 16.866593917 11.5611123976 0.0002 0.0002
6.025 0.445141630862 0.800001877815 3.52089764915 -1.97658514091 14.0965294693 13.2392607424 0.0002 0.0002
6.025 0.445141630862 0.800001877815 3.52089764915 -1.97658514091 14.0965294693 13.2392607424 0.0002 0.0002
6.2915 0.465018789981 0.819693318601 0.743291012679 0.666344944999 12.9797214591 13.5947216436 0.0002 0.0002
6.973 0.519601798259 0.871509033735 0.661778002888 0.593956804405 12.022166925 12.7358260014 0.0002 0.0002
6.973 0.519601798259 0.871509033735 0.661778002888 0.593956804405 12.022166925 12.7358260014 0.0002 0.0002
7.482 0.563133200077 0.912423969958 0.600897413037 0.539891413998 11.3794651383 12.1586972582 0.0002 0.0002
7.482 0.563133200077 0.912423969958 0.600897413037 0.539891413998 11.3794651383 12.1586972582 0.0002 0.0002
7.992 0.609158621209 0.955314830879 0.539897214954 0.48571980475 10.797659878 11.6356355367 0.0002 0.0002
7.992 0.609158621209 0.955314830879 0.539897214954 0.48571980475 10.797659878 11.6356355367 0.0002 0.0002
8.498 0.657200049455 0.999711114139 0.479375449798 0.431973070868 10.2819079096 11.1712829416 0.0002 0.0002
8.498 0.657200049455 0.999711114139 0.479375449798 0.431973070868 10.2819079096 11.1712829416 0.0002 0.0002
8.9873 0.705861015825 1.04432598128 0.420851142108 0.380000191642 9.84142703819 10.7739844242 0.0002 0.0002
8.9873 0.705861015825 1.04432598128 0.420851142108 0.380000191642 9.84142703819 10.7739844242 0.0002 0.0002
9.4566 0.75448543446 1.0885888119 0.364718999049 0.330151689249 9.47275897095 10.4407101465 0.0002 0.0002
9.4566 0.75448543446 1.0885888119 0.364718999049 0.330151689249 9.47275897095 10.4407101465 0.0002 0.0002
9.9277 0.805092981339 1.1343606076 0.308371561173 0.280111992941 9.15566600803 10.1532149259 0.0002 0.0002
9.9277 0.805092981339 1.1343606076 0.308371561173 0.280111992941 9.15566600803 10.1532149259 0.0002 0.0002
16.240021 1.52426352844 1.77965505857 -0.446633990515 -0.390375431889 10.0284228443 10.8492331471 0.0002 0.0002
16.240021 1.52426352844 1.77965505857 -0.446633990515 -0.390375431889 10.0284228443 10.8492331471 0.0002 0.0002
17.480021 1.64187692492 1.88872657728 -0.384257937794 -0.522205025018 11.0678384446 11.9818486835 0.0002 0.0002
17.480021 1.64187692492 1.88872657728 -0.384257937794 -0.522205025018 11.0678384446 11.9818486835 0.0002 0.0002
17.480021 1.64187692492 1.88872657728 -0.384257937794 -0.522205025018 11.0678384446 11.9818486835 0.0002 0.0002
17.480021 1.64187692492 1.88872657728 -0.384257937794 -0.522205025018 11.0678384446 11.9818486835 0.0002 0.0002
18.720021 1.74977852503 1.98667943932 -0.285913571929 -0.654034618147 11.9061986433 13.4416950832 0.0002 0.0002
18.720021 1.74977852503 1.98667943932 -0.730698711653 -0.151887257365 11.9061986433 13.4416950832 0.0002 0.0002
20.0 1.84912574858 2.08027209005 -0.895603247829 -0.249308585053 13.9878309991 13.9552173364 0.0002 0.0002
20.0 1.84912574858 2.08027209005 -0.895603247829 -0.249308585053 13.9878309991 13.9552173364 0.0002 0.0002
22.328798 1.99300877461 2.23913320462 -1.195631103 -0.426557268883 18.8578933729 15.5291723853 0.0002 0.0002
22.595298 2.00671248327 2.25641467252 -4.46621585282 2.024498567 20.3455124189 15.0971098655 0.0002 0.0002
22.595298 2.00671248327 2.25641467252 -4.46621585282 2.024498567 20.3455124189 15.0971098655 0.0002 0.0002
22.861798 2.01892176798 2.27499619924 -8.51611981222 4.13227919439 23.7565494793 13.4323973281 0.0002 0.0002
23.218798 2.03224346402 2.30484388638 -9.62100139147 3.65187082566 30.2315017491 10.6534557709 0.0002 0.0002
23.355298 2.03658609395 2.31823262492 -7.37645205425 2.67215690268 32.560312643 9.79341884738 0.0002 0.0002
23.355298 2.03658609395 2.31823262492 -7.37645205425 2.67215690268 32.560312643 9.79341884738 0.0002 0.0002
23.555298 2.04250747847 2.33964956452 -3.52758953226 1.44169902635 34.7586829936 8.97714780245 0.0002 0.0002
23.555298 2.04250747847 2.33964956452 -3.52758953226 1.44169902635 34.7586829936 8.97714780245 0.0002 0.0002
23.891798 2.05207843963 2.37833601978 3.50019843333 -0.368960897343 34.7681140018 8.62410670828 0.0002 0.0002
27.336298 2.20259346535 2.71332197382 2.18737457241 -0.822736262327 15.1772687836 12.7289075748 0.0002 0.0002
27.336298 2.20259346535 2.71332197382 2.18737457241 -0.822736262327 15.1772687836 12.7289075748 0.0002 0.0002
28.003298 2.25117642619 2.7635144888 1.9331566844 -0.910606248811 12.4288744353 13.8850470297 0.0002 0.0002
28.003298 2.25117642619 2.7635144888 1.9331566844 -0.910606248811 12.4288744353 13.8850470297 0.0002 0.0002
28.805298 2.32476680989 2.81833331264 1.62748540077 -1.01626101517 9.57323948296 15.4303945754 0.0002 0.0002
28.855298 2.33003189809 2.82156455936 1.33893424376 -0.578920861897 9.42498918021 15.5101917204 0.0002 0.0002
28.855298 2.33003189809 2.82156455936 1.33893424376 -0.578920861897 9.42498918021 15.5101917204 0.0002 0.0002
29.055298 2.35169933933 2.83446085464 0.245460495365 1.17833911104 9.11050572738 15.3893850452 0.0002 0.0002
29.055298 2.35169933933 2.83446085464 0.245460495365 1.17833911104 9.11050572738 15.3893850452 0.0002 0.0002
29.305298 2.37899264545 2.85122552105 -1.101032978 3.20638805511 9.32188517453 14.2799470277 0.0002 0.0002
32.666098 2.63156295916 3.61577835318 -1.89861941447 0.551411078272 19.4031169352 1.6507357002 0.0002 0.0002
32.716098 2.63412865605 3.64655617499 -1.29271293247 0.461455138698 19.5627675447 1.6001190132 0.0002 0.0002
32.716098 2.63412865605 3.64655617499 -1.29271293247 0.461455138698 19.5627675447 1.6001190132 0.0002 0.0002
32.916098 2.64430311948 3.77727532781 1.17362008437 0.125350127928 19.5867886343 1.4837358791 0.0002 0.0002
32.916098 2.64430311948 3.77727532781 1.17362008437 0.125350127928 19.5867886343 1.4837358791 0.0002 0.0002
33.166098 2.65743598596 3.94552271711 4.06306948166 -0.280667353738 18.2601230354 1.52206246857 0.0002 0.0002
36.526898 3.28789754613 4.88342652806 0.840600517365 -2.66266170903 1.77986890271 11.4140027827 0.0002 0.0002
36.576898 3.31664020394 4.88775960415 0.720633359552 -2.20383382085 1.70186228825 11.6574995375 0.0002 0.0002
36.576898 3.31664020394 4.88775960415 0.720633359552 -2.20383382085 1.70186228825 11.6574995375 0.0002 0.0002
36.776898 3.44279603363 4.90447172214 0.29243112557 -0.222914926922 1.50150808905 12.1484086318 0.0002 0.0002
36.776898 3.44279603363 4.90447172214 0.29243112557 -0.222914926922 1.50150808905 12.1484086318 0.0002 0.0002
37.026898 3.61297693893 4.92532132188 -0.192683526336 2.26322978138 1.47700231019 11.6291296965 0.0002 0.0002
37.333412 3.80993521517 4.95334345734 -0.407912659763 2.1018640703 1.66109344957 10.2911673197 0.0002 0.0002
37.333412 3.80993521517 4.95334345734 -0.407912659763 2.1018640703 1.66109344957 10.2911673197 0.0002 0.0002
40.387698 4.62003966825 5.62129221303 -2.5525824922 0.493921097951 10.7032923453 2.36289702128 0.0002 0.0002
40.437698 4.62465937959 5.64265716849 -2.10854003108 0.366119553188 10.9365186833 2.31992634018 0.0002 0.0002
40.437698 4.62465937959 5.64265716849 -2.10854003108 0.366119553188 10.9365186833 2.31992634018 0.0002 0.0002
40.637698 4.64246655528 5.73039273183 -0.188932967562 -0.123838638145 11.4014542725 2.27202808315 0.0002 0.0002
40.637698 4.64246655528 5.73039273183 -0.188932967562 -0.123838638145 11.4014542725 2.27202808315 0.0002 0.0002
40.887698 4.66470501698 5.83663351661 2.21532726913 -0.769206347334 10.885407082 2.49130367264 0.0002 0.0002
41.194212 4.69472760618 5.94856033709 2.04897748969 -0.965036233478 9.57833797311 3.02287330306 0.0002 0.0002
41.194212 4.69472760618 5.94856033709 2.04897748969 -0.965036233478 9.57833797311 3.02287330306 0.0002 0.0002
44.248498 5.43843837323 0.138238903508 0.391370325134 -2.91640054189 2.12481780715 14.877891306 0.0002 0.0002
44.298498 5.46216715533 0.141569293915 0.275664336662 -2.30620861927 2.09148961543 15.1392063961 0.0002 0.0002
44.298498 5.46216715533 0.141569293915 0.275664336662 -2.30620861927 2.09148961543 15.1392063961 0.0002 0.0002
44.498498 5.5589538151 0.154531222457 -0.173340996173 0.276025237324 2.07125316849 15.5498957036 0.0002 0.0002
44.498498 5.5589538151 0.154531222457 -0.173340996173 0.276025237324 2.07125316849 15.5498957036 0.0002 0.0002
44.748498 5.674657522 0.170971394107 -0.775442760631 3.41097751464 2.3043468506 14.6115131717 0.0002 0.0002
44.854298 5.71896328103 0.178395489968 -0.848964137855 3.31949086319 2.47620910046 13.8994296173 0.0002 0.0002
44.854298 5.71896328103 0.178395489968 -0.848964137855 3.31949086319 2.47620910046 13.8994296173 0.0002 0.0002
45.055012 5.79465659037 0.193561828949 -0.988442112411 3.14593082767 2.84500225858 12.6017289681 0.0002 0.0002
45.055012 5.79465659037 0.193561828949 -0.988442112411 3.14593082767 2.84500225858 12.6017289681 0.0002 0.0002
48.109298 0.0 0.98906797338 -3.1108930874 0.504849554508 15.3655443687 1.45120155772 0.0002 0.0002
48.159298 0.0 1.02409173727 -2.45990950249 0.400105082221 15.6442880208 1.40598682945 0.0002 0.0002
48.159298 0.0 1.02409173727 -2.45990950249 0.400105082221 15.6442880208 1.40598682945 0.0002 0.0002
48.359298 0.00742304561014 1.17199611534 0.299861695447 0.00743573978861 16.0814154512 1.32541756938 0.0002 0.0002
48.359298 0.00742304561014 1.17199611534 0.299861695447 0.00743573978861 16.0814154512 1.32541756938 0.0002 0.0002
48.609298 0.0233332371903 1.35541768368 3.64613339189 -0.488319627763 15.0765089308 1.44349141228 0.0002 0.0002
48.715098 0.030534924319 1.42606179449 3.54582265334 -0.579091661398 14.3155999812 1.55642352667 0.0002 0.0002
48.715098 0.030534924319 1.42606179449 3.54582265334 -0.579091661398 14.3155999812 1.55642352667 0.0002 0.0002
48.915812 0.0452880012082 1.54548798606 3.35552237377 -0.751295989933 12.9304034154 1.82345095372 0.0002 0.0002
48.915812 0.0452880012082 1.54548798606 3.35552237377 -0.751295989933 12.9304034154 1.82345095372 0.0002 0.0002
51.970098 0.895554908879 2.18363609575 0.459703050355 -3.37174732757 1.27761381568 14.4164044358 0.0002 0.0002
52.020098 0.935357664323 2.1870666594 0.359956189086 -2.79017897857 1.23665977784 14.724718562 0.0002 0.0002
52.020098 0.935357664323 2.1870666594 0.359956189086 -2.79017897857 1.23665977784 14.724718562 0.0002 0.0002
52.220098 1.10344740793 2.20029693399 -0.0166126600995 -0.279570303479 1.16875676446 15.345702526 0.0002 0.0002
52.220098 1.10344740793 2.20029693399 -0.0166126600995 -0.279570303479 1.16875676446 15.345702526 0.0002 0.0002
52.470098 1.30993393561 2.2168040105 -0.496511322937 2.8708109352 1.29481944813 14.6862049929 0.0002 0.0002
52.575898 1.38829762451 2.22416005353 -0.598365049212 2.80423440542 1.4106573683 14.0857851958 0.0002 0.0002
52.575898 1.38829762451 2.22416005353 -0.598365049212 2.80423440542 1.4106573683 14.0857851958 0.0002 0.0002
55.830898 2.15807172146 2.80510121601 -3.73195558818 0.755967822928 15.505851043 2.49732694255 0.0002 0.0002
55.880898 2.16126025615 2.82541247103 -3.08571999359 0.618259852655 15.846983814 2.42866565983 0.0002 0.0002
55.880898 2.16126025615 2.82541247103 -3.08571999359 0.618259852655 15.846983814 2.42866565983 0.0002 0.0002
56.080898 2.1735456657 2.91091874811 -0.290529583829 0.110194623129 16.5302304566 2.28465244289 0.0002 0.0002
56.080898 2.1735456657 2.91091874811 -0.290529583829 0.110194623129 16.5302304566 2.28465244289 0.0002 0.0002
56.330898 2.18888173005 3.01925311142 3.21335208983 -0.511009478577 15.7858947843 2.3830671216 0.0002 0.0002
56.436698 2.19573132727 3.06263755497 3.13744560209 -0.566999352088 15.1139803885 2.49712045588 0.0002 0.0002
56.436698 2.19573132727 3.06263755497 3.13744560209 -0.566999352088 15.1139803885 2.49712045588 0.0002 0.0002
59.691698 2.78193377747 3.70583979523 0.802137307253 -2.28956115054 2.29063801859 11.795224892 0.0002 0.0002
59.741698 2.80413115435 3.71004096657 0.672427017517 -1.80725044079 2.21696182078 12.0002102405 0.0002 0.0002
59.741698 2.80413115435 3.71004096657 0.672427017517 -1.80725044079 2.21696182078 12.0002102405 0.0002 0.0002
59.941698 2.89874840802 3.72639839328 0.200278572013 0.232455551147 2.04436633822 12.3187766216 0.0002 0.0002
59.941698 2.89874840802 3.72639839328 0.200278572013 0.232455551147 2.04436633822 12.3187766216 0.0002 0.0002
60.191698 3.02126857404 3.7471553565 -0.358398395281 2.70609155705 2.08321292413 11.5708901633 0.0002 0.0002
60.498212 3.16013401829 3.77568328019 -0.52443305183 2.4856162959 2.35381312231 9.97955902243 0.0002 0.0002
60.498212 3.16013401829 3.77568328019 -0.52443305183 2.4856162959 2.35381312231 9.97955902243 0.0002 0.0002
62.097498 3.62453816219 4.03599435919 -1.39074552609 1.33525122776 5.41673140947 3.86889908397 0.0002 0.0002
62.097498 3.62453816219 4.03599435919 -1.39074552609 1.33525122776 5.41673140947 3.86889908397 0.0002 0.0002
63.552498 3.81765848071 4.68294833835 -2.17890014636 0.288670957477 10.6105658629 1.50609230444 0.0002 0.0002
63.602498 3.82232528168 4.71643765904 -1.86276183093 0.205750075037 10.8127558875 1.48138431658 0.0002 0.0002
63.602498 3.82232528168 4.71643765904 -1.86276183093 0.205750075037 10.8127558875 1.48138431658 0.0002 0.0002
63.802498 3.84035162526 4.85324793408 -0.50116554631 -0.118030657524 11.2895824027 1.4639873717 0.0002 0.0002
63.802498 3.84035162526 4.85324793408 -0.50116554631 -0.118030657524 11.2895824027 1.4639873717 0.0002 0.0002
64.052498 3.86254015328 5.01702450843 1.25502581711 -0.543704852943 11.0985857439 1.62726843233 0.0002 0.0002
68.445984 4.52912341833 5.84727719382 0.235650803648 -4.041754779 4.54931888012 21.7734211288 0.0002 0.0002
68.445984 4.52912341833 5.84727719382 0.235650803648 -4.041754779 4.54931888012 21.7734211288 0.0002 0.0002
68.646698 4.5736770086 5.8561641434 0.189081214841 -4.20156127272 4.46406921776 23.4279700668 0.0002 0.0002
68.646698 4.5736770086 5.8561641434 0.189081214841 -4.20156127272 4.46406921776 23.4279700668 0.0002 0.0002
68.752498 4.59747954799 5.86059599295 0.164533537569 -4.28579818213 4.42665677695 24.3259326972 0.0002 0.0002
68.802498 4.60879006438 5.86263439557 0.0304909936255 -3.63963065388 4.41691005542 24.7223874179 0.0002 0.0002
68.802498 4.60879006438 5.86263439557 0.0304909936255 -3.63963065388 4.41691005542 24.7223874179 0.0002 0.0002
69.002498 4.65376996651 5.87054963205 -0.511436536499 -0.890544059819 4.51239400414 25.6351834359 0.0002 0.0002
69.002498 4.65376996651 5.87054963205 -0.511436536499 -0.890544059819 4.51239400414 25.6351834359 0.0002 0.0002
69.252498 4.70699864635 5.88032988936 -1.25915378618 2.62678619753 4.9499961731 25.1960362166 0.0002 0.0002
69.7 4.78798633318 5.89895770377 -1.49289178831 2.48647570057 6.18154207177 22.9078412907 0.0002 0.0002
69.7 4.78798633318 5.89895770377 -1.49289178831 2.48647570057 6.18154207177 22.9078412907 0.0002 0.0002
70.002498 4.8335588085 5.91261014437 -1.65089170377 2.39162999103 7.13253029056 21.4322240752 0.0002 0.0002
70.002498 4.8335588085 5.91261014437 -1.65089170377 2.39162999103 7.13253029056 21.4322240752 0.0002 0.0002
70.251298 4.86652988954 5.92454976861 -1.78084422896 2.31362083879 7.98634619062 20.2615576687 0.0002 0.0002
70.251298 4.86652988954 5.92454976861 -1.78084422896 2.31362083879 7.98634619062 20.2615576687 0.0002 0.0002
71.491298 4.98837517208 5.99579796526 -2.19319041118 1.92448012396 12.9565711052 15.0015934645 0.0002 0.0002
71.491298 4.98837517208 5.99579796526 -2.19319041118 1.92448012396 12.9565711052 15.0015934645 0.0002 0.0002
71.491298 4.98837517208 5.99579796526 -2.19319041118 1.92448012396 12.9565711052 15.0015934645 0.0002 0.0002
71.491298 4.98837517208 5.99579796526 -2.19319041118 1.92448012396 12.9565711052 15.0015934645 0.0002 0.0002
72.731298 5.06787044412 6.09388102397 -2.40617152372 1.53533940913 18.7088770991 10.7075648282 0.0002 0.0002
72.731298 5.06787044412 6.09388102397 -2.40617152372 1.53533940913 18.7088770991 10.7075648282 0.0002 0.0002
73.630098 5.11090727067 6.18994361378 -2.73235612771 1.25352821125 23.3273857522 8.20093061104 0.0002 0.0002
73.680098 5.11303894638 6.19608515502 -2.24621818795 1.06504403979 23.5764032157 8.08504329389 0.0002 0.0002
73.680098 5.11303894638 6.19608515502 -2.24621818795 1.06504403979 23.5764032157 8.08504329389 0.0002 0.0002
73.880098 5.12141008167 6.22133842822 -0.226986473013 0.34887812745 24.0738839545 7.80386030172 0.0002 0.0002
73.880098 5.12141008167 6.22133842822 -0.226986473013 0.34887812745 24.0738839545 7.80386030172 0.0002 0.0002
74.130098 5.1318630548 6.2534361366 2.30243485535 -0.518139940946 23.5503492728 7.84580274729 0.0002 0.0002
74.436612 5.14527958782 0.00852426691225 2.22042299581 -0.567695546548 22.1640300214 8.1786265259 0.0002 0.0002
74.436612 5.14527958782 0.00852426691225 2.22042299581 -0.567695546548 22.1640300214 8.1786265259 0.0002 0.0002
75.985612 5.22781707021 0.177895210301 1.80596763515 -0.818129892377 15.9271509341 10.3252701308 0.0002 0.0002
75.985612 5.22781707021 0.177895210301 1.80596763515 -0.818129892377 15.9271509341 10.3252701308 0.0002 0.0002
78.030098 5.39339038676 0.346677308915 1.25893846634 -1.14867186395 9.66099331826 14.3463687864 0.0002 0.0002
78.080098 5.39859793798 0.350149785224 1.04947145056 -0.859777020213 9.54561233734 14.4468256391 0.0002 0.0002
78.080098 5.39859793798 0.350149785224 1.04947145056 -0.859777020213 9.54561233734 14.4468256391 0.0002 0.0002
78.280098 5.41989857538 0.363904524114 0.246384435695 0.319069327426 9.28785212783 14.5555637111 0.0002 0.0002
78.280098 5.41989857538 0.363904524114 0.246384435695 0.319069327426 9.28785212783 14.5555637111 0.0002 0.0002
78.530098 5.44675752334 0.381323209903 -0.740636310509 1.75430618772 9.41036785697 14.0327354702 0.0002 0.0002
78.635898 5.45790713422 0.388963633747 -0.758046443818 1.72356314092 9.56892849238 13.6647768952 0.0002 0.0002
78.635898 5.45790713422 0.388963633747 -0.758046443818 1.72356314092 9.56892849238 13.6647768952 0.0002 0.0002
78.836612 5.47855149732 0.4040324313 -0.791075342657 1.66524026858 9.87985892263 12.9845966077 0.0002 0.0002
78.836612 5.47855149732 0.4040324313 -0.791075342657 1.66524026858 9.87985892263 12.9845966077 0.0002 0.0002
83.821298 5.82464252483 1.22053052652 -1.61134044442 0.216805155687 21.8551472626 3.60319112998 0.0002 0.0002
83.871298 5.82692258622 1.23444392901 -1.22584698738 0.138143182471 21.9970489556 3.58544900393 0.0002 0.0002
83.871298 5.82692258622 1.23444392901 -1.22584698738 0.138143182471 21.9970489556 3.58544900393 0.0002 0.0002
84.071298 5.83595692448 1.29033109617 0.345986393308 -0.174354863047 22.1738655835 3.59265697906 0.0002 0.0002
84.071298 5.83595692448 1.29033109617 0.345986393308 -0.174354863047 22.1738655835 3.59265697906 0.0002 0.0002
84.271298 5.84504809478 1.34515100176 1.89810311261 -0.496884111281 21.7228937571 3.72626784047 0.0002 0.0002
84.271298 5.84504809478 1.34515100176 1.89810311261 -0.496884111281 21.7228937571 3.72626784047 0.0002 0.0002
84.321298 5.84736060261 1.35847564624 2.27258862573 -0.581230710023 21.5142969573 3.78015751116 0.0002 0.0002
84.427098 5.85233380175 1.38600892395 2.24227292776 -0.618674208716 21.036624605 3.90710745156 0.0002 0.0002
84.427098 5.85233380175 1.38600892395 2.24227292776 -0.618674208716 21.036624605 3.90710745156 0.0002 0.0002
84.627812 5.86208324763 1.43575694252 2.18476078217 -0.689708560292 20.1480569609 4.16971819066 0.0002 0.0002
84.627812 5.86208324763 1.43575694252 2.18476078217 -0.689708560292 20.1480569609 4.16971819066 0.0002 0.0002
89.612498 0.072819628375 2.01579021437 0.756459881552 -2.45383033465 5.48699549557 19.8392725107 0.0002 0.0002
89.662498 0.0819917022926 2.01829588253 0.623418002767 -2.03157517804 5.41802679618 20.063624756 0.0002 0.0002
89.662498 0.0819917022926 2.01829588253 0.623418002767 -2.03157517804 5.41802679618 20.063624756 0.0002 0.0002
89.862498 0.119532907245 2.02812235752 0.112921375177 -0.272562914717 5.27161375793 20.5271651055 0.0002 0.0002
89.862498 0.119532907245 2.02812235752 0.112921375177 -0.272562914717 5.27161375793 20.5271651055 0.0002 0.0002
90.112498 0.166743889111 2.04037215471 -0.518127451868 1.93830566586 5.37200008237 20.106883804 0.0002 0.0002
90.218298 0.186237190594 2.04568820373 -0.543109329885 1.91327475317 5.48427893388 19.6993865957 0.0002 0.0002
90.218298 0.186237190594 2.04568820373 -0.543109329885 1.91327475317 5.48427893388 19.6993865957 0.0002 0.0002
90.419012 0.222106591801 2.05607924579 -0.590502644293 1.86578841473 5.71181072767 18.940875711 0.0002 0.0002
90.419012 0.222106591801 2.05607924579 -0.590502644293 1.86578841473 5.71181072767 18.940875711 0.0002 0.0002
95.297898 0.738503441152 2.51646334709 -1.74252282303 0.711507039998 17.0943760178 6.36654499906 0.0002 0.0002
95.297898 0.738503441152 2.51646334709 -1.74252282303 0.711507039998 17.0943760178 6.36654499906 0.0002 0.0002
95.403698 0.744626498089 2.53327872285 -1.76750470105 0.686476127317 17.4657369299 6.21863837996 0.0002 0.0002
95.453698 0.747475675522 2.54136108146 -1.46223114249 0.563978767434 17.6272721393 6.15613436742 0.0002 0.0002
95.453698 0.747475675522 2.54136108146 -1.46223114249 0.563978767434 17.6272721393 6.15613436742 0.0002 0.0002
95.653698 0.758689043484 2.57428274837 -0.199798040616 0.0899724169213 17.9612812285 6.02596773654 0.0002 0.0002
95.653698 0.758689043484 2.57428274837 -0.199798040616 0.0899724169213 17.9612812285 6.02596773654 0.0002 0.0002
95.903698 0.772673013376 2.61559139615 1.38573908713 -0.498380702526 17.6625542905 6.12731158959 0.0002 0.0002
101.194898 1.24603323678 3.15874090796 0.510908228675 -1.57641398855 7.62701401317 17.105465259 0.0002 0.0002
101.244898 1.25260848816 3.16165155821 0.341963983277 -1.22099133466 7.58438545874 17.245384951 0.0002 0.0002
101.244898 1.25260848816 3.16165155821 0.341963983277 -1.22099133466 7.58438545874 17.245384951 0.0002 0.0002
101.444898 1.27906151619 3.17315058447 -0.326402572475 0.237084685111 7.5812906472 17.4432859865 0.0002 0.0002
101.444898 1.27906151619 3.17315058447 -0.326402572475 0.237084685111 7.5812906472 17.4432859865 0.0002 0.0002
101.694898 1.31139294478 3.1876593873 -1.19860738285 2.02568155944 7.95921178926 16.8725455891 0.0002 0.0002
101.800698 1.32447650193 3.19401051747 -1.23099734792 1.9936805663 8.21626396978 16.4472970762 0.0002 0.0002
101.800698 1.32447650193 3.19401051747 -1.23099734792 1.9936805663 8.21626396978 16.4472970762 0.0002 0.0002
102.001412 1.34818774678 3.20651764121 -1.2924446017 1.93297123421 8.72275409725 15.6591630867 0.0002 0.0002
102.001412 1.34818774678 3.20651764121 -1.2924446017 1.93297123421 8.72275409725 15.6591630867 0.0002 0.0002
104.444898 1.551025753 3.42634255659 -2.04050156001 1.19389771144 16.8667613821 8.0187025942 0.0002 0.0002
104.444898 1.551025753 3.42634255659 -2.04050156001 1.19389771144 16.8667613821 8.0187025942 0.0002 0.0002
106.986098 1.66575596411 3.89779372418 -2.81847300837 0.425268942513 29.2143875553 3.90407629318 0.0002 0.0002
107.036098 1.66745973998 3.91066639631 -2.30366159918 0.340653084363 29.470571072 3.86579166559 0.0002 0.0002
107.036098 1.66745973998 3.91066639631 -2.30366159918 0.340653084363 29.470571072 3.86579166559 0.0002 0.0002
107.236098 1.6741733366 3.96302690309 -0.180504118326 0.0114606322124 29.9698005303 3.79570469691 0.0002 0.0002
107.236098 1.6741733366 3.96302690309 -0.180504118326 0.0114606322124 29.9698005303 3.79570469691 0.0002 0.0002
107.486098 1.68256520896 4.02835762758 2.47357340207 -0.401309460728 29.3921988294 3.8924431417 0.0002 0.0002
107.792612 1.69326934195 4.1045435419 2.39933805955 -0.492737349861 27.8985832456 4.1664810058 0.0002 0.0002
107.792612 1.69326934195 4.1045435419 2.39933805955 -0.492737349861 27.8985832456 4.1664810058 0.0002 0.0002
112.046858 1.92926086825 4.70124019888 1.3689922712 -1.76170624403 11.8671790093 13.7574386474 0.0002 0.0002
112.046858 1.92926086825 4.70124019888 1.3689922712 -1.76170624403 11.8671790093 13.7574386474 0.0002 0.0002
112.777298 1.99637494901 4.74975483965 1.19208529929 -1.97958401581 9.99646550876 16.4902267048 0.0002 0.0002
112.827298 2.00140488934 4.75276989726 0.970488069739 -1.64106062425 9.88837501726 16.6713229079 0.0002 0.0002
112.827298 2.00140488934 4.75276989726 0.970488069739 -1.64106062425 9.88837501726 16.6713229079 0.0002 0.0002
113.027298 2.02191462619 4.76460001749 0.116091405572 -0.232181429256 9.67227901241 17.0481031058 0.0002 0.0002
113.027298 2.02191462619 4.76460001749 0.116091405572 -0.232181429256 9.67227901241 17.0481031058 0.0002 0.0002
113.227298 2.04252248399 4.77636550738 -0.730387564351 1.19235508102 9.79444858097 16.8549756785 0.0002 0.0002
113.227298 2.04252248399 4.77636550738 -0.730387564351 1.19235508102 9.79444858097 16.8549756785 0.0002 0.0002
113.277298 2.04760662033 4.77934356736 -0.947491756981 1.53960795123 9.87831292662 16.7183292574 0.0002 0.0002
113.383098 2.0582089579 4.78573412949 -0.967817187052 1.51827881383 10.0809526129 16.3948048376 0.0002 0.0002
113.383098 2.0582089579 4.78573412949 -0.967817187052 1.51827881383 10.0809526129 16.3948048376 0.0002 0.0002
113.583812 2.07774028955 4.79820788827 -1.00637671797 1.47781514198 10.4772009684 15.7934468354 0.0002 0.0002
113.583812 2.07774028955 4.79820788827 -1.00637671797 1.47781514198 10.4772009684 15.7934468354 0.0002 0.0002
115.622798 2.23906490515 4.95641708031 -1.39809002003 1.06675831275 15.3798749846 10.6050971852 0.0002 0.0002
115.622798 2.23906490515 4.95641708031 -1.39809002003 1.06675831275 15.3798749846 10.6050971852 0.0002 0.0002
117.267498 2.33182754446 5.14015050055 -1.71405632284 0.735189009657 20.4984220747 7.64143442404 0.0002 0.0002
117.267498 2.33182754446 5.14015050055 -1.71405632284 0.735189009657 20.4984220747 7.64143442404 0.0002 0.0002
118.462698 2.38478710002 5.3150773592 -1.94366836462 0.494238300679 24.8701346212 6.17202290273 0.0002 0.0002
118.462698 2.38478710002 5.3150773592 -1.94366836462 0.494238300679 24.8701346212 6.17202290273 0.0002 0.0002
118.568498 2.3890062866 5.33236397447 -1.96399379469 0.472909163288 25.2835652776 6.06969870104 0.0002 0.0002
118.618498 2.39097679055 5.34063115644 -1.51566530607 0.354458067199 25.4576003965 6.02834273373 0.0002 0.0002
118.618498 2.39097679055 5.34063115644 -1.51566530607 0.354458067199 25.4576003965 6.02834273373 0.0002 0.0002
118.818498 2.39877738966 5.37402817505 0.315765957223 -0.110795898472 25.698737732 5.97984265553 0.0002 0.0002
118.818498 2.39877738966 5.37402817505 0.315765957223 -0.110795898472 25.698737732 5.97984265553 0.0002 0.0002
119.068498 2.40860916032 5.41531144856 2.56734598045 -0.70453794799 24.9725100636 6.18216243315 0.0002 0.0002
122.440498 2.61241530181 5.79065510883 1.54230897747 -1.52072035001 11.1147535455 13.685733414 0.0002 0.0002
122.440498 2.61241530181 5.79065510883 1.54230897747 -1.52072035001 11.1147535455 13.685733414 0.0002 0.0002
124.359698 2.84355643375 5.90572898581 0.958901202815 -1.98525690575 6.31443096754 20.4144049633 0.0002 0.0002
124.409698 2.85153237949 5.90816723743 0.811806870223 -1.56080469979 6.22592682305 20.591770697 0.0002 0.0002
124.409698 2.85153237949 5.90816723743 0.811806870223 -1.56080469979 6.22592682305 20.591770697 0.0002 0.0002
124.609698 2.88431444283 5.9177881417 0.251817690064 0.184779102074 6.01439602999 20.8685417614 0.0002 0.0002
124.609698 2.88431444283 5.9177881417 0.251817690064 0.184779102074 6.01439602999 20.8685417614 0.0002 0.0002
124.859698 2.92592613973 5.92990127789 -0.42834529711 2.33540714132 6.05814231153 20.2328719915 0.0002 0.0002
124.965498 2.94325883026 5.93519499074 -0.449013704212 2.30165777614 6.15096689387 19.7422705232 0.0002 0.0002
124.965498 2.94325883026 5.93519499074 -0.449013704212 2.30165777614 6.15096689387 19.7422705232 0.0002 0.0002
125.166212 2.97540783595 5.94560493227 -0.488223899516 2.2376315939 6.33908360226 18.8311715966 0.0002 0.0002
125.166212 2.97540783595 5.94560493227 -0.488223899516 2.2376315939 6.33908360226 18.8311715966 0.0002 0.0002
129.341898 3.43779506334 0.0770302665825 -1.30395904299 0.905620708579 13.8226768247 5.70593696267 0.0002 0.0002
129.341898 3.43779506334 0.0770302665825 -1.30395904299 0.905620708579 13.8226768247 5.70593696267 0.0002 0.0002
130.150898 3.49211868712 0.238286803194 -1.4620000765 0.647556092077 16.0603377524 4.44941693094 0.0002 0.0002
130.200898 3.49521875567 0.249602703949 -1.18049636437 0.552700683291 16.1925021883 4.38942207238 0.0002 0.0002
130.200898 3.49521875567 0.249602703949 -1.18049636437 0.552700683291 16.1925021883 4.38942207238 0.0002 0.0002
130.400898 3.50744990549 0.296081796964 -0.0223650490597 0.189850805502 16.434234794 4.24161986962 0.0002 0.0002
130.400898 3.50744990549 0.296081796964 -0.0223650490597 0.189850805502 16.434234794 4.24161986962 0.0002 0.0002
130.650898 3.52277061824 0.355172041941 1.41926589023 -0.250655918339 16.0823691492 4.25670826189 0.0002 0.0002
130.756698 3.52941115583 0.379868018606 1.39943581453 -0.277072397148 15.7841505089 4.31254191767 0.0002 0.0002
130.756698 3.52941115583 0.379868018606 1.39943581453 -0.277072397148 15.7841505089 4.31254191767 0.0002 0.0002
135.061658 3.94483794037 1.04351334683 0.592557906552 -1.35194843321 7.20869721936 11.3254114315 0.0002 0.0002
135.061658 3.94483794037 1.04351334683 0.592557906552 -1.35194843321 7.20869721936 11.3254114315 0.0002 0.0002
135.792098 4.05222344179 1.10276691405 0.455651663729 -1.53432700393 6.44304302085 13.4336624618 0.0002 0.0002
135.842098 4.06000837118 1.10646905596 0.310594658703 -1.25905114033 6.40474423164 13.5733807237 0.0002 0.0002
135.842098 4.06000837118 1.10646905596 0.310594658703 -1.25905114033 6.40474423164 13.5733807237 0.0002 0.0002
136.042098 4.09135205631 1.12101518356 -0.262546083413 -0.11657256597 6.39518846016 13.8500709525 0.0002 0.0002
136.042098 4.09135205631 1.12101518356 -0.262546083413 -0.11657256597 6.39518846016 13.8500709525 0.0002 0.0002
136.242098 4.12218839055 1.13551215019 -0.853593057288 1.03376716 6.6171632118 13.6655882477 0.0002 0.0002
136.242098 4.12218839055 1.13551215019 -0.853593057288 1.03376716 6.6171632118 13.6655882477 0.0002 0.0002
136.292098 4.12969330054 1.1391861533 -1.00881127312 1.31342587941 6.7102505504 13.5481871245 0.0002 0.0002
136.397898 4.14521211727 1.14707607919 -1.04062419545 1.29214522694 6.92708082297 13.2725177014 0.0002 0.0002
136.397898 4.14521211727 1.14707607919 -1.04062419545 1.29214522694 6.92708082297 13.2725177014 0.0002 0.0002
139.002498 4.40916354184 1.40416337272 -1.82379940803 0.768254986624 14.3877585406 7.90599930519 0.0002 0.0002
139.002498 4.40916354184 1.40416337272 -1.82379940803 0.768254986624 14.3877585406 7.90599930519 0.0002 0.0002
141.496798 4.54012629748 1.79875170894 -2.57380859668 0.266550530497 25.3567121868 5.32488390384 0.0002 0.0002
141.633298 4.54544998893 1.82448713782 -1.0837185241 -0.0729232246443 25.8573105809 5.29852457191 0.0002 0.0002
141.633298 4.54544998893 1.82448713782 -1.0837185241 -0.0729232246443 25.8573105809 5.29852457191 0.0002 0.0002
141.833298 4.55316448285 1.86189733974 1.14877416667 -0.577662215885 25.8442238683 5.42789617908 0.0002 0.0002
141.833298 4.55316448285 1.86189733974 1.14877416667 -0.577662215885 25.8442238683 5.42789617908 0.0002 0.0002
142.169798 4.56660527522 1.9207544444 4.64988425012 -1.53694024604 23.8604726998 6.12806277862 0.0002 0.0002
147.464298 0.0 2.27613931037 -0.369677953726 -4.44178812688 1.19892046357 37.782440149 0.0002 0.0002
147.774298 0.226376027305 2.28412697044 -0.799160708472 -1.04238131967 1.55794353655 39.4984451653 0.0002 0.0002
147.774298 0.226376027305 2.28412697044 -0.799160708472 -1.04238131967 1.55794353655 39.4984451653 0.0002 0.0002
147.974298 0.341884111109 2.289183225 -1.12041786027 1.23614946365 1.94038699323 39.4595415419 0.0002 0.0002
147.974298 0.341884111109 2.289183225 -1.12041786027 1.23614946365 1.94038699323 39.4595415419 0.0002 0.0002
148.484298 0.538515812116 2.30266177664 -2.21649624522 6.55169693735 3.6008239251 35.3851559299 0.0002 0.0002
148.795099 0.610842062375 2.31198118957 -2.72685761615 6.1658896544 5.13722324857 31.4325172996 0.0002 0.0002
148.795099 0.610842062375 2.31198118957 -2.72685761615 6.1658896544 5.13722324857 31.4325172996 0.0002 0.0002
149.451742 0.705343572662 2.33595590773 -3.8051206259 5.35077756756 9.42640103736 23.870178385 0.0002 0.0002
149.761742 0.734905912179 2.34972020803 -2.85432317541 2.29997785254 11.5180613201 21.5287706004 0.0002 0.0002
149.761742 0.734905912179 2.34972020803 -2.85432317541 2.29997785254 11.5180613201 21.5287706004 0.0002 0.0002
149.961742 0.75153418059 2.35916056282 -1.99558919092 0.551490527335 12.4933208985 20.9615395686 0.0002 0.0002
149.961742 0.75153418059 2.35916056282 -1.99558919092 0.551490527335 12.4933208985 20.9615395686 0.0002 0.0002
150.471742 0.790538471467 2.38297460939 0.626436383505 -4.00690804926 13.2172119515 22.6643699669 0.0002 0.0002
150.968217 0.828987453402 2.40310983901 0.574133145548 -4.38051367319 12.6211591946 26.8285151666 0.0002 0.0002
150.968217 0.828987453402 2.40310983901 0.574133145548 -4.38051367319 12.6211591946 26.8285151666 0.0002 0.0002
150.968217 0.828987453402 2.40310983901 0.574133145548 -4.38051367319 12.6211591946 26.8285151666 0.0002 0.0002
153.973287 1.09809682839 2.4781101747 0.257551462106 -6.64187839909 10.1218887307 59.9515749112 0.0002 0.0002
154.283287 1.1287248058 2.48314606973 -0.514093101407 -2.26171662995 10.2008220041 62.732704012 0.0002 0.0002
154.283287 1.1287248058 2.48314606973 -0.514093101407 -2.26171662995 10.2008220041 62.732704012 0.0002 0.0002
154.483287 1.1480728824 2.4863212711 -1.03229367806 0.697927212978 10.50913176 63.0464477872 0.0002 0.0002
154.483287 1.1480728824 2.4863212711 -1.03229367806 0.697927212978 10.50913176 63.0464477872 0.0002 0.0002
154.993287 1.19337789533 2.49462756791 -2.58030327224 7.87017437107 12.3148330087 58.5852427132 0.0002 0.0002
155.304088 1.21706835331 2.50016376917 -2.77357452253 7.53627280158 13.9788235812 53.7969035255 0.0002 0.0002
155.304088 1.21706835331 2.50016376917 -2.77357452253 7.53627280158 13.9788235812 53.7969035255 0.0002 0.0002
155.960731 1.25860394549 2.51360546424 -3.18190722933 6.83082420812 17.8894489852 44.3628498437 0.0002 0.0002
156.270731 1.27507646598 2.5209184253 -2.7510623683 5.22172816571 19.7346852406 40.6386840002 0.0002 0.0002
156.270731 1.27507646598 2.5209184253 -2.7510623683 5.22172816571 19.7346852406 40.6386840002 0.0002 0.0002
156.470731 1.28494872549 2.52596259087 -2.4149686021 4.29589865044 20.7692948316 38.7377357812 0.0002 0.0002
156.470731 1.28494872549 2.52596259087 -2.4149686021 4.29589865044 20.7692948316 38.7377357812 0.0002 0.0002
156.980731 1.30832023945 2.53978741443 -1.39473513698 2.21956675001 22.7295597757 35.4438426454 0.0002 0.0002
157.477206 1.32951400736 2.55424324415 -1.45906814352 2.13655240311 24.1464017594 33.2811383888 0.0002 0.0002
157.477206 1.32951400736 2.55424324415 -1.45906814352 2.13655240311 24.1464017594 33.2811383888 0.0002 0.0002
157.477206 1.32951400736 2.55424324415 -1.45906814352 2.13655240311 24.1464017594 33.2811383888 0.0002 0.0002
158.548502 1.37115918859 2.58879605457 -1.59788619593 1.95742366997 27.4213047154 28.8952781977 0.0002 0.0002
158.548502 1.37115918859 2.58879605457 -1.59788619593 1.95742366997 27.4213047154 28.8952781977 0.0002 0.0002
158.813005 1.38065838106 2.59811664398 -1.63216037535 1.91319678282 28.2756617237 27.871487476 0.0002 0.0002
158.813005 1.38065838106 2.59811664398 -1.63216037535 1.91319678282 28.2756617237 27.871487476 0.0002 0.0002
165.740498 1.55391791627 3.04067286669 -2.52982179327 0.754867950383 57.1077640629 9.38848771322 0.0002 0.0002
165.740498 1.55391791627 3.04067286669 -2.52982179327 0.754867950383 57.1077640629 9.38848771322 0.0002 0.0002
168.065698 1.59081489736 3.3363572314 -2.83112016036 0.366077055729 69.5730262935 6.782066385 0.0002 0.0002
168.065698 1.59081489736 3.3363572314 -2.83112016036 0.366077055729 69.5730262935 6.782066385 0.0002 0.0002
168.277698 1.59383598352 3.36796745004 -2.85859102473 0.330629064301 70.7792450647 6.63436468756 0.0002 0.0002
168.277698 1.59383598352 3.36796745004 -2.85859102473 0.330629064301 70.7792450647 6.63436468756 0.0002 0.0002
