0.0 0.0 0.0 -1.25287976099 0.789987518004 5.79735938488 9.99584375794 0.0002 0.0002
0.0 0.0 0.0 -1.25287976099 0.789987518004 5.79735938488 9.99584375794 0.0002 0.0002
0.0 0.0 0.0 -1.25287976099 0.789987518004 5.79735938488 9.99584375794 0.0002 0.0002
0.423 0.066753540216 0.0437532690482 -1.4403765648 0.721260357547 6.93660681069 9.35658590658 0.0002 0.0002
0.423 0.066753540216 0.0437532690482 -1.4403765648 0.721260357547 6.93660681069 9.35658590658 0.0002 0.0002
0.877 0.126493679056 0.0939926370906 -1.64161426913 0.647496454835 8.3358306493 8.73517031376 0.0002 0.0002
0.877 0.126493679056 0.0939926370906 -1.64161426913 0.647496454835 8.3358306493 8.73517031376 0.0002 0.0002
1.357 0.179054848887 0.150908639629 -1.85437659969 0.569508187651 10.0139062663 8.15100808537 0.0002 0.0002
1.357 0.179054848887 0.150908639629 -1.85437659969 0.569508187651 10.0139062663 8.15100808537 0.0002 0.0002
1.89 0.227461469232 0.218724550225 -2.09063143759 0.482908715965 12.1165955502 7.59006987574 0.0002 0.0002
1.89 0.227461469232 0.218724550225 -2.09063143759 0.482908715965 12.1165955502 7.59006987574 0.0002 0.0002
2.475 0.271287727347 0.298608182672 -2.34993552796 0.387860515334 14.714327225 7.08066987543 0.0002 0.0002
2.475 0.271287727347 0.298608182672 -2.34993552796 0.387860515334 14.714327225 7.08066987543 0.0002 0.0002
3.06 0.30763187344 0.383756269393 -2.60923961834 0.292812314703 17.6154446856 6.68247626986 0.0002 0.0002
3.06 0.30763187344 0.383756269393 -2.60923961834 0.292812314703 17.6154446856 6.68247626986 0.0002 0.0002
3.645 0.33818367368 0.473361134349 -2.86854370871 0.197764114072 20.819947932 6.39548905903 0.0002 0.0002
3.645 0.33818367368 0.473361134349 -2.86854370871 0.197764114072 20.819947932 6.39548905903 0.0002 0.0002
4.6635 0.381056842021 0.636334330528 -3.31999877888 0.0322827596395 27.1229784556 6.16118631815 0.0002 0.0002
5.0 0.393275533142 0.68962794033 2.9466501061 -1.50789321957 27.2519470949 6.64533124673 0.0002 0.0002
5.0 0.393275533142 0.68962794033 2.9466501061 -1.50789321957 27.2519470949 6.64533124673 0.0002 0.0002
5.3365 0.406442290767 0.735547309062 8.32634033917 -3.52593149772 23.3578332421 8.29691936867 0.0002 0.0002
5.7585 0.427704833722 0.778648441223 7.0557433696 -4.20912307319 16.866593917 11.5611123976 0.0002 0.0002
6.025 0.445141630862 0.800001877815 3.52089764915 -1.97658514091 14.0965294693 13.2392607424 0.0002 0.0002
6.025 0.445141630862 0.800001877815 3.52089764915 -1.97658514091 14.0965294693 13.2392607424 0.0002 0.0002
6.2915 0.465018789981 0.819693318601 0.743291012679 0.666344944999 12.9797214591 13.5947216436 0.0002 0.0002
6.973 0.519601798259 0.871509033735 0.661778002888 0.593956804405 12.022166925 12.7358260014 0.0002 0.0002
6.973 0.519601798259 0.871509033735 0.661778002888 0.593956804405 12.022166925 12.7358260014 0.0002 0.0002
7.482 0.563133200077 0.912423969958 0.600897413037 0.539891413998 11.3794651383 12.1586972582 0.0002 0.0002
7.482 0.563133200077 0.912423969958 0.600897413037 0.539891413998 11.3794651383 12.1586972582 0.0002 0.0002
7.992 0.609158621209 0.955314830879 0.539897214954 0.48571980475 10.797659878 11.6356355367 0.0002 0.0002
7.992 0.609158621209 0.955314830879 0.539897214954 0.48571980475 10.797659878 11.6356355367 0.0002 0.0002
8.498 0.657200049455 0.999711114139 0.479375449798 0.431973070868 10.2819079096 11.1712829416 0.0002 0.0002
8.498 0.657200049455 0.999711114139 0.479375449798 0.431973070868 10.2819079096 11.1712829416 0.0002 0.0002
8.9873 0.705861015825 1.04432598128 0.420851142108 0.380000191642 9.84142703819 10.7739844242 0.0002 0.0002
8.9873 0.705861015825 1.04432598128 0.420851142108 0.380000191642 9.84142703819 10.7739844242 0.0002 0.0002
9.4566 0.75448543446 1.0885888119 0.364718999049 0.330151689249 9.47275897095 10.4407101465 0.0002 0.0002
9.4566 0.75448543446 1.0885888119 0.364718999049 0.330151689249 9.47275897095 10.4407101465 0.0002 0.0002
9.9277 0.805092981339 1.1343606076 0.308371561173 0.280111992941 9.15566600803 10.1532149259 0.0002 0.0002
9.9277 0.805092981339 1.1343606076 0.308371561173 0.280111992941 9.15566600803 10.1532149259 0.0002 0.0002
16.240021 1.52426352844 1.77965505857 -0.446633990515 -0.390375431889 10.0284228443 10.8492331471 0.0002 0.0002
16.240021 1.52426352844 1.77965505857 -0.446633990515 -0.390375431889 10.0284228443 10.8492331471 0.0002 0.0002
17.480021 1.64187692492 1.88872657728 -0.384257937794 -0.522205025018 11.0678384446 11.9818486835 0.0002 0.0002
17.480021 1.64187692492 1.88872657728 -0.384257937794 -0.522205025018 11.0678384446 11.9818486835 0.0002 0.0002
17.480021 1.64187692492 1.88872657728 -0.384257937794 -0.522205025018 11.0678384446 11.9818486835 0.0002 0.0002
17.480021 1.64187692492 1.88872657728 -0.384257937794 -0.522205025018 11.0678384446 11.9818486835 0.0002 0.0002
18.720021 1.74977852503 1.98667943932 -0.285913571929 -0.654034618147 11.9061986433 13.4416950832 0.0002 0.0002
18.720021 1.74977852503 1.98667943932 -0.730698711653 -0.151887257365 11.9061986433 13.4416950832 0.0002 0.0002
20.0 1.84912574858 2.08027209005 -0.895603247829 -0.249308585053 13.9878309991 13.9552173364 0.0002 0.0002
20.0 1.84912574858 2.08027209005 -0.895603247829 -0.249308585053 13.9878309991 13.9552173364 0.0002 0.0002
22.328798 1.99300877461 2.23913320462 -1.195631103 -0.426557268883 18.8578933729 15.5291723853 0.0002 0.0002
22.595298 2.00671248327 2.25641467252 -4.46621585282 2.024498567 20.3455124189 15.0971098655 0.0002 0.0002
22.595298 2.00671248327 2.25641467252 -4.46621585282 2.024498567 20.3455124189 15.0971098655 0.0002 0.0002
22.861798 2.01892176798 2.27499619924 -8.51611981222 4.13227919439 23.7565494793 13.4323973281 0.0002 0.0002
23.218798 2.03224346402 2.30484388638 -9.62100139147 3.65187082566 30.2315017491 10.6534557709 0.0002 0.0002
23.355298 2.03658609395 2.31823262492 -7.37645205425 2.67215690268 32.560312643 9.79341884738 0.0002 0.0002
23.355298 2.03658609395 2.31823262492 -7.37645205425 2.67215690268 32.560312643 9.79341884738 0.0002 0.0002
23.555298 2.04250747847 2.33964956452 -3.52758953226 1.44169902635 34.7586829936 8.97714780245 0.0002 0.0002
23.555298 2.04250747847 2.33964956452 -3.52758953226 1.44169902635 34.7586829936 8.97714780245 0.0002 0.0002
23.891798 2.05207843963 2.37833601978 3.50019843333 -0.368960897343 34.7681140018 8.62410670828 0.0002 0.0002
27.336298 2.20259346535 2.71332197382 2.18737457241 -0.822736262327 15.1772687836 12.7289075748 0.0002 0.0002
27.336298 2.20259346535 2.71332197382 2.18737457241 -0.822736262327 15.1772687836 12.7289075748 0.0002 0.0002
28.003298 2.25117642619 2.7635144888 1.9331566844 -0.910606248811 12.4288744353 13.8850470297 0.0002 0.0002
28.003298 2.25117642619 2.7635144888 1.9331566844 -0.910606248811 12.4288744353 13.8850470297 0.0002 0.0002
28.805298 2.32476680989 2.81833331264 1.62748540077 -1.01626101517 9.57323948296 15.4303945754 0.0002 0.0002
28.855298 2.33003189809 2.82156455936 1.33893424376 -0.578920861897 9.42498918021 15.5101917204 0.0002 0.0002
28.855298 2.33003189809 2.82156455936 1.33893424376 -0.578920861897 9.42498918021 15.5101917204 0.0002 0.0002
29.055298 2.35169933933 2.83446085464 0.245460495365 1.17833911104 9.11050572738 15.3893850452 0.0002 0.0002
29.055298 2.35169933933 2.83446085464 0.245460495365 1.17833911104 9.11050572738 15.3893850452 0.0002 0.0002
29.305298 2.37899264545 2.85122552105 -1.101032978 3.20638805511 9.32188517453 14.2799470277 0.0002 0.0002
32.666098 2.63156295916 3.61577835318 -1.89861941447 0.551411078272 19.4031169352 1.6507357002 0.0002 0.0002
32.716098 2.63412865605 3.64655617499 -1.29271293247 0.461455138698 19.5627675447 1.6001190132 0.0002 0.0002
32.716098 2.63412865605 3.64655617499 -1.29271293247 0.461455138698 19.5627675447 1.6001190132 0.0002 0.0002
32.916098 2.64430311948 3.77727532781 1.17362008437 0.125350127928 19.5867886343 1.4837358791 0.0002 0.0002
32.916098 2.64430311948 3.77727532781 1.17362008437 0.125350127928 19.5867886343 1.4837358791 0.0002 0.0002
33.166098 2.65743598596 3.94552271711 4.06306948166 -0.280667353738 18.2601230354 1.52206246857 0.0002 0.0002
36.526898 3.28789754613 4.88342652806 0.840600517365 -2.66266170903 1.77986890271 11.4140027827 0.0002 0.0002
36.576898 3.31664020394 4.88775960415 0.720633359552 -2.20383382085 1.70186228825 11.6574995375 0.0002 0.0002
36.576898 3.31664020394 4.88775960415 0.720633359552 -2.20383382085 1.70186228825 11.6574995375 0.0002 0.0002
36.776898 3.44279603363 4.90447172214 0.29243112557 -0.222914926922 1.50150808905 12.1484086318 0.0002 0.0002
36.776898 3.44279603363 4.90447172214 0.29243112557 -0.222914926922 1.50150808905 12.1484086318 0.0002 0.0002
37.026898 3.61297693893 4.92532132188 -0.192683526336 2.26322978138 1.47700231019 11.6291296965 0.0002 0.0002
37.333412 3.80993521517 4.95334345734 -0.407912659763 2.1018640703 1.66109344957 10.2911673197 0.0002 0.0002
37.333412 3.80993521517 4.95334345734 -0.407912659763 2.1018640703 1.66109344957 10.2911673197 0.0002 0.0002
40.387698 4.62003966825 5.62129221303 -2.5525824922 0.493921097951 10.7032923453 2.36289702128 0.0002 0.0002
40.437698 4.62465937959 5.64265716849 -2.10854003108 0.366119553188 10.9365186833 2.31992634018 0.0002 0.0002
40.437698 4.62465937959 5.64265716849 -2.10854003108 0.366119553188 10.9365186833 2.31992634018 0.0002 0.0002
40.637698 4.64246655528 5.73039273183 -0.188932967562 -0.123838638145 11.4014542725 2.27202808315 0.0002 0.0002
40.637698 4.64246655528 5.73039273183 -0.188932967562 -0.123838638145 11.4014542725 2.27202808315 0.0002 0.0002
40.887698 4.66470501698 5.83663351661 2.21532726913 -0.769206347334 10.885407082 2.49130367264 0.0002 0.0002
41.194212 4.69472760618 5.94856033709 2.04897748969 -0.965036233478 9.57833797311 3.02287330306 0.0002 0.0002
41.194212 4.69472760618 5.94856033709 2.04897748969 -0.965036233478 9.57833797311 3.02287330306 0.0002 0.0002
44.248498 5.43843837323 0.138238903508 0.391370325134 -2.91640054189 2.12481780715 14.877891306 0.0002 0.0002
44.298498 5.46216715533 0.141569293915 0.275664336662 -2.30620861927 2.09148961543 15.1392063961 0.0002 0.0002
44.298498 5.46216715533 0.141569293915 0.275664336662 -2.30620861927 2.09148961543 15.1392063961 0.0002 0.0002
44.498498 5.5589538151 0.154531222457 -0.173340996173 0.276025237324 2.07125316849 15.5498957036 0.0002 0.0002
44.498498 5.5589538151 0.154531222457 -0.173340996173 0.276025237324 2.07125316849 15.5498957036 0.0002 0.0002
44.748498 5.674657522 0.170971394107 -0.775442760631 3.41097751464 2.3043468506 14.6115131717 0.0002 0.0002
44.854298 5.71896328103 0.178395489968 -0.848964137855 3.31949086319 2.47620910046 13.8994296173 0.0002 0.0002
44.854298 5.71896328103 0.178395489968 -0.848964137855 3.31949086319 2.47620910046 13.8994296173 0.0002 0.0002
45.055012 5.79465659037 0.193561828949 -0.988442112411 3.14593082767 2.84500225858 12.6017289681 0.0002 0.0002
45.055012 5.79465659037 0.193561828949 -0.988442112411 3.14593082767 2.84500225858 12.6017289681 0.0002 0.0002
48.109298 0.0 0.98906797338 -3.1108930874 0.504849554508 15.3655443687 1.45120155772 0.0002 0.0002
48.159298 0.0 1.02409173727 -2.45990950249 0.400105082221 15.6442880208 1.40598682945 0.0002 0.0002
48.159298 0.0 1.02409173727 -2.45990950249 0.400105082221 15.6442880208 1.40598682945 0.0002 0.0002
48.359298 0.00742304561014 1.17199611534 0.299861695447 0.00743573978861 16.0814154512 1.32541756938 0.0002 0.0002
48.359298 0.00742304561014 1.17199611534 0.299861695447 0.00743573978861 16.0814154512 1.32541756938 0.0002 0.0002
48.609298 0.0233332371903 1.35541768368 3.64613339189 -0.488319627763 15.0765089308 1.44349141228 0.0002 0.0002
48.715098 0.030534924319 1.42606179449 3.54582265334 -0.579091661398 14.3155999812 1.55642352667 0.0002 0.0002
48.715098 0.030534924319 1.42606179449 3.54582265334 -0.579091661398 14.3155999812 1.55642352667 0.0002 0.0002
48.915812 0.0452880012082 1.54548798606 3.35552237377 -0.751295989933 12.9304034154 1.82345095372 0.0002 0.0002
48.915812 0.0452880012082 1.54548798606 3.35552237377 -0.751295989933 12.9304034154 1.82345095372 0.0002 0.0002
51.970098 0.895554908879 2.18363609575 0.459703050355 -3.37174732757 1.27761381568 14.4164044358 0.0002 0.0002
52.020098 0.935357664323 2.1870666594 0.359956189086 -2.79017897857 1.23665977784 14.724718562 0.0002 0.0002
52.020098 0.935357664323 2.1870666594 0.359956189086 -2.79017897857 1.23665977784 14.724718562 0.0002 0.0002
52.220098 1.10344740793 2.20029693399 -0.0166126600995 -0.279570303479 1.16875676446 15.345702526 0.0002 0.0002
52.220098 1.10344740793 2.20029693399 -0.0166126600995 -0.279570303479 1.16875676446 15.345702526 0.0002 0.0002
52.470098 1.30993393561 2.2168040105 -0.496511322937 2.8708109352 1.29481944813 14.6862049929 0.0002 0.0002
52.575898 1.38829762451 2.22416005353 -0.598365049212 2.80423440542 1.4106573683 14.0857851958 0.0002 0.0002
52.575898 1.38829762451 2.22416005353 -0.598365049212 2.80423440542 1.4106573683 14.0857851958 0.0002 0.0002
55.830898 2.15807172146 2.80510121601 -3.73195558818 0.755967822928 15.505851043 2.49732694255 0.0002 0.0002
55.880898 2.16126025615 2.82541247103 -3.08571999359 0.618259852655 15.846983814 2.42866565983 0.0002 0.0002
55.880898 2.16126025615 2.82541247103 -3.08571999359 0.618259852655 15.846983814 2.42866565983 0.0002 0.0002
56.080898 2.1735456657 2.91091874811 -0.290529583829 0.110194623129 16.5302304566 2.28465244289 0.0002 0.0002
56.080898 2.1735456657 2.91091874811 -0.290529583829 0.110194623129 16.5302304566 2.28465244289 0.0002 0.0002
56.330898 2.18888173005 3.01925311142 3.21335208983 -0.511009478577 15.7858947843 2.3830671216 0.0002 0.0002
56.436698 2.19573132727 3.06263755497 3.13744560209 -0.566999352088 15.1139803885 2.49712045588 0.0002 0.0002
56.436698 2.19573132727 3.06263755497 3.13744560209 -0.566999352088 15.1139803885 2.49712045588 0.0002 0.0002
59.691698 2.78193377747 3.70583979523 0.802137307253 -2.28956115054 2.29063801859 11.795224892 0.0002 0.0002
59.741698 2.80413115435 3.71004096657 0.672427017517 -1.80725044079 2.21696182078 12.0002102405 0.0002 0.0002
59.741698 2.80413115435 3.71004096657 0.672427017517 -1.80725044079 2.21696182078 12.0002102405 0.0002 0.0002
59.941698 2.89874840802 3.72639839328 0.200278572013 0.232455551147 2.04436633822 12.3187766216 0.0002 0.0002
59.941698 2.89874840802 3.72639839328 0.200278572013 0.232455551147 2.04436633822 12.3187766216 0.0002 0.0002
60.191698 3.02126857404 3.7471553565 -0.358398395281 2.70609155705 2.08321292413 11.5708901633 0.0002 0.0002
60.498212 3.16013401829 3.77568328019 -0.52443305183 2.4856162959 2.35381312231 9.97955902243 0.0002 0.0002
60.498212 3.16013401829 3.77568328019 -0.52443305183 2.4856162959 2.35381312231 9.97955902243 0.0002 0.0002
62.097498 3.62453816219 4.03599435919 -1.39074552609 1.33525122776 5.41673140947 3.86889908397 0.0002 0.0002
62.097498 3.62453816219 4.03599435919 -1.39074552609 1.33525122776 5.41673140947 3.86889908397 0.0002 0.0002
63.552498 3.81765848071 4.68294833835 -2.17890014636 0.288670957477 10.6105658629 1.50609230444 0.0002 0.0002
63.602498 3.82232528168 4.71643765904 -1.86276183093 0.205750075037 10.8127558875 1.48138431658 0.0002 0.0002
63.602498 3.82232528168 4.71643765904 -1.86276183093 0.205750075037 10.8127558875 1.48138431658 0.0002 0.0002
63.802498 3.84035162526 4.85324793408 -0.50116554631 -0.118030657524 11.2895824027 1.4639873717 0.0002 0.0002
63.802498 3.84035162526 4.85324793408 -0.50116554631 -0.118030657524 11.2895824027 1.4639873717 0.0002 0.0002
64.052498 3.86254015328 5.01702450843 1.25502581711 -0.543704852943 11.0985857439 1.62726843233 0.0002 0.0002
68.445984 4.52912341833 5.84727719382 0.235650803648 -4.041754779 4.54931888012 21.7734211288 0.0002 0.0002
68.445984 4.52912341833 5.84727719382 0.235650803648 -4.041754779 4.54931888012 21.7734211288 0.0002 0.0002
68.646698 4.5736770086 5.8561641434 0.189081214841 -4.20156127272 4.46406921776 23.4279700668 0.0002 0.0002
68.646698 4.5736770086 5.8561641434 0.189081214841 -4.20156127272 4.46406921776 23.4279700668 0.0002 0.0002
68.752498 4.59747954799 5.86059599295 0.164533537569 -4.28579818213 4.42665677695 24.3259326972 0.0002 0.0002
68.802498 4.60879006438 5.86263439557 0.0304909936255 -3.63963065388 4.41691005542 24.7223874179 0.0002 0.0002
68.802498 4.60879006438 5.86263439557 0.0304909936255 -3.63963065388 4.41691005542 24.7223874179 0.0002 0.0002
69.002498 4.65376996651 5.87054963205 -0.511436536499 -0.890544059819 4.51239400414 25.6351834359 0.0002 0.0002
69.002498 4.65376996651 5.87054963205 -0.511436536499 -0.890544059819 4.51239400414 25.6351834359 0.0002 0.0002
69.252498 4.70699864635 5.88032988936 -1.25915378618 2.62678619753 4.9499961731 25.1960362166 0.0002 0.0002
69.7 4.78798633318 5.89895770377 -1.49289178831 2.48647570057 6.18154207177 22.9078412907 0.0002 0.0002
69.7 4.78798633318 5.89895770377 -1.49289178831 2.48647570057 6.18154207177 22.9078412907 0.0002 0.0002
70.002498 4.8335588085 5.91261014437 -1.65089170377 2.39162999103 7.13253029056 21.4322240752 0.0002 0.0002
70.002498 4.8335588085 5.91261014437 -1.65089170377 2.39162999103 7.13253029056 21.4322240752 0.0002 0.0002
70.251298 4.86652988954 5.92454976861 -1.78084422896 2.31362083879 7.98634619062 20.2615576687 0.0002 0.0002
70.251298 4.86652988954 5.92454976861 -1.78084422896 2.31362083879 7.98634619062 20.2615576687 0.0002 0.0002
71.491298 4.98837517208 5.99579796526 -2.19319041118 1.92448012396 12.9565711052 15.0015934645 0.0002 0.0002
71.491298 4.98837517208 5.99579796526 -2.19319041118 1.92448012396 12.9565711052 15.0015934645 0.0002 0.0002
71.491298 4.98837517208 5.99579796526 -2.19319041118 1.92448012396 12.9565711052 15.0015934645 0.0002 0.0002
71.491298 4.98837517208 5.99579796526 -2.19319041118 1.92448012396 12.9565711052 15.0015934645 0.0002 0.0002
72.731298 5.06787044412 6.09388102397 -2.40617152372 1.53533940913 18.7088770991 10.7075648282 0.0002 0.0002
72.731298 5.06787044412 6.09388102397 -2.40617152372 1.53533940913 18.7088770991 10.7075648282 0.0002 0.0002
73.630098 5.11090727067 6.18994361378 -2.73235612771 1.25352821125 23.3273857522 8.20093061104 0.0002 0.0002
73.680098 5.11303894638 6.19608515502 -2.24621818795 1.06504403979 23.5764032157 8.08504329389 0.0002 0.0002
73.680098 5.11303894638 6.19608515502 -2.24621818795 1.06504403979 23.5764032157 8.08504329389 0.0002 0.0002
73.880098 5.12141008167 6.22133842822 -0.226986473013 0.34887812745 24.0738839545 7.80386030172 0.0002 0.0002
73.880098 5.12141008167 6.22133842822 -0.226986473013 0.34887812745 24.0738839545 7.80386030172 0.0002 0.0002
74.130098 5.1318630548 6.2534361366 2.30243485535 -0.518139940946 23.5503492728 7.84580274729 0.0002 0.0002
74.436612 5.14527958782 0.00852426691225 2.22042299581 -0.567695546548 22.1640300214 8.1786265259 0.0002 0.0002
74.436612 5.14527958782 0.00852426691225 2.22042299581 -0.567695546548 22.1640300214 8.1786265259 0.0002 0.0002
75.985612 5.22781707021 0.177895210301 1.80596763515 -0.818129892377 15.9271509341 10.3252701308 0.0002 0.0002
75.985612 5.22781707021 0.177895210301 1.80596763515 -0.818129892377 15.9271509341 10.3252701308 0.0002 0.0002
78.030098 5.39339038676 0.346677308915 1.25893846634 -1.14867186395 9.66099331826 14.3463687864 0.0002 0.0002
78.080098 5.39859793798 0.350149785224 1.04947145056 -0.859777020213 9.54561233734 14.4468256391 0.0002 0.0002
78.080098 5.39859793798 0.350149785224 1.04947145056 -0.859777020213 9.54561233734 14.4468256391 0.0002 0.0002
78.280098 5.41989857538 0.363904524114 0.246384435695 0.319069327426 9.28785212783 14.5555637111 0.0002 0.0002
78.280098 5.41989857538 0.363904524114 0.246384435695 0.319069327426 9.28785212783 14.5555637111 0.0002 0.0002
78.530098 5.44675752334 0.381323209903 -0.740636310509 1.75430618772 9.41036785697 14.0327354702 0.0002 0.0002
78.635898 5.45790713422 0.388963633747 -0.758046443818 1.72356314092 9.56892849238 13.6647768952 0.0002 0.0002
78.635898 5.45790713422 0.388963633747 -0.758046443818 1.72356314092 9.56892849238 13.6647768952 0.0002 0.0002
78.836612 5.47855149732 0.4040324313 -0.791075342657 1.66524026858 9.87985892263 12.9845966077 0.0002 0.0002
78.836612 5.47855149732 0.4040324313 -0.791075342657 1.66524026858 9.87985892263 12.9845966077 0.0002 0.0002
83.821298 5.82464252483 1.22053052652 -1.61134044442 0.216805155687 21.8551472626 3.60319112998 0.0002 0.0002
83.871298 5.82692258622 1.23444392901 -1.22584698738 0.138143182471 21.9970489556 3.58544900393 0.0002 0.0002
83.871298 5.82692258622 1.23444392901 -1.22584698738 0.138143182471 21.9970489556 3.58544900393 0.0002 0.0002
84.071298 5.83595692448 1.29033109617 0.345986393308 -0.174354863047 22.1738655835 3.59265697906 0.0002 0.0002
84.071298 5.83595692448 1.29033109617 0.345986393308 -0.174354863047 22.1738655835 3.59265697906 0.0002 0.0002
84.271298 5.84504809478 1.34515100176 1.89810311261 -0.496884111281 21.7228937571 3.72626784047 0.0002 0.0002
84.271298 5.84504809478 1.34515100176 1.89810311261 -0.496884111281 21.7228937571 3.72626784047 0.0002 0.0002
84.321298 5.84736060261 1.35847564624 2.27258862573 -0.581230710023 21.5142969573 3.78015751116 0.0002 0.0002
84.427098 5.85233380175 1.38600892395 2.24227292776 -0.618674208716 21.036624605 3.90710745156 0.0002 0.0002
84.427098 5.85233380175 1.38600892395 2.24227292776 -0.618674208716 21.036624605 3.90710745156 0.0002 0.0002
84.627812 5.86208324763 1.43575694252 2.18476078217 -0.689708560292 20.1480569609 4.16971819066 0.0002 0.0002
84.627812 5.86208324763 1.43575694252 2.18476078217 -0.689708560292 20.1480569609 4.16971819066 0.0002 0.0002
89.612498 0.072819628375 2.01579021437 0.756459881552 -2.45383033465 5.48699549557 19.8392725107 0.0002 0.0002
89.662498 0.0819917022926 2.01829588253 0.623418002767 -2.03157517804 5.41802679618 20.063624756 0.0002 0.0002
89.662498 0.0819917022926 2.01829588253 0.623418002767 -2.03157517804 5.41802679618 20.063624756 0.0002 0.0002
89.862498 0.119532907245 2.02812235752 0.112921375177 -0.272562914717 5.27161375793 20.5271651055 0.0002 0.0002
89.862498 0.119532907245 2.02812235752 0.112921375177 -0.272562914717 5.27161375793 20.5271651055 0.0002 0.0002
90.112498 0.166743889111 2.04037215471 -0.518127451868 1.93830566586 5.37200008237 20.106883804 0.0002 0.0002
90.218298 0.186237190594 2.04568820373 -0.543109329885 1.91327475317 5.48427893388 19.6993865957 0.0002 0.0002
90.218298 0.186237190594 2.04568820373 -0.543109329885 1.91327475317 5.48427893388 19.6993865957 0.0002 0.0002
90.419012 0.222106591801 2.05607924579 -0.590502644293 1.86578841473 5.71181072767 18.940875711 0.0002 0.0002
90.419012 0.222106591801 2.05607924579 -0.590502644293 1.86578841473 5.71181072767 18.940875711 0.0002 0.0002
95.297898 0.738503441152 2.51646334709 -1.74252282303 0.711507039998 17.0943760178 6.36654499906 0.0002 0.0002
95.297898 0.738503441152 2.51646334709 -1.74252282303 0.711507039998 17.0943760178 6.36654499906 0.0002 0.0002
95.403698 0.744626498089 2.53327872285 -1.76750470105 0.686476127317 17.4657369299 6.21863837996 0.0002 0.0002
95.453698 0.747475669751 2.54136109799 -1.46438300276 0.564730710416 17.6273794355 6.1560966543 0.0002 0.0002
95.453698 0.747475669751 2.54136109799 -1.46438300276 0.564730710416 17.6273794355 6.1560966543 0.0002 0.0002
95.653698 0.758688338509 2.57428486888 -0.210683111044 0.0936768279944 17.9639974513 6.02503876294 0.0002 0.0002
95.653698 0.758688338509 2.57428486888 -0.210683111044 0.0936768279944 17.9639974513 6.02503876294 0.0002 0.0002
95.903698 0.772667356097 2.61560830923 1.36481363374 -0.490694351923 17.6732982202 6.12356103355 0.0002 0.0002
101.194898 1.24130078798 3.16100868341 0.507746432197 -1.56281890671 7.76520839927 16.9891103876 0.0002 0.0002
101.244898 1.24775906353 3.1639390421 0.37582281205 -1.2980470205 7.72104174502 17.132191941 0.0002 0.0002
101.244898 1.24775906353 3.1639390421 0.37582281205 -1.2980470205 7.72104174502 17.132191941 0.0002 0.0002
101.444898 1.27379864732 3.17548690638 -0.1439943904 -0.206000702044 7.6748733923 17.4342949379 0.0002 0.0002
101.444898 1.27379864732 3.17548690638 -0.1439943904 -0.206000702044 7.6748733923 17.4342949379 0.0002 0.0002
101.694898 1.30599528282 3.18987928409 -0.807362311371 1.16723053116 7.91113547308 17.1923682501 0.0002 0.0002
101.800698 1.31922520933 3.19607762132 -0.829453201789 1.15269240675 8.08431055437 16.9469204033 0.0002 0.0002
101.800698 1.31922520933 3.19607762132 -0.829453201789 1.15269240675 8.08431055437 16.9469204033 0.0002 0.0002
102.001412 1.34354704247 3.20808465953 -0.871362001214 1.12511201825 8.42568797703 16.489733166 0.0002 0.0002
102.001412 1.34354704247 3.20808465953 -0.871362001214 1.12511201825 8.42568797703 16.489733166 0.0002 0.0002
104.444898 1.5710430613 3.38407534285 -1.38155842335 0.789349225579 13.9306674936 11.8117739191 0.0002 0.0002
104.444898 1.5710430613 3.38407534285 -1.38155842335 0.789349225579 13.9306674936 11.8117739191 0.0002 0.0002
106.986098 1.71572364258 3.63764765892 -1.91215739054 0.440159416945 22.3006581199 8.68734655673 0.0002 0.0002
107.036098 1.71795681585 3.64341598854 -1.52110821362 0.278816512634 22.4723725188 8.65140845762 0.0002 0.0002
107.036098 1.71795681585 3.64341598854 -1.52110821362 0.278816512634 22.4723725188 8.65140845762 0.0002 0.0002
107.236098 1.72677902939 3.66656854493 0.0831832256002 -0.362316409602 22.761335117 8.66802934937 0.0002 0.0002
107.236098 1.72677902939 3.66656854493 0.0831832256002 -0.362316409602 22.761335117 8.66802934937 0.0002 0.0002
107.486098 1.7378547864 3.69489593526 2.07115040015 -1.19738990227 22.2187074711 9.0550797894 0.0002 0.0002
107.792612 1.75205489904 3.72741586749 1.9981778356 -1.27977196736 20.9714013962 9.81436458271 0.0002 0.0002
107.792612 1.75205489904 3.72741586749 1.9981778356 -1.27977196736 20.9714013962 9.81436458271 0.0002 0.0002
112.046858 2.08081525212 3.99931659538 0.985358711997 -2.42318979123 8.27870297275 25.5676748324 0.0002 0.0002
112.046858 2.08081525212 3.99931659538 0.985358711997 -2.42318979123 8.27870297275 25.5676748324 0.0002 0.0002
112.777298 2.17714851992 4.02602941552 0.811461010584 -2.61951085853 6.96623397459 29.251065095 0.0002 0.0002
112.827298 2.18436598124 4.02773158676 0.68904195501 -2.15975042552 6.89122887893 29.4900920699 0.0002 0.0002
112.827298 2.18436598124 4.02773158676 0.68904195501 -2.15975042552 6.89122887893 29.4900920699 0.0002 0.0002
113.027298 2.21384346303 4.03444384578 0.217649007815 -0.266485691058 6.71066245883 29.9774258101 0.0002 0.0002
113.027298 2.21384346303 4.03444384578 0.217649007815 -0.266485691058 6.71066245883 29.9774258101 0.0002 0.0002
113.227298 2.2437039874 4.04113217804 -0.242523275609 1.64040039095 6.71561613949 29.7014613296 0.0002 0.0002
113.227298 2.2437039874 4.04113217804 -0.242523275609 1.64040039095 6.71561613949 29.7014613296 0.0002 0.0002
113.277298 2.25113378154 4.04282070962 -0.358588515711 2.10777162373 6.74566369584 29.5140026064 0.0002 0.0002
113.383098 2.26672895017 4.04643272487 -0.376289423278 2.0882609597 6.82341378179 29.0700623591 0.0002 0.0002
113.383098 2.26672895017 4.04643272487 -0.376289423278 2.0882609597 6.82341378179 29.0700623591 0.0002 0.0002
113.583812 2.29581419933 4.05343810978 -0.409869952214 2.05124712777 6.98120697468 28.2392051328 0.0002 0.0002
113.583812 2.29581419933 4.05343810978 -0.409869952214 2.05124712777 6.98120697468 28.2392051328 0.0002 0.0002
115.622798 2.55097118462 4.13799338591 -0.751003248206 1.67523606166 9.34821117811 20.6409580804 0.0002 0.0002
115.622798 2.55097118462 4.13799338591 -0.751003248206 1.67523606166 9.34821117811 20.6409580804 0.0002 0.0002
117.267498 2.70514193126 4.22969165875 -1.02617038124 1.37193559739 12.2711286465 15.6292748527 0.0002 0.0002
117.267498 2.70514193126 4.22969165875 -1.02617038124 1.37193559739 12.2711286465 15.6292748527 0.0002 0.0002
118.462698 2.79346060471 4.31491997168 -1.22613375292 1.1515277936 14.9630825476 12.6132314078 0.0002 0.0002
118.462698 2.79346060471 4.31491997168 -1.22613375292 1.1515277936 14.9630825476 12.6132314078 0.0002 0.0002
118.568498 2.80047045143 4.32338959656 -1.24383466049 1.13201712958 15.2244052058 12.3716323549 0.0002 0.0002
118.618498 2.80374224896 4.32744843949 -0.978217095273 0.903715758948 15.3355408782 12.2698759994 0.0002 0.0002
118.618498 2.80374224896 4.32744843949 -0.978217095273 0.903715758948 15.3355408782 12.2698759994 0.0002 0.0002
118.818498 2.81667974985 4.34391122218 0.10953416767 0.0148000961148 15.5101097034 12.0870428085 0.0002 0.0002
118.818498 2.81667974985 4.34391122218 0.10953416767 0.0148000961148 15.5101097034 12.0870428085 0.0002 0.0002
119.068498 2.83294680661 4.36444531936 1.45319378124 -1.1010853703 15.116494073 12.3566109895 0.0002 0.0002
122.440498 3.15174846389 4.57128320774 0.759058243427 -1.70482499516 7.65678024579 21.8181407419 0.0002 0.0002
122.440498 3.15174846389 4.57128320774 0.759058243427 -1.70482499516 7.65678024579 21.8181407419 0.0002 0.0002
124.359698 3.45194226086 4.64762704275 0.363985608737 -2.04844809363 5.50143448471 29.0214224539 0.0002 0.0002
124.409698 3.46105826723 4.64934430489 0.265971058643 -1.5888015317 5.46994507004 29.2033335743 0.0002 0.0002
124.409698 3.46105826723 4.64934430489 0.265971058643 -1.5888015317 5.46994507004 29.2033335743 0.0002 0.0002
124.609698 3.49780554248 4.6561478328 -0.120661939144 0.285786070079 5.4410069328 29.4650572351 0.0002 0.0002
124.609698 3.49780554248 4.6561478328 -0.120661939144 0.285786070079 5.4410069328 29.4650572351 0.0002 0.0002
124.859698 3.5431671146 4.66471032327 -0.615052562658 2.59725033603 5.62371594061 28.7394415423 0.0002 0.0002
124.965498 3.56176295522 4.66842719678 -0.640982578865 2.56873565374 5.75660445859 28.1928802246 0.0002 0.0002
124.965498 3.56176295522 4.66842719678 -0.640982578865 2.56873565374 5.75660445859 28.1928802246 0.0002 0.0002
125.166212 3.59585427535 4.67567900562 -0.69017461358 2.51464022896 6.02378634331 27.1725755177 0.0002 0.0002
125.166212 3.59585427535 4.67567900562 -0.69017461358 2.51464022896 6.02378634331 27.1725755177 0.0002 0.0002
129.341898 4.03429402227 4.92108829957 -1.7135735328 1.38923040254 16.0610838257 10.8712375759 0.0002 0.0002
129.341898 4.03429402227 4.92108829957 -1.7135735328 1.38923040254 16.0610838257 10.8712375759 0.0002 0.0002
130.150898 4.08062886845 5.00389542453 -1.91184747525 1.17119280356 18.9940494212 8.79985520217 0.0002 0.0002
130.200898 4.08324886 5.00961362461 -1.58163535195 1.00253617262 19.1687755779 8.69120109544 0.0002 0.0002
130.200898 4.08324886 5.00961362461 -1.58163535195 1.00253617262 19.1687755779 8.69120109544 0.0002 0.0002
130.400898 4.09356111249 5.0330503594 -0.216374325647 0.357885285699 19.5301000923 8.42040533858 0.0002 0.0002
130.400898 4.09356111249 5.0330503594 -0.216374325647 0.357885285699 19.5301000923 8.42040533858 0.0002 0.0002
130.650898 4.10642138911 5.06282649005 1.49827845351 -0.423223234968 19.2072175959 8.43661934106 0.0002 0.0002
130.756698 4.11197551688 5.07530020407 1.48040476134 -0.438010043461 18.8920729117 8.52773782192 0.0002 0.0002
130.756698 4.11197551688 5.07530020407 1.48040476134 -0.438010043461 18.8920729117 8.52773782192 0.0002 0.0002
135.061658 4.44318283971 5.46731119935 0.753131322455 -1.03967941102 9.27678941245 14.8891318159 0.0002 0.0002
135.061658 4.44318283971 5.46731119935 0.753131322455 -1.03967941102 9.27678941245 14.8891318159 0.0002 0.0002
135.792098 4.52669019435 5.51395513439 0.629731892333 -1.14176708961 8.26669080584 16.4825475978 0.0002 0.0002
135.842098 4.53275998568 5.51697897204 0.489606873316 -0.882650906264 8.21073882632 16.5837955691 0.0002 0.0002
135.842098 4.53275998568 5.51697897204 0.489606873316 -0.882650906264 8.21073882632 16.5837955691 0.0002 0.0002
136.042098 4.55730122484 5.52896210851 -0.0596104359024 0.173693775145 8.12510555044 16.726196685 0.0002 0.0002
136.042098 4.55730122484 5.52896210851 -0.0596104359024 0.173693775145 8.12510555044 16.726196685 0.0002 0.0002
136.242098 4.58177088432 5.54099533439 -0.611900897924 1.22116014392 8.25883622889 16.4460263534 0.0002 0.0002
136.242098 4.58177088432 5.54099533439 -0.611900897924 1.22116014392 8.25883622889 16.4460263534 0.0002 0.0002
136.292098 4.5878009819 5.54404772155 -0.753766121106 1.47531565363 8.32710132916 16.3111665048 0.0002 0.0002
136.397898 4.60038529323 5.55059665228 -0.773690423392 1.45471138513 8.48870623157 16.0011696441 0.0002 0.0002
136.397898 4.60038529323 5.55059665228 -0.773690423392 1.45471138513 8.48870623157 16.0011696441 0.0002 0.0002
139.002498 4.84344866893 5.76072634168 -1.26418983488 0.947472465165 13.7965691523 9.74444158766 0.0002 0.0002
139.002498 4.84344866893 5.76072634168 -1.26418983488 0.947472465165 13.7965691523 9.74444158766 0.0002 0.0002
141.496798 4.98955775749 6.08660626128 -1.73391750211 0.461714176727 21.2747482829 6.22950734679 0.0002 0.0002
141.633298 4.99592092653 6.1086755059 -0.416560521554 0.0538178569559 21.569120703 6.15933537132 0.0002 0.0002
141.633298 4.99592092653 6.1086755059 -0.416560521554 0.0538178569559 21.569120703 6.15933537132 0.0002 0.0002
141.833298 5.00521371442 6.14099591424 1.5264392505 -0.544384460222 21.3457886989 6.25685788896 0.0002 0.0002
141.833298 5.00521371442 6.14099591424 1.5264392505 -0.544384460222 21.3457886989 6.25685788896 0.0002 0.0002
142.169798 5.02165544868 6.19234747278 4.47764887768 -1.66458826059 19.2899929 6.98767190094 0.0002 0.0002
147.464298 1.00454353065 0.232481414235 -1.29973675493 -4.52173255633 2.46453716606 39.7411474661 0.0002 0.0002
147.774298 1.11136590513 0.240086333118 -1.95211552895 -0.822884013468 3.4630853093 41.4139985927 0.0002 0.0002
147.774298 1.11136590513 0.240086333118 -1.95211552895 -0.822884013468 3.4630853093 41.4139985927 0.0002 0.0002
147.974298 1.16303587432 0.244915617421 -2.48725772599 1.64045750918 4.34744441087 41.2498302438 0.0002 0.0002
147.974298 1.16303587432 0.244915617421 -2.48725772599 1.64045750918 4.34744441087 41.2498302438 0.0002 0.0002
148.484298 1.25184056714 0.257878625416 -4.46709460309 7.30642992202 7.80517334322 36.5650935351 0.0002 0.0002
148.795099 1.28563411278 0.266941150801 -5.30151739112 6.84417003074 10.8412677196 32.1670729192 0.0002 0.0002
148.795099 1.28563411278 0.266941150801 -5.30151739112 6.84417003074 10.8412677196 32.1670729192 0.0002 0.0002
149.451742 1.33144907419 0.29066543995 -7.06443926975 5.86753314157 18.9612865993 23.820022013 0.0002 0.0002
149.761742 1.34625951998 0.304579489759 -5.29875964775 3.05984074962 22.8392035398 21.0843618393 0.0002 0.0002
149.761742 1.34625951998 0.304579489759 -5.29875964775 3.05984074962 22.8392035398 21.0843618393 0.0002 0.0002
149.961742 1.35466692396 0.314299893302 -3.7506671976 1.50015922084 24.6579248258 20.1767626935 0.0002 0.0002
149.961742 1.35466692396 0.314299893302 -3.7506671976 1.50015922084 24.6579248258 20.1767626935 0.0002 0.0002
150.471742 1.37444129951 0.339737810438 0.939311308433 -2.28090641404 26.1387495846 20.5628353399 0.0002 0.0002
150.968217 1.39377774739 0.362617860234 0.903559110864 -2.43066217736 25.2238104932 22.9020113563 0.0002 0.0002
150.968217 1.39377774739 0.362617860234 0.903559110864 -2.43066217736 25.2238104932 22.9020113563 0.0002 0.0002
150.968217 1.39377774739 0.362617860234 0.903559110864 -2.43066217736 25.2238104932 22.9020113563 0.0002 0.0002
153.973287 1.52650081396 0.461776393056 0.687157768703 -3.33710570756 20.4435949199 40.2345575942 0.0002 0.0002
154.283287 1.54171620119 0.469339274388 -0.701570639593 -0.620969236949 20.4480320975 41.4701649745 0.0002 0.0002
154.283287 1.54171620119 0.469339274388 -0.701570639593 -0.620969236949 20.4480320975 41.4701649745 0.0002 0.0002
154.483287 1.55140230245 0.474161505334 -1.62139053202 1.17320658132 20.9112842683 41.3593967117 0.0002 0.0002
154.483287 1.55140230245 0.474161505334 -1.62139053202 1.17320658132 20.9112842683 41.3593967117 0.0002 0.0002
154.993287 1.57444356321 0.486917288688 -4.30307460038 5.42349930075 23.8771503203 37.9302937869 0.0002 0.0002
155.304088 1.58676919496 0.495492161274 -4.55711381406 5.17428402208 26.6309057397 34.6364921324 0.0002 0.0002
155.304088 1.58676919496 0.495492161274 -4.55711381406 5.17428402208 26.6309057397 34.6364921324 0.0002 0.0002
155.960731 1.60893200012 0.516509152453 -5.09383368108 4.64775589561 32.9681328557 28.1869183747 0.0002 0.0002
156.270731 1.61793627594 0.528054858306 -4.0819292406 3.49930430237 35.8230163115 25.6704807765 0.0002 0.0002
156.270731 1.61793627594 0.528054858306 -4.0819292406 3.49930430237 35.8230163115 25.6704807765 0.0002 0.0002
156.470731 1.62340292441 0.53605165148 -3.33172205211 2.84261947788 37.3079966097 24.4040138067 0.0002 0.0002
156.470731 1.62340292441 0.53605165148 -3.33172205211 2.84261947788 37.3079966097 24.4040138067 0.0002 0.0002
156.980731 1.63660126404 0.558036387976 -1.17968064957 1.37678912645 39.6317451771 22.2730631818 0.0002 0.0002
157.477206 1.6489454098 0.581028444811 -1.20964129497 1.31224626004 40.8179837895 20.9380243382 0.0002 0.0002
157.477206 1.6489454098 0.581028444811 -1.20964129497 1.31224626004 40.8179837895 20.9380243382 0.0002 0.0002
157.477206 1.6489454098 0.581028444811 -1.20964129497 1.31224626004 40.8179837895 20.9380243382 0.0002 0.0002
158.548502 1.67437800652 0.63582117595 -1.27429051109 1.17297537103 43.4790099977 18.2756163458 0.0002 0.0002
158.548502 1.67437800652 0.63582117595 -1.27429051109 1.17297537103 43.4790099977 18.2756163458 0.0002 0.0002
158.813005 1.68041460052 0.650543056192 -1.29025240362 1.13858938625 44.1573392922 17.6642005328 0.0002 0.0002
158.813005 1.68041460052 0.650543056192 -1.29025240362 1.13858938625 44.1573392922 17.6642005328 0.0002 0.0002
165.740498 1.81015391575 1.26700205925 -1.70830398986 0.237999718501 64.9298177181 8.12788914575 0.0002 0.0002
165.740498 1.81015391575 1.26700205925 -1.70830398986 0.237999718501 64.9298177181 8.12788914575 0.0002 0.0002
168.065698 1.84388761112 1.56484803255 -1.84862221873 -0.0642815101403 73.2003825383 7.72395956767 0.0002 0.0002
168.065698 1.84388761112 1.56484803255 -1.84862221873 -0.0642815101403 73.2003825383 7.72395956767 0.0002 0.0002
168.277698 1.84676833969 1.5922399014 -1.86141572661 -0.0918419868614 73.9869105827 7.75705774904 0.0002 0.0002
168.277698 1.84676833969 1.5922399014 -1.86141572661 -0.0918419868614 73.9869105827 7.75705774904 0.0002 0.0002
