0.0 0.0 0.0 -1.25287976099 0.789987518004 5.79735938488 9.99584375794 0.0002 0.0002
0.0 0.0 0.0 -1.25287976099 0.789987518004 5.79735938488 9.99584375794 0.0002 0.0002
0.0 0.0 0.0 -1.25287976099 0.789987518004 5.79735938488 9.99584375794 0.0002 0.0002
0.423 0.066753540216 0.0437532690482 -1.4403765648 0.721260357547 6.93660681069 9.35658590658 0.0002 0.0002
0.423 0.066753540216 0.0437532690482 -1.4403765648 0.721260357547 6.93660681069 9.35658590658 0.0002 0.0002
0.877 0.126493679056 0.0939926370906 -1.64161426913 0.647496454835 8.3358306493 8.73517031376 0.0002 0.0002
0.877 0.126493679056 0.0939926370906 -1.64161426913 0.647496454835 8.3358306493 8.73517031376 0.0002 0.0002
1.357 0.179054848887 0.150908639629 -1.85437659969 0.569508187651 10.0139062663 8.15100808537 0.0002 0.0002
1.357 0.179054848887 0.150908639629 -1.85437659969 0.569508187651 10.0139062663 8.15100808537 0.0002 0.0002
1.89 0.227461469232 0.218724550225 -2.09063143759 0.482908715965 12.1165955502 7.59006987574 0.0002 0.0002
1.89 0.227461469232 0.218724550225 -2.09063143759 0.482908715965 12.1165955502 7.59006987574 0.0002 0.0002
2.475 0.271287727347 0.298608182672 -2.34993552796 0.387860515334 14.714327225 7.08066987543 0.0002 0.0002
2.475 0.271287727347 0.298608182672 -2.34993552796 0.387860515334 14.714327225 7.08066987543 0.0002 0.0002
3.06 0.30763187344 0.383756269393 -2.60923961834 0.292812314703 17.6154446856 6.68247626986 0.0002 0.0002
3.06 0.30763187344 0.383756269393 -2.60923961834 0.292812314703 17.6154446856 6.68247626986 0.0002 0.0002
3.645 0.33818367368 0.473361134349 -2.86854370871 0.197764114072 20.819947932 6.39548905903 0.0002 0.0002
3.645 0.33818367368 0.473361134349 -2.86854370871 0.197764114072 20.819947932 6.39548905903 0.0002 0.0002
4.6635 0.381056842021 0.636334330528 -3.31999877888 0.0322827596395 27.1229784556 6.16118631815 0.0002 0.0002
5.0 0.393275533142 0.68962794033 2.9466501061 -1.50789321957 27.2519470949 6.64533124673 0.0002 0.0002
5.0 0.393275533142 0.68962794033 2.9466501061 -1.50789321957 27.2519470949 6.64533124673 0.0002 0.0002
5.3365 0.406442290767 0.735547309062 8.32634033917 -3.52593149772 23.3578332421 8.29691936867 0.0002 0.0002
5.7585 0.427704833722 0.778648441223 7.0557433696 -4.20912307319 16.866593917 11.5611123976 0.0002 0.0002
6.025 0.445141630862 0.800001877815 3.52089764915 -1.97658514091 14.0965294693 13.2392607424 0.0002 0.0002
6.025 0.445141630862 0.800001877815 3.52089764915 -1.97658514091 14.0965294693 13.2392607424 0.0002 0.0002
6.2915 0.465018789981 0.819693318601 0.743291012679 0.666344944999 12.9797214591 13.5947216436 0.0002 0.0002
6.973 0.519601798259 0.871509033735 0.661778002888 0.593956804405 12.022166925 12.7358260014 0.0002 0.0002
6.973 0.519601798259 0.871509033735 0.661778002888 0.593956804405 12.022166925 12.7358260014 0.0002 0.0002
7.482 0.563133200077 0.912423969958 0.600897413037 0.539891413998 11.3794651383 12.1586972582 0.0002 0.0002
7.482 0.563133200077 0.912423969958 0.600897413037 0.539891413998 11.3794651383 12.1586972582 0.0002 0.0002
7.992 0.609158621209 0.955314830879 0.539897214954 0.48571980475 10.797659878 11.6356355367 0.0002 0.0002
7.992 0.609158621209 0.955314830879 0.539897214954 0.48571980475 10.797659878 11.6356355367 0.0002 0.0002
8.498 0.657200049455 0.999711114139 0.479375449798 0.431973070868 10.2819079096 11.1712829416 0.0002 0.0002
8.498 0.657200049455 0.999711114139 0.479375449798 0.431973070868 10.2819079096 11.1712829416 0.0002 0.0002
8.9873 0.705861015825 1.04432598128 0.420851142108 0.380000191642 9.84142703819 10.7739844242 0.0002 0.0002
8.9873 0.705861015825 1.04432598128 0.420851142108 0.380000191642 9.84142703819 10.7739844242 0.0002 0.0002
9.4566 0.75448543446 1.0885888119 0.364718999049 0.330151689249 9.47275897095 10.4407101465 0.0002 0.0002
9.4566 0.75448543446 1.0885888119 0.364718999049 0.330151689249 9.47275897095 10.4407101465 0.0002 0.0002
9.9277 0.805092981339 1.1343606076 0.308371561173 0.280111992941 9.15566600803 10.1532149259 0.0002 0.0002
9.9277 0.805092981339 1.1343606076 0.308371561173 0.280111992941 9.15566600803 10.1532149259 0.0002 0.0002
16.240021 1.52426352844 1.77965505857 -0.446633990515 -0.390375431889 10.0284228443 10.8492331471 0.0002 0.0002
16.240021 1.52426352844 1.77965505857 -0.446633990515 -0.390375431889 10.0284228443 10.8492331471 0.0002 0.0002
17.480021 1.64187692492 1.88872657728 -0.384257937794 -0.522205025018 11.0678384446 11.9818486835 0.0002 0.0002
17.480021 1.64187692492 1.88872657728 -0.384257937794 -0.522205025018 11.0678384446 11.9818486835 0.0002 0.0002
17.480021 1.64187692492 1.88872657728 -0.384257937794 -0.522205025018 11.0678384446 11.9818486835 0.0002 0.0002
17.480021 1.64187692492 1.88872657728 -0.384257937794 -0.522205025018 11.0678384446 11.9818486835 0.0002 0.0002
18.720021 1.74977852503 1.98667943932 -0.285913571929 -0.654034618147 11.9061986433 13.4416950832 0.0002 0.0002
18.720021 1.74977852503 1.98667943932 -0.730698711653 -0.151887257365 11.9061986433 13.4416950832 0.0002 0.0002
20.0 1.84912574858 2.08027209005 -0.895603247829 -0.249308585053 13.9878309991 13.9552173364 0.0002 0.0002
20.0 1.84912574858 2.08027209005 -0.895603247829 -0.249308585053 13.9878309991 13.9552173364 0.0002 0.0002
22.328798 1.99300877461 2.23913320462 -1.195631103 -0.426557268883 18.8578933729 15.5291723853 0.0002 0.0002
22.595298 2.00671248327 2.25641467252 -4.46621585282 2.024498567 20.3455124189 15.0971098655 0.0002 0.0002
22.595298 2.00671248327 2.25641467252 -4.46621585282 2.024498567 20.3455124189 15.0971098655 0.0002 0.0002
22.861798 2.01892176798 2.27499619924 -8.51611981222 4.13227919439 23.7565494793 13.4323973281 0.0002 0.0002
23.218798 2.03224346402 2.30484388638 -9.62100139147 3.65187082566 30.2315017491 10.6534557709 0.0002 0.0002
23.355298 2.03658609395 2.31823262492 -7.37645205425 2.67215690268 32.560312643 9.79341884738 0.0002 0.0002
23.355298 2.03658609395 2.31823262492 -7.37645205425 2.67215690268 32.560312643 9.79341884738 0.0002 0.0002
23.555298 2.04250747847 2.33964956452 -3.52758953226 1.44169902635 34.7586829936 8.97714780245 0.0002 0.0002
23.555298 2.04250747847 2.33964956452 -3.52758953226 1.44169902635 34.7586829936 8.97714780245 0.0002 0.0002
23.891798 2.05207843963 2.37833601978 3.50019843333 -0.368960897343 34.7681140018 8.62410670828 0.0002 0.0002
27.336298 2.20259346535 2.71332197382 2.18737457241 -0.822736262327 15.1772687836 12.7289075748 0.0002 0.0002
27.336298 2.20259346535 2.71332197382 2.18737457241 -0.822736262327 15.1772687836 12.7289075748 0.0002 0.0002
28.003298 2.25117642619 2.7635144888 1.9331566844 -0.910606248811 12.4288744353 13.8850470297 0.0002 0.0002
28.003298 2.25117642619 2.7635144888 1.9331566844 -0.910606248811 12.4288744353 13.8850470297 0.0002 0.0002
28.805298 2.32476680989 2.81833331264 1.62748540077 -1.01626101517 9.57323948296 15.4303945754 0.0002 0.0002
28.855298 2.33003189809 2.82156455936 1.33893424376 -0.578920861897 9.42498918021 15.5101917204 0.0002 0.0002
28.855298 2.33003189809 2.82156455936 1.33893424376 -0.578920861897 9.42498918021 15.5101917204 0.0002 0.0002
29.055298 2.35169933933 2.83446085464 0.245460495365 1.17833911104 9.11050572738 15.3893850452 0.0002 0.0002
29.055298 2.35169933933 2.83446085464 0.245460495365 1.17833911104 9.11050572738 15.3893850452 0.0002 0.0002
29.305298 2.37899264545 2.85122552105 -1.101032978 3.20638805511 9.32188517453 14.2799470277 0.0002 0.0002
32.666098 2.63156295916 3.61577835318 -1.89861941447 0.551411078272 19.4031169352 1.6507357002 0.0002 0.0002
32.716098 2.63412865605 3.64655617499 -1.29271293247 0.461455138698 19.5627675447 1.6001190132 0.0002 0.0002
32.716098 2.63412865605 3.64655617499 -1.29271293247 0.461455138698 19.5627675447 1.6001190132 0.0002 0.0002
32.916098 2.64430311948 3.77727532781 1.17362008437 0.125350127928 19.5867886343 1.4837358791 0.0002 0.0002
32.916098 2.64430311948 3.77727532781 1.17362008437 0.125350127928 19.5867886343 1.4837358791 0.0002 0.0002
33.166098 2.65743598596 3.94552271711 4.06306948166 -0.280667353738 18.2601230354 1.52206246857 0.0002 0.0002
36.526898 3.28789754613 4.88342652806 0.840600517365 -2.66266170903 1.77986890271 11.4140027827 0.0002 0.0002
36.576898 3.31664020394 4.88775960415 0.720633359552 -2.20383382085 1.70186228825 11.6574995375 0.0002 0.0002
36.576898 3.31664020394 4.88775960415 0.720633359552 -2.20383382085 1.70186228825 11.6574995375 0.0002 0.0002
36.776898 3.44279603363 4.90447172214 0.29243112557 -0.222914926922 1.50150808905 12.1484086318 0.0002 0.0002
36.776898 3.44279603363 4.90447172214 0.29243112557 -0.222914926922 1.50150808905 12.1484086318 0.0002 0.0002
37.026898 3.61297693893 4.92532132188 -0.192683526336 2.26322978138 1.47700231019 11.6291296965 0.0002 0.0002
37.333412 3.80993521517 4.95334345734 -0.407912659763 2.1018640703 1.66109344957 10.2911673197 0.0002 0.0002
37.333412 3.80993521517 4.95334345734 -0.407912659763 2.1018640703 1.66109344957 10.2911673197 0.0002 0.0002
40.387698 4.62003966825 5.62129221303 -2.5525824922 0.493921097951 10.7032923453 2.36289702128 0.0002 0.0002
40.437698 4.62465937959 5.64265716849 -2.10854003108 0.366119553188 10.9365186833 2.31992634018 0.0002 0.0002
40.437698 4.62465937959 5.64265716849 -2.10854003108 0.366119553188 10.9365186833 2.31992634018 0.0002 0.0002
40.637698 4.64246655528 5.73039273183 -0.188932967562 -0.123838638145 11.4014542725 2.27202808315 0.0002 0.0002
40.637698 4.64246655528 5.73039273183 -0.188932967562 -0.123838638145 11.4014542725 2.27202808315 0.0002 0.0002
40.887698 4.66470501698 5.83663351661 2.21532726913 -0.769206347334 10.885407082 2.49130367264 0.0002 0.0002
41.194212 4.69472760618 5.94856033709 2.04897748969 -0.965036233478 9.57833797311 3.02287330306 0.0002 0.0002
41.194212 4.69472760618 5.94856033709 2.04897748969 -0.965036233478 9.57833797311 3.02287330306 0.0002 0.0002
44.248498 5.43843837323 0.138238903508 0.391370325134 -2.91640054189 2.12481780715 14.877891306 0.0002 0.0002
44.298498 5.46216715533 0.141569293915 0.275664336662 -2.30620861927 2.09148961543 15.1392063961 0.0002 0.0002
44.298498 5.46216715533 0.141569293915 0.275664336662 -2.30620861927 2.09148961543 15.1392063961 0.0002 0.0002
44.498498 5.5589538151 0.154531222457 -0.173340996173 0.276025237324 2.07125316849 15.5498957036 0.0002 0.0002
44.498498 5.5589538151 0.154531222457 -0.173340996173 0.276025237324 2.07125316849 15.5498957036 0.0002 0.0002
44.748498 5.674657522 0.170971394107 -0.775442760631 3.41097751464 2.3043468506 14.6115131717 0.0002 0.0002
44.854298 5.71896328103 0.178395489968 -0.848964137855 3.31949086319 2.47620910046 13.8994296173 0.0002 0.0002
44.854298 5.71896328103 0.178395489968 -0.848964137855 3.31949086319 2.47620910046 13.8994296173 0.0002 0.0002
45.055012 5.79465659037 0.193561828949 -0.988442112411 3.14593082767 2.84500225858 12.6017289681 0.0002 0.0002
45.055012 5.79465659037 0.193561828949 -0.988442112411 3.14593082767 2.84500225858 12.6017289681 0.0002 0.0002
48.109298 0.0 0.98906797338 -3.1108930874 0.504849554508 15.3655443687 1.45120155772 0.0002 0.0002
48.159298 0.0 1.02409173727 -2.45990950249 0.400105082221 15.6442880208 1.40598682945 0.0002 0.0002
48.159298 0.0 1.02409173727 -2.45990950249 0.400105082221 15.6442880208 1.40598682945 0.0002 0.0002
48.359298 0.00742304561014 1.17199611534 0.299861695447 0.00743573978861 16.0814154512 1.32541756938 0.0002 0.0002
48.359298 0.00742304561014 1.17199611534 0.299861695447 0.00743573978861 16.0814154512 1.32541756938 0.0002 0.0002
48.609298 0.0233332371903 1.35541768368 3.64613339189 -0.488319627763 15.0765089308 1.44349141228 0.0002 0.0002
48.715098 0.030534924319 1.42606179449 3.54582265334 -0.579091661398 14.3155999812 1.55642352667 0.0002 0.0002
48.715098 0.030534924319 1.42606179449 3.54582265334 -0.579091661398 14.3155999812 1.55642352667 0.0002 0.0002
48.915812 0.0452880012082 1.54548798606 3.35552237377 -0.751295989933 12.9304034154 1.82345095372 0.0002 0.0002
48.915812 0.0452880012082 1.54548798606 3.35552237377 -0.751295989933 12.9304034154 1.82345095372 0.0002 0.0002
51.970098 0.895554908879 2.18363609575 0.459703050355 -3.37174732757 1.27761381568 14.4164044358 0.0002 0.0002
52.020098 0.935357664323 2.1870666594 0.359956189086 -2.79017897857 1.23665977784 14.724718562 0.0002 0.0002
52.020098 0.935357664323 2.1870666594 0.359956189086 -2.79017897857 1.23665977784 14.724718562 0.0002 0.0002
52.220098 1.10344740793 2.20029693399 -0.0166126600995 -0.279570303479 1.16875676446 15.345702526 0.0002 0.0002
52.220098 1.10344740793 2.20029693399 -0.0166126600995 -0.279570303479 1.16875676446 15.345702526 0.0002 0.0002
52.470098 1.30993393561 2.2168040105 -0.496511322937 2.8708109352 1.29481944813 14.6862049929 0.0002 0.0002
52.575898 1.38829762451 2.22416005353 -0.598365049212 2.80423440542 1.4106573683 14.0857851958 0.0002 0.0002
52.575898 1.38829762451 2.22416005353 -0.598365049212 2.80423440542 1.4106573683 14.0857851958 0.0002 0.0002
55.830898 2.15807172146 2.80510121601 -3.73195558818 0.755967822928 15.505851043 2.49732694255 0.0002 0.0002
55.880898 2.16126025615 2.82541247103 -3.08571999359 0.618259852655 15.846983814 2.42866565983 0.0002 0.0002
55.880898 2.16126025615 2.82541247103 -3.08571999359 0.618259852655 15.846983814 2.42866565983 0.0002 0.0002
56.080898 2.1735456657 2.91091874811 -0.290529583829 0.110194623129 16.5302304566 2.28465244289 0.0002 0.0002
56.080898 2.1735456657 2.91091874811 -0.290529583829 0.110194623129 16.5302304566 2.28465244289 0.0002 0.0002
56.330898 2.18888173005 3.01925311142 3.21335208983 -0.511009478577 15.7858947843 2.3830671216 0.0002 0.0002
56.436698 2.19573132727 3.06263755497 3.13744560209 -0.566999352088 15.1139803885 2.49712045588 0.0002 0.0002
56.436698 2.19573132727 3.06263755497 3.13744560209 -0.566999352088 15.1139803885 2.49712045588 0.0002 0.0002
59.691698 2.78193377747 3.70583979523 0.802137307253 -2.28956115054 2.29063801859 11.795224892 0.0002 0.0002
59.741698 2.80413115435 3.71004096657 0.672427017517 -1.80725044079 2.21696182078 12.0002102405 0.0002 0.0002
59.741698 2.80413115435 3.71004096657 0.672427017517 -1.80725044079 2.21696182078 12.0002102405 0.0002 0.0002
59.941698 2.89874840802 3.72639839328 0.200278572013 0.232455551147 2.04436633822 12.3187766216 0.0002 0.0002
59.941698 2.89874840802 3.72639839328 0.200278572013 0.232455551147 2.04436633822 12.3187766216 0.0002 0.0002
60.191698 3.02126857404 3.7471553565 -0.358398395281 2.70609155705 2.08321292413 11.5708901633 0.0002 0.0002
60.498212 3.16013401829 3.77568328019 -0.52443305183 2.4856162959 2.35381312231 9.97955902243 0.0002 0.0002
60.498212 3.16013401829 3.77568328019 -0.52443305183 2.4856162959 2.35381312231 9.97955902243 0.0002 0.0002
62.097498 3.62453816219 4.03599435919 -1.39074552609 1.33525122776 5.41673140947 3.86889908397 0.0002 0.0002
62.097498 3.62453816219 4.03599435919 -1.39074552609 1.33525122776 5.41673140947 3.86889908397 0.0002 0.0002
63.552498 3.81765848071 4.68294833835 -2.17890014636 0.288670957477 10.6105658629 1.50609230444 0.0002 0.0002
63.602498 3.82232528168 4.71643765904 -1.86276183093 0.205750075037 10.8127558875 1.48138431658 0.0002 0.0002
63.602498 3.82232528168 4.71643765904 -1.86276183093 0.205750075037 10.8127558875 1.48138431658 0.0002 0.0002
63.802498 3.84035162526 4.85324793408 -0.50116554631 -0.118030657524 11.2895824027 1.4639873717 0.0002 0.0002
63.802498 3.84035162526 4.85324793408 -0.50116554631 -0.118030657524 11.2895824027 1.4639873717 0.0002 0.0002
64.052498 3.86254015328 5.01702450843 1.25502581711 -0.543704852943 11.0985857439 1.62726843233 0.0002 0.0002
68.445984 4.52912341833 5.84727719382 0.235650803648 -4.041754779 4.54931888012 21.7734211288 0.0002 0.0002
68.445984 4.52912341833 5.84727719382 0.235650803648 -4.041754779 4.54931888012 21.7734211288 0.0002 0.0002
68.646698 4.5736770086 5.8561641434 0.189081214841 -4.20156127272 4.46406921776 23.4279700668 0.0002 0.0002
68.646698 4.5736770086 5.8561641434 0.189081214841 -4.20156127272 4.46406921776 23.4279700668 0.0002 0.0002
68.752498 4.59747954799 5.86059599295 0.164533537569 -4.28579818213 4.42665677695 24.3259326972 0.0002 0.0002
68.802498 4.60879006438 5.86263439557 0.0304909936255 -3.63963065388 4.41691005542 24.7223874179 0.0002 0.0002
68.802498 4.60879006438 5.86263439557 0.0304909936255 -3.63963065388 4.41691005542 24.7223874179 0.0002 0.0002
69.002498 4.65376996651 5.87054963205 -0.511436536499 -0.890544059819 4.51239400414 25.6351834359 0.0002 0.0002
69.002498 4.65376996651 5.87054963205 -0.511436536499 -0.890544059819 4.51239400414 25.6351834359 0.0002 0.0002
69.252498 4.70699864635 5.88032988936 -1.25915378618 2.62678619753 4.9499961731 25.1960362166 0.0002 0.0002
69.7 4.78798633318 5.89895770377 -1.49289178831 2.48647570057 6.18154207177 22.9078412907 0.0002 0.0002
69.7 4.78798633318 5.89895770377 -1.49289178831 2.48647570057 6.18154207177 22.9078412907 0.0002 0.0002
70.002498 4.8335588085 5.91261014437 -1.65089170377 2.39162999103 7.13253029056 21.4322240752 0.0002 0.0002
70.002498 4.8335588085 5.91261014437 -1.65089170377 2.39162999103 7.13253029056 21.4322240752 0.0002 0.0002
70.251298 4.86652988954 5.92454976861 -1.78084422896 2.31362083879 7.98634619062 20.2615576687 0.0002 0.0002
70.251298 4.86652988954 5.92454976861 -1.78084422896 2.31362083879 7.98634619062 20.2615576687 0.0002 0.0002
71.491298 4.98837517208 5.99579796526 -2.19319041118 1.92448012396 12.9565711052 15.0015934645 0.0002 0.0002
71.491298 4.98837517208 5.99579796526 -2.19319041118 1.92448012396 12.9565711052 15.0015934645 0.0002 0.0002
71.491298 4.98837517208 5.99579796526 -2.19319041118 1.92448012396 12.9565711052 15.0015934645 0.0002 0.0002
71.491298 4.98837517208 5.99579796526 -2.19319041118 1.92448012396 12.9565711052 15.0015934645 0.0002 0.0002
72.731298 5.06787044412 6.09388102397 -2.40617152372 1.53533940913 18.7088770991 10.7075648282 0.0002 0.0002
72.731298 5.06787044412 6.09388102397 -2.40617152372 1.53533940913 18.7088770991 10.7075648282 0.0002 0.0002
73.630098 5.11090727067 6.18994361378 -2.73235612771 1.25352821125 23.3273857522 8.20093061104 0.0002 0.0002
73.680098 5.11303894638 6.19608515502 -2.24621818795 1.06504403979 23.5764032157 8.08504329389 0.0002 0.0002
73.680098 5.11303894638 6.19608515502 -2.24621818795 1.06504403979 23.5764032157 8.08504329389 0.0002 0.0002
73.880098 5.12141008167 6.22133842822 -0.226986473013 0.34887812745 24.0738839545 7.80386030172 0.0002 0.0002
73.880098 5.12141008167 6.22133842822 -0.226986473013 0.34887812745 24.0738839545 7.80386030172 0.0002 0.0002
74.130098 5.1318630548 6.2534361366 2.30243485535 -0.518139940946 23.5503492728 7.84580274729 0.0002 0.0002
74.436612 5.14527958782 0.00852426691225 2.22042299581 -0.567695546548 22.1640300214 8.1786265259 0.0002 0.0002
74.436612 5.14527958782 0.00852426691225 2.22042299581 -0.567695546548 22.1640300214 8.1786265259 0.0002 0.0002
75.985612 5.22781707021 0.177895210301 1.80596763515 -0.818129892377 15.9271509341 10.3252701308 0.0002 0.0002
75.985612 5.22781707021 0.177895210301 1.80596763515 -0.818129892377 15.9271509341 10.3252701308 0.0002 0.0002
78.030098 5.39339038676 0.346677308915 1.25893846634 -1.14867186395 9.66099331826 14.3463687864 0.0002 0.0002
78.080098 5.39859793798 0.350149785224 1.04947145056 -0.859777020213 9.54561233734 14.4468256391 0.0002 0.0002
78.080098 5.39859793798 0.350149785224 1.04947145056 -0.859777020213 9.54561233734 14.4468256391 0.0002 0.0002
78.280098 5.41989857538 0.363904524114 0.246384435695 0.319069327426 9.28785212783 14.5555637111 0.0002 0.0002
78.280098 5.41989857538 0.363904524114 0.246384435695 0.319069327426 9.28785212783 14.5555637111 0.0002 0.0002
78.530098 5.44675752334 0.381323209903 -0.740636310509 1.75430618772 9.41036785697 14.0327354702 0.0002 0.0002
78.635898 5.45790713422 0.388963633747 -0.758046443818 1.72356314092 9.56892849238 13.6647768952 0.0002 0.0002
78.635898 5.45790713422 0.388963633747 -0.758046443818 1.72356314092 9.56892849238 13.6647768952 0.0002 0.0002
78.836612 5.47855149732 0.4040324313 -0.791075342657 1.66524026858 9.87985892263 12.9845966077 0.0002 0.0002
78.836612 5.47855149732 0.4040324313 -0.791075342657 1.66524026858 9.87985892263 12.9845966077 0.0002 0.0002
83.821298 5.82464252483 1.22053052652 -1.61134044442 0.216805155687 21.8551472626 3.60319112998 0.0002 0.0002
83.871298 5.82692258622 1.23444392901 -1.22584698738 0.138143182471 21.9970489556 3.58544900393 0.0002 0.0002
83.871298 5.82692258622 1.23444392901 -1.22584698738 0.138143182471 21.9970489556 3.58544900393 0.0002 0.0002
84.071298 5.83595692448 1.29033109617 0.345986393308 -0.174354863047 22.1738655835 3.59265697906 0.0002 0.0002
84.071298 5.83595692448 1.29033109617 0.345986393308 -0.174354863047 22.1738655835 3.59265697906 0.0002 0.0002
84.271298 5.84504809478 1.34515100176 1.89810311261 -0.496884111281 21.7228937571 3.72626784047 0.0002 0.0002
84.271298 5.84504809478 1.34515100176 1.89810311261 -0.496884111281 21.7228937571 3.72626784047 0.0002 0.0002
84.321298 5.84736060261 1.35847564624 2.27258862573 -0.581230710023 21.5142969573 3.78015751116 0.0002 0.0002
84.427098 5.85233380175 1.38600892395 2.24227292776 -0.618674208716 21.036624605 3.90710745156 0.0002 0.0002
84.427098 5.85233380175 1.38600892395 2.24227292776 -0.618674208716 21.036624605 3.90710745156 0.0002 0.0002
84.627812 5.86208324763 1.43575694252 2.18476078217 -0.689708560292 20.1480569609 4.16971819066 0.0002 0.0002
84.627812 5.86208324763 1.43575694252 2.18476078217 -0.689708560292 20.1480569609 4.16971819066 0.0002 0.0002
89.612498 0.072819628375 2.01579021437 0.756459881552 -2.45383033465 5.48699549557 19.8392725107 0.0002 0.0002
89.662498 0.0819917022926 2.01829588253 0.623418002767 -2.03157517804 5.41802679618 20.063624756 0.0002 0.0002
89.662498 0.0819917022926 2.01829588253 0.623418002767 -2.03157517804 5.41802679618 20.063624756 0.0002 0.0002
89.862498 0.119532907245 2.02812235752 0.112921375177 -0.272562914717 5.27161375793 20.5271651055 0.0002 0.0002
89.862498 0.119532907245 2.02812235752 0.112921375177 -0.272562914717 5.27161375793 20.5271651055 0.0002 0.0002
90.112498 0.166743889111 2.04037215471 -0.518127451868 1.93830566586 5.37200008237 20.106883804 0.0002 0.0002
90.218298 0.186237190594 2.04568820373 -0.543109329885 1.91327475317 5.48427893388 19.6993865957 0.0002 0.0002
90.218298 0.186237190594 2.04568820373 -0.543109329885 1.91327475317 5.48427893388 19.6993865957 0.0002 0.0002
90.419012 0.222106591801 2.05607924579 -0.590502644293 1.86578841473 5.71181072767 18.940875711 0.0002 0.0002
90.419012 0.222106591801 2.05607924579 -0.590502644293 1.86578841473 5.71181072767 18.940875711 0.0002 0.0002
95.297898 0.738503441152 2.51646334709 -1.74252282303 0.711507039998 17.0943760178 6.36654499906 0.0002 0.0002
95.297898 0.738503441152 2.51646334709 -1.74252282303 0.711507039998 17.0943760178 6.36654499906 0.0002 0.0002
95.403698 0.744626498089 2.53327872285 -1.76750470105 0.686476127317 17.4657369299 6.21863837996 0.0002 0.0002
95.453698 0.747476008747 2.54136012724 -1.33804593804 0.520562911056 17.6210792753 6.15831159399 0.0002 0.0002
95.453698 0.747476008747 2.54136012724 -1.33804593804 0.520562911056 17.6210792753 6.15831159399 0.0002 0.0002
95.653698 0.758729882417 2.57416078559 0.42482014926 -0.125156231977 17.8049534576 6.07975394142 0.0002 0.0002
95.653698 0.758729882417 2.57416078559 0.42482014926 -0.125156231977 17.8049534576 6.07975394142 0.0002 0.0002
95.903698 0.773004302846 2.61462895416 2.56452737095 -0.952617024944 17.049723136 6.3464217273 0.0002 0.0002
101.194898 1.7619953313 3.04961851354 0.213147984476 -2.54293899797 2.35248729536 24.8421077557 0.0002 0.0002
101.244898 1.7833358458 3.05162163077 0.144757477942 -2.06171485711 2.3345979213 25.0724164032 0.0002 0.0002
101.244898 1.7833358458 3.05162163077 0.144757477942 -2.06171485711 2.3345979213 25.0724164032 0.0002 0.0002
101.444898 1.86940575392 3.05951028902 -0.125753838557 -0.0747323333535 2.33081712134 25.5019747495 0.0002 0.0002
101.444898 1.86940575392 3.05951028902 -0.125753838557 -0.0747323333535 2.33081712134 25.5019747495 0.0002 0.0002
101.694898 1.97400114523 3.06938746186 -0.477199661993 2.40080700559 2.48032493046 24.9156139322 0.0002 0.0002
101.800698 2.01578157137 3.07367750445 -0.529568899324 2.37208534131 2.58684104425 24.4106419219 0.0002 0.0002
101.800698 2.01578157137 3.07367750445 -0.529568899324 2.37208534131 2.58684104425 24.4106419219 0.0002 0.0002
102.001412 2.09017211236 3.082063267 -0.628918985351 2.31759724941 2.81936578154 23.4693569704 0.0002 0.0002
102.001412 2.09017211236 3.082063267 -0.628918985351 2.31759724941 2.81936578154 23.4693569704 0.0002 0.0002
104.444898 2.60136940955 3.21843712413 -1.83840384593 1.65426091143 8.84823457725 13.7641771604 0.0002 0.0002
104.444898 2.60136940955 3.21843712413 -1.83840384593 1.65426091143 8.84823457725 13.7641771604 0.0002 0.0002
106.986098 2.7871605104 3.47823547193 -3.09625550855 0.96439802616 21.3881909289 7.10964106821 0.0002 0.0002
107.036098 2.78948240715 3.48531310867 -2.57830040257 0.775113183044 21.6720371536 7.02270177538 0.0002 0.0002
107.036098 2.78948240715 3.48531310867 -2.57830040257 0.775113183044 21.6720371536 7.02270177538 0.0002 0.0002
107.236098 2.79855539911 3.51422979437 -0.404263556781 0.0475784378741 22.272563897 6.85925303781 0.0002 0.0002
107.236098 2.79855539911 3.51422979437 -0.404263556781 0.0475784378741 22.272563897 6.85925303781 0.0002 0.0002
107.486098 2.80984626863 3.55034777115 2.33779991286 -0.86322393388 21.7840742604 7.06106392621 0.0002 0.0002
107.792612 2.82439437781 3.59216455799 2.24682943942 -0.938979459806 20.3788211791 7.61346449723 0.0002 0.0002
107.792612 2.82439437781 3.59216455799 2.24682943942 -0.938979459806 20.3788211791 7.61346449723 0.0002 0.0002
112.046858 3.1990026698 3.94345272186 0.984209223879 -1.99042455904 6.63318786992 20.0758698268 0.0002 0.0002
112.046858 3.1990026698 3.94345272186 0.984209223879 -1.99042455904 6.63318786992 20.0758698268 0.0002 0.0002
112.777298 3.3218848268 3.97736671296 0.767421499277 -2.17095421301 5.35372672449 23.115507337 0.0002 0.0002
112.827298 3.33128813468 3.9795203567 0.648090153951 -1.72193793955 5.28297447253 23.3102161588 0.0002 0.0002
112.827298 3.33128813468 3.9795203567 0.648090153951 -1.72193793955 5.28297447253 23.3102161588 0.0002 0.0002
113.027298 3.36987006039 3.98801940489 0.191837556446 0.124122337539 5.11586970952 23.6314761603 0.0002 0.0002
113.027298 3.36987006039 3.98801940489 0.191837556446 0.124122337539 5.11586970952 23.6314761603 0.0002 0.0002
113.227298 3.40903139651 3.99653642222 -0.252204323498 1.96236499582 5.12787976012 23.2119628428 0.0002 0.0002
113.227298 3.40903139651 3.99653642222 -0.252204323498 1.96236499582 5.12787976012 23.2119628428 0.0002 0.0002
113.277298 3.41875459086 3.99870034121 -0.364610506217 2.40702010767 5.15871033516 22.9934215137 0.0002 0.0002
113.383098 3.43910855764 4.00335315615 -0.387845991658 2.37575993593 5.23832023264 22.4874033851 0.0002 0.0002
113.383098 3.43910855764 4.00335315615 -0.387845991658 2.37575993593 5.23832023264 22.4874033851 0.0002 0.0002
113.583812 3.47684603565 4.01247189194 -0.431926211174 2.31645602183 5.40285999056 21.5456099513 0.0002 0.0002
113.583812 3.47684603565 4.01247189194 -0.431926211174 2.31645602183 5.40285999056 21.5456099513 0.0002 0.0002
115.622798 3.79062182587 4.13309020593 -0.879722331378 1.71400751007 8.07729300574 13.3275512363 0.0002 0.0002
115.622798 3.79062182587 4.13309020593 -0.879722331378 1.71400751007 8.07729300574 13.3275512363 0.0002 0.0002
117.267498 3.96162226899 4.28834176799 -1.24092651763 1.22805661718 11.5651241677 8.4887383662 0.0002 0.0002
117.267498 3.96162226899 4.28834176799 -1.24092651763 1.22805661718 11.5651241677 8.4887383662 0.0002 0.0002
118.462698 4.05296565642 4.45695837858 -1.50341283331 0.87491713449 14.8451585599 5.9752641382 0.0002 0.0002
118.462698 4.05296565642 4.45695837858 -1.50341283331 0.87491713449 14.8451585599 5.9752641382 0.0002 0.0002
118.568498 4.06001688928 4.47494138512 -1.52664831875 0.843656962746 15.1657390298 5.79343899871 0.0002 0.0002
118.618498 4.06329863391 4.48363126755 -1.1544924262 0.685843370947 15.299852023 5.71699587107 0.0002 0.0002
118.618498 4.06329863391 4.48363126755 -1.1544924262 0.685843370947 15.299852023 5.71699587107 0.0002 0.0002
118.818498 4.07626094303 4.51921648982 0.372904462577 0.0812699027724 15.4572214813 5.56458919404 0.0002 0.0002
118.818498 4.07626094303 4.51921648982 0.372904462577 0.0812699027724 15.4572214813 5.56458919404 0.0002 0.0002
119.068498 4.0927041883 4.56381231574 2.22626981952 -0.670839001289 14.8005647308 5.7104631848 0.0002 0.0002
122.440498 4.52575953897 4.96394717239 0.869256256028 -1.52707150397 4.36245080402 13.1218174085 0.0002 0.0002
122.440498 4.52575953897 4.96394717239 0.869256256028 -1.52707150397 4.36245080402 13.1218174085 0.0002 0.0002
124.359698 5.14472732802 5.08293951928 0.0969014425503 -2.01440288568 2.50820094891 19.9186150571 0.0002 0.0002
124.409698 5.16469126754 5.08543791934 0.0272971120054 -1.62924801097 2.50199306824 20.1008577048 0.0002 0.0002
124.409698 5.16469126754 5.08543791934 0.0272971120054 -1.62924801097 2.50199306824 20.1008577048 0.0002 0.0002
124.609698 5.24421334279 5.09527986187 -0.252795099839 -0.0397580536859 2.54685620033 20.4364314031 0.0002 0.0002
124.609698 5.24421334279 5.09527986187 -0.252795099839 -0.0397580536859 2.54685620033 20.4364314031 0.0002 0.0002
124.859698 5.33894917675 5.10760810791 -0.627708064012 1.93878780544 2.765184975 19.9577207879 0.0002 0.0002
124.965498 5.37629588443 5.11296431439 -0.681045198307 1.91355990341 2.90365107015 19.5501424004 0.0002 0.0002
124.965498 5.37629588443 5.11296431439 -0.681045198307 1.91355990341 2.90365107015 19.5501424004 0.0002 0.0002
125.166212 5.44221704933 5.12343629558 -0.782231489165 1.86569985494 3.1973511872 18.7915920572 0.0002 0.0002
125.166212 5.44221704933 5.12343629558 -0.782231489165 1.86569985494 3.1973511872 18.7915920572 0.0002 0.0002
129.341898 6.0157897002 5.48620994242 -2.88732718817 0.870011789639 18.5202759823 7.3681192429 0.0002 0.0002
129.341898 6.0157897002 5.48620994242 -2.88732718817 0.870011789639 18.5202759823 7.3681192429 0.0002 0.0002
130.150898 6.05455982977 5.60701232437 -3.2951697368 0.677106565245 23.5219159946 6.1165004938 0.0002 0.0002
130.200898 6.0566715931 5.61522880069 -2.72380772433 0.513635532566 23.822990485 6.05698821508 0.0002 0.0002
130.200898 6.0566715931 5.61522880069 -2.72380772433 0.513635532566 23.822990485 6.05698821508 0.0002 0.0002
130.400898 6.06493296005 5.64857957689 -0.331580826594 -0.1225417588 24.4381801545 5.97928743149 0.0002 0.0002
130.400898 6.06493296005 5.64857957689 -0.331580826594 -0.1225417588 24.4381801545 5.97928743149 0.0002 0.0002
130.650898 6.07523522295 5.68972787223 2.67307722033 -0.937687865661 23.8466232805 6.24161448837 0.0002 0.0002
130.756698 6.0797251285 5.70641185822 2.63693888934 -0.969542693159 23.2848235761 6.4433994815 0.0002 0.0002
130.756698 6.0797251285 5.70641185822 2.63693888934 -0.969542693159 23.2848235761 6.4433994815 0.0002 0.0002
135.061658 0.142771337353 6.09162377958 1.16648454727 -2.26570297846 6.9112378185 20.371002688 0.0002 0.0002
135.061658 0.142771337353 6.09162377958 1.16648454727 -2.26570297846 6.9112378185 20.371002688 0.0002 0.0002
135.792098 0.26274315959 6.1247743126 0.916986603122 -2.48562774403 5.38938715141 23.8415647009 0.0002 0.0002
135.842098 0.272096872507 6.12686129659 0.795004680011 -2.02432733667 5.30381580457 24.0671368476 0.0002 0.0002
135.842098 0.272096872507 6.12686129659 0.795004680011 -2.02432733667 5.30381580457 24.0671368476 0.0002 0.0002
136.042098 0.310741625007 6.13507639128 0.333894936812 -0.117723719947 5.07921968685 24.4978219185 0.0002 0.0002
136.042098 0.310741625007 6.13507639128 0.333894936812 -0.117723719947 5.07921968685 24.4978219185 0.0002 0.0002
136.242098 0.350409547719 6.14327562718 -0.105961946188 1.79629451034 5.03387210763 24.1603251172 0.0002 0.0002
136.242098 0.350409547719 6.14327562718 -0.105961946188 1.79629451034 5.03387210763 24.1603251172 0.0002 0.0002
136.292098 0.36032822361 6.1453535426 -0.215890563501 2.26173125752 5.04995942829 23.9573568908 0.0002 0.0002
136.397898 0.381181529462 6.14981424777 -0.237817710794 2.23472442555 5.09796176371 23.4816318795 0.0002 0.0002
136.397898 0.381181529462 6.14981424777 -0.237817710794 2.23472442555 5.09796176371 23.4816318795 0.0002 0.0002
139.002498 0.808648010805 0.013050419254 -0.777623455959 1.56986625384 7.74277982664 13.572194996 0.0002 0.0002
139.002498 0.808648010805 0.013050419254 -0.777623455959 1.56986625384 7.74277982664 13.572194996 0.0002 0.0002
141.496798 1.06077759343 0.265828553601 -1.29456942469 0.933163597888 12.9114505289 7.32888763684 0.0002 0.0002
141.633298 1.07123255986 0.284732069436 -0.589781083146 0.50329097503 13.1693162339 7.13330550178 0.0002 0.0002
141.633298 1.07123255986 0.284732069436 -0.589781083146 0.50329097503 13.1693162339 7.13330550178 0.0002 0.0002
141.833298 1.08636484949 0.313007882129 0.468971876035 -0.102466937573 13.1936099929 7.05357271305 0.0002 0.0002
141.833298 1.08636484949 0.313007882129 0.468971876035 -0.102466937573 13.1936099929 7.05357271305 0.0002 0.0002
142.169798 1.1125811403 0.359735747537 2.14741981014 -1.15726957828 12.2994216841 7.47108283368 0.0002 0.0002
147.464298 2.50951427188 0.731028958455 -0.268110021686 -2.81503198328 2.3494160091 28.5024334514 0.0002 0.0002
147.774298 2.63529938314 0.74166535877 -0.611920062149 -0.579109776315 2.62003919571 29.5632143414 0.0002 0.0002
147.774298 2.63529938314 0.74166535877 -0.611920062149 -0.579109776315 2.62003919571 29.5632143414 0.0002 0.0002
147.974298 2.70786620074 0.748426716948 -0.863204291363 0.907002263909 2.91407446963 29.4974140899 0.0002 0.0002
147.974298 2.70786620074 0.748426716948 -0.863204291363 0.907002263909 2.91407446963 29.4974140899 0.0002 0.0002
148.484298 2.85599002806 0.766391373996 -1.69015353571 4.39585748872 4.18849934269 26.7321307565 0.0002 0.0002
148.795099 2.92182899812 0.778643473204 -1.97632787544 4.15956567268 5.32804543175 24.0730966825 0.0002 0.0002
148.795099 2.92182899812 0.778643473204 -1.97632787544 4.15956567268 5.32804543175 24.0730966825 0.0002 0.0002
149.451742 3.02061058925 0.809401775675 -2.58094104258 3.66034151653 8.32054416589 18.9382093661 0.0002 0.0002
149.761742 3.05496831102 0.826590469405 -1.71746515498 1.40509972375 9.66950068319 17.3867508553 0.0002 0.0002
149.761742 3.05496831102 0.826590469405 -1.71746515498 1.40509972375 9.66950068319 17.3867508553 0.0002 0.0002
149.961742 3.07503791366 0.838222124714 -1.01939308719 0.0794310942676 10.2196609603 17.0913390326 0.0002 0.0002
149.961742 3.07503791366 0.838222124714 -1.01939308719 0.0794310942676 10.2196609603 17.0913390326 0.0002 0.0002
150.471742 3.12403326662 0.86717499656 0.931843263195 -3.46904788615 10.2658420466 18.7652864477 0.0002 0.0002
150.968217 3.17463418599 0.891403226689 0.841487298284 -3.81389744401 9.3854277561 22.3810867305 0.0002 0.0002
150.968217 3.17463418599 0.891403226689 0.841487298284 -3.81389744401 9.3854277561 22.3810867305 0.0002 0.0002
150.968217 3.17463418599 0.891403226689 0.841487298284 -3.81389744401 9.3854277561 22.3810867305 0.0002 0.0002
153.973287 3.58768881924 0.979967694995 0.294579600059 -5.90120709873 5.9714672019 51.5756559387 0.0002 0.0002
154.283287 3.63994794227 0.98581638006 -0.205913753579 -2.01301267852 5.94419285591 54.0483500072 0.0002 0.0002
154.283287 3.63994794227 0.98581638006 -0.205913753579 -2.01301267852 5.94419285591 54.0483500072 0.0002 0.0002
154.483287 3.67324326149 0.98950125722 -0.536119939064 0.618299677368 6.09212041595 54.3282002964 0.0002 0.0002
154.483287 3.67324326149 0.98950125722 -0.536119939064 0.618299677368 6.09212041595 54.3282002964 0.0002 0.0002
154.993287 3.7516235543 0.999148549789 -1.50529964772 6.98469164558 7.11184174032 50.3668265303 0.0002 0.0002
155.304088 3.79260504169 1.00559715211 -1.64802686575 6.6774752896 8.09189877403 46.1206113847 0.0002 0.0002
155.304088 3.79260504169 1.00559715211 -1.64802686575 6.6774752896 8.09189877403 46.1206113847 0.0002 0.0002
155.960731 3.86405920569 1.02132914596 -1.94957296319 6.02840572535 10.4542375185 37.7773835574 0.0002 0.0002
156.270731 3.89217081116 1.02993253803 -1.72604321439 4.64081857916 11.5974003547 34.4806433352 0.0002 0.0002
156.270731 3.89217081116 1.02993253803 -1.72604321439 4.64081857916 11.5974003547 34.4806433352 0.0002 0.0002
156.470731 3.90893805795 1.03588499702 -1.54552374096 3.84516703907 12.2526012969 32.7857409243 0.0002 0.0002
156.470731 3.90893805795 1.03588499702 -1.54552374096 3.84516703907 12.2526012969 32.7857409243 0.0002 0.0002
156.980731 3.9483524622 1.05227543756 -0.979587986077 2.07184835312 13.5518699155 29.7943590813 0.0002 0.0002
157.477206 3.98370370254 1.06953297182 -1.05137798652 1.98365643956 14.5601937467 27.7809023394 0.0002 0.0002
157.477206 3.98370370254 1.06953297182 -1.05137798652 1.98365643956 14.5601937467 27.7809023394 0.0002 0.0002
157.477206 3.98370370254 1.06953297182 -1.05137798652 1.98365643956 14.5601937467 27.7809023394 0.0002 0.0002
158.548502 4.05189182693 1.11126518109 -1.2062867741 1.79335552969 16.9788209741 23.7346045248 0.0002 0.0002
158.548502 4.05189182693 1.11126518109 -1.2062867741 1.79335552969 16.9788209741 23.7346045248 0.0002 0.0002
158.813005 4.06718169332 1.12263614764 -1.2445337563 1.74637023191 17.6270703569 22.7983364417 0.0002 0.0002
158.813005 4.06718169332 1.12263614764 -1.2445337563 1.74637023191 17.6270703569 22.7983364417 0.0002 0.0002
165.740498 4.3252169737 1.69718631348 -2.24624527358 0.515796962677 41.8094176509 7.12718903633 0.0002 0.0002
165.740498 4.3252169737 1.69718631348 -2.24624527358 0.515796962677 41.8094176509 7.12718903633 0.0002 0.0002
168.065698 4.37461502767 2.07099352116 -2.58246786088 0.102757358649 53.0371414312 5.68892652838 0.0002 0.0002
168.065698 4.37461502767 2.07099352116 -2.58246786088 0.102757358649 53.0371414312 5.68892652838 0.0002 0.0002
168.277698 4.37857136581 2.10838471284 -2.61312293937 0.065098492292 54.1386066808 5.65334108798 0.0002 0.0002
168.277698 4.37857136581 2.10838471284 -2.61312293937 0.065098492292 54.1386066808 5.65334108798 0.0002 0.0002
