0.0 0.0 0.0 -1.25287976099 0.789987518004 5.79735938488 9.99584375794 0.0002 0.0002
0.0 0.0 0.0 -1.25287976099 0.789987518004 5.79735938488 9.99584375794 0.0002 0.0002
0.0 0.0 0.0 -1.25287976099 0.789987518004 5.79735938488 9.99584375794 0.0002 0.0002
0.423 0.066753540216 0.0437532690482 -1.4403765648 0.721260357547 6.93660681069 9.35658590658 0.0002 0.0002
0.423 0.066753540216 0.0437532690482 -1.4403765648 0.721260357547 6.93660681069 9.35658590658 0.0002 0.0002
0.877 0.126493679056 0.0939926370906 -1.64161426913 0.647496454835 8.3358306493 8.73517031376 0.0002 0.0002
0.877 0.126493679056 0.0939926370906 -1.64161426913 0.647496454835 8.3358306493 8.73517031376 0.0002 0.0002
1.357 0.179054848887 0.150908639629 -1.85437659969 0.569508187651 10.0139062663 8.15100808537 0.0002 0.0002
1.357 0.179054848887 0.150908639629 -1.85437659969 0.569508187651 10.0139062663 8.15100808537 0.0002 0.0002
1.89 0.227461469232 0.218724550225 -2.09063143759 0.482908715965 12.1165955502 7.59006987574 0.0002 0.0002
1.89 0.227461469232 0.218724550225 -2.09063143759 0.482908715965 12.1165955502 7.59006987574 0.0002 0.0002
2.475 0.271287727347 0.298608182672 -2.34993552796 0.387860515334 14.714327225 7.08066987543 0.0002 0.0002
2.475 0.271287727347 0.298608182672 -2.34993552796 0.387860515334 14.714327225 7.08066987543 0.0002 0.0002
3.06 0.30763187344 0.383756269393 -2.60923961834 0.292812314703 17.6154446856 6.68247626986 0.0002 0.0002
3.06 0.30763187344 0.383756269393 -2.60923961834 0.292812314703 17.6154446856 6.68247626986 0.0002 0.0002
3.645 0.33818367368 0.473361134349 -2.86854370871 0.197764114072 20.819947932 6.39548905903 0.0002 0.0002
3.645 0.33818367368 0.473361134349 -2.86854370871 0.197764114072 20.819947932 6.39548905903 0.0002 0.0002
4.6635 0.381056842021 0.636334330528 -3.31999877888 0.0322827596395 27.1229784556 6.16118631815 0.0002 0.0002
5.0 0.393275533142 0.68962794033 2.9466501061 -1.50789321957 27.2519470949 6.64533124673 0.0002 0.0002
5.0 0.393275533142 0.68962794033 2.9466501061 -1.50789321957 27.2519470949 6.64533124673 0.0002 0.0002
5.3365 0.406442290767 0.735547309062 8.32634033917 -3.52593149772 23.3578332421 8.29691936867 0.0002 0.0002
5.7585 0.427704833722 0.778648441223 7.0557433696 -4.20912307319 16.866593917 11.5611123976 0.0002 0.0002
6.025 0.445141630862 0.800001877815 3.52089764915 -1.97658514091 14.0965294693 13.2392607424 0.0002 0.0002
6.025 0.445141630862 0.800001877815 3.52089764915 -1.97658514091 14.0965294693 13.2392607424 0.0002 0.0002
6.2915 0.465018789981 0.819693318601 0.743291012679 0.666344944999 12.9797214591 13.5947216436 0.0002 0.0002
6.973 0.519601798259 0.871509033735 0.661778002888 0.593956804405 12.022166925 12.7358260014 0.0002 0.0002
6.973 0.519601798259 0.871509033735 0.661778002888 0.593956804405 12.022166925 12.7358260014 0.0002 0.0002
7.482 0.563133200077 0.912423969958 0.600897413037 0.539891413998 11.3794651383 12.1586972582 0.0002 0.0002
7.482 0.563133200077 0.912423969958 0.600897413037 0.539891413998 11.3794651383 12.1586972582 0.0002 0.0002
7.992 0.609158621209 0.955314830879 0.539897214954 0.48571980475 10.797659878 11.6356355367 0.0002 0.0002
7.992 0.609158621209 0.955314830879 0.539897214954 0.48571980475 10.797659878 11.6356355367 0.0002 0.0002
8.498 0.657200049455 0.999711114139 0.479375449798 0.431973070868 10.2819079096 11.1712829416 0.0002 0.0002
8.498 0.657200049455 0.999711114139 0.479375449798 0.431973070868 10.2819079096 11.1712829416 0.0002 0.0002
8.9873 0.705861015825 1.04432598128 0.420851142108 0.380000191642 9.84142703819 10.7739844242 0.0002 0.0002
8.9873 0.705861015825 1.04432598128 0.420851142108 0.380000191642 9.84142703819 10.7739844242 0.0002 0.0002
9.4566 0.75448543446 1.0885888119 0.364718999049 0.330151689249 9.47275897095 10.4407101465 0.0002 0.0002
9.4566 0.75448543446 1.0885888119 0.364718999049 0.330151689249 9.47275897095 10.4407101465 0.0002 0.0002
9.9277 0.805092981339 1.1343606076 0.308371561173 0.280111992941 9.15566600803 10.1532149259 0.0002 0.0002
9.9277 0.805092981339 1.1343606076 0.308371561173 0.280111992941 9.15566600803 10.1532149259 0.0002 0.0002
16.240021 1.52426352844 1.77965505857 -0.446633990515 -0.390375431889 10.0284228443 10.8492331471 0.0002 0.0002
16.240021 1.52426352844 1.77965505857 -0.446633990515 -0.390375431889 10.0284228443 10.8492331471 0.0002 0.0002
17.480021 1.64187692492 1.88872657728 -0.384257937794 -0.522205025018 11.0678384446 11.9818486835 0.0002 0.0002
17.480021 1.64187692492 1.88872657728 -0.384257937794 -0.522205025018 11.0678384446 11.9818486835 0.0002 0.0002
17.480021 1.64187692492 1.88872657728 -0.384257937794 -0.522205025018 11.0678384446 11.9818486835 0.0002 0.0002
17.480021 1.64187692492 1.88872657728 -0.384257937794 -0.522205025018 11.0678384446 11.9818486835 0.0002 0.0002
18.720021 1.74977852503 1.98667943932 -0.285913571929 -0.654034618147 11.9061986433 13.4416950832 0.0002 0.0002
18.720021 1.74977852503 1.98667943932 -0.730698711653 -0.151887257365 11.9061986433 13.4416950832 0.0002 0.0002
20.0 1.84912574858 2.08027209005 -0.895603247829 -0.249308585053 13.9878309991 13.9552173364 0.0002 0.0002
20.0 1.84912574858 2.08027209005 -0.895603247829 -0.249308585053 13.9878309991 13.9552173364 0.0002 0.0002
22.328798 1.99300877461 2.23913320462 -1.195631103 -0.426557268883 18.8578933729 15.5291723853 0.0002 0.0002
22.595298 2.00671248327 2.25641467252 -4.46621585282 2.024498567 20.3455124189 15.0971098655 0.0002 0.0002
22.595298 2.00671248327 2.25641467252 -4.46621585282 2.024498567 20.3455124189 15.0971098655 0.0002 0.0002
22.861798 2.01892176798 2.27499619924 -8.51611981222 4.13227919439 23.7565494793 13.4323973281 0.0002 0.0002
23.218798 2.03224346402 2.30484388638 -9.62100139147 3.65187082566 30.2315017491 10.6534557709 0.0002 0.0002
23.355298 2.03658609395 2.31823262492 -7.37645205425 2.67215690268 32.560312643 9.79341884738 0.0002 0.0002
23.355298 2.03658609395 2.31823262492 -7.37645205425 2.67215690268 32.560312643 9.79341884738 0.0002 0.0002
23.555298 2.04250747847 2.33964956452 -3.52758953226 1.44169902635 34.7586829936 8.97714780245 0.0002 0.0002
23.555298 2.04250747847 2.33964956452 -3.52758953226 1.44169902635 34.7586829936 8.97714780245 0.0002 0.0002
23.891798 2.05207843963 2.37833601978 3.50019843333 -0.368960897343 34.7681140018 8.62410670828 0.0002 0.0002
27.336298 2.20259346535 2.71332197382 2.18737457241 -0.822736262327 15.1772687836 12.7289075748 0.0002 0.0002
27.336298 2.20259346535 2.71332197382 2.18737457241 -0.822736262327 15.1772687836 12.7289075748 0.0002 0.0002
28.003298 2.25117642619 2.7635144888 1.9331566844 -0.910606248811 12.4288744353 13.8850470297 0.0002 0.0002
28.003298 2.25117642619 2.7635144888 1.9331566844 -0.910606248811 12.4288744353 13.8850470297 0.0002 0.0002
28.805298 2.32476680989 2.81833331264 1.62748540077 -1.01626101517 9.57323948296 15.4303945754 0.0002 0.0002
28.855298 2.33003189809 2.82156455936 1.33893424376 -0.578920861897 9.42498918021 15.5101917204 0.0002 0.0002
28.855298 2.33003189809 2.82156455936 1.33893424376 -0.578920861897 9.42498918021 15.5101917204 0.0002 0.0002
29.055298 2.35169933933 2.83446085464 0.245460495365 1.17833911104 9.11050572738 15.3893850452 0.0002 0.0002
29.055298 2.35169933933 2.83446085464 0.245460495365 1.17833911104 9.11050572738 15.3893850452 0.0002 0.0002
29.305298 2.37899264545 2.85122552105 -1.101032978 3.20638805511 9.32188517453 14.2799470277 0.0002 0.0002
32.666098 2.63156295916 3.61577835318 -1.89861941447 0.551411078272 19.4031169352 1.6507357002 0.0002 0.0002
32.716098 2.63412865605 3.64655617499 -1.29271293247 0.461455138698 19.5627675447 1.6001190132 0.0002 0.0002
32.716098 2.63412865605 3.64655617499 -1.29271293247 0.461455138698 19.5627675447 1.6001190132 0.0002 0.0002
32.916098 2.64430311948 3.77727532781 1.17362008437 0.125350127928 19.5867886343 1.4837358791 0.0002 0.0002
32.916098 2.64430311948 3.77727532781 1.17362008437 0.125350127928 19.5867886343 1.4837358791 0.0002 0.0002
33.166098 2.65743598596 3.94552271711 4.06306948166 -0.280667353738 18.2601230354 1.52206246857 0.0002 0.0002
36.526898 3.28789754613 4.88342652806 0.840600517365 -2.66266170903 1.77986890271 11.4140027827 0.0002 0.0002
36.576898 3.31664020394 4.88775960415 0.720633359552 -2.20383382085 1.70186228825 11.6574995375 0.0002 0.0002
36.576898 3.31664020394 4.88775960415 0.720633359552 -2.20383382085 1.70186228825 11.6574995375 0.0002 0.0002
36.776898 3.44279603363 4.90447172214 0.29243112557 -0.222914926922 1.50150808905 12.1484086318 0.0002 0.0002
36.776898 3.44279603363 4.90447172214 0.29243112557 -0.222914926922 1.50150808905 12.1484086318 0.0002 0.0002
37.026898 3.61297693893 4.92532132188 -0.192683526336 2.26322978138 1.47700231019 11.6291296965 0.0002 0.0002
37.333412 3.80993521517 4.95334345734 -0.407912659763 2.1018640703 1.66109344957 10.2911673197 0.0002 0.0002
37.333412 3.80993521517 4.95334345734 -0.407912659763 2.1018640703 1.66109344957 10.2911673197 0.0002 0.0002
40.387698 4.62003966825 5.62129221303 -2.5525824922 0.493921097951 10.7032923453 2.36289702128 0.0002 0.0002
40.437698 4.62465937959 5.64265716849 -2.10854003108 0.366119553188 10.9365186833 2.31992634018 0.0002 0.0002
40.437698 4.62465937959 5.64265716849 -2.10854003108 0.366119553188 10.9365186833 2.31992634018 0.0002 0.0002
40.637698 4.64246655528 5.73039273183 -0.188932967562 -0.123838638145 11.4014542725 2.27202808315 0.0002 0.0002
40.637698 4.64246655528 5.73039273183 -0.188932967562 -0.123838638145 11.4014542725 2.27202808315 0.0002 0.0002
40.887698 4.66470501698 5.83663351661 2.21532726913 -0.769206347334 10.885407082 2.49130367264 0.0002 0.0002
41.194212 4.69472760618 5.94856033709 2.04897748969 -0.965036233478 9.57833797311 3.02287330306 0.0002 0.0002
41.194212 4.69472760618 5.94856033709 2.04897748969 -0.965036233478 9.57833797311 3.02287330306 0.0002 0.0002
44.248498 5.43843837323 0.138238903508 0.391370325134 -2.91640054189 2.12481780715 14.877891306 0.0002 0.0002
44.298498 5.46216715533 0.141569293915 0.275664336662 -2.30620861927 2.09148961543 15.1392063961 0.0002 0.0002
44.298498 5.46216715533 0.141569293915 0.275664336662 -2.30620861927 2.09148961543 15.1392063961 0.0002 0.0002
44.498498 5.5589538151 0.154531222457 -0.173340996173 0.276025237324 2.07125316849 15.5498957036 0.0002 0.0002
44.498498 5.5589538151 0.154531222457 -0.173340996173 0.276025237324 2.07125316849 15.5498957036 0.0002 0.0002
44.748498 5.674657522 0.170971394107 -0.775442760631 3.41097751464 2.3043468506 14.6115131717 0.0002 0.0002
44.854298 5.71896328103 0.178395489968 -0.848964137855 3.31949086319 2.47620910046 13.8994296173 0.0002 0.0002
44.854298 5.71896328103 0.178395489968 -0.848964137855 3.31949086319 2.47620910046 13.8994296173 0.0002 0.0002
45.055012 5.79465659037 0.193561828949 -0.988442112411 3.14593082767 2.84500225858 12.6017289681 0.0002 0.0002
45.055012 5.79465659037 0.193561828949 -0.988442112411 3.14593082767 2.84500225858 12.6017289681 0.0002 0.0002
48.109298 0.0 0.98906797338 -3.1108930874 0.504849554508 15.3655443687 1.45120155772 0.0002 0.0002
48.159298 0.0 1.02409173727 -2.45990950249 0.400105082221 15.6442880208 1.40598682945 0.0002 0.0002
48.159298 0.0 1.02409173727 -2.45990950249 0.400105082221 15.6442880208 1.40598682945 0.0002 0.0002
48.359298 0.00742304561014 1.17199611534 0.299861695447 0.00743573978861 16.0814154512 1.32541756938 0.0002 0.0002
48.359298 0.00742304561014 1.17199611534 0.299861695447 0.00743573978861 16.0814154512 1.32541756938 0.0002 0.0002
48.609298 0.0233332371903 1.35541768368 3.64613339189 -0.488319627763 15.0765089308 1.44349141228 0.0002 0.0002
48.715098 0.030534924319 1.42606179449 3.54582265334 -0.579091661398 14.3155999812 1.55642352667 0.0002 0.0002
48.715098 0.030534924319 1.42606179449 3.54582265334 -0.579091661398 14.3155999812 1.55642352667 0.0002 0.0002
48.915812 0.0452880012082 1.54548798606 3.35552237377 -0.751295989933 12.9304034154 1.82345095372 0.0002 0.0002
48.915812 0.0452880012082 1.54548798606 3.35552237377 -0.751295989933 12.9304034154 1.82345095372 0.0002 0.0002
51.970098 0.895554908879 2.18363609575 0.459703050355 -3.37174732757 1.27761381568 14.4164044358 0.0002 0.0002
52.020098 0.935357664323 2.1870666594 0.359956189086 -2.79017897857 1.23665977784 14.724718562 0.0002 0.0002
52.020098 0.935357664323 2.1870666594 0.359956189086 -2.79017897857 1.23665977784 14.724718562 0.0002 0.0002
52.220098 1.10344740793 2.20029693399 -0.0166126600995 -0.279570303479 1.16875676446 15.345702526 0.0002 0.0002
52.220098 1.10344740793 2.20029693399 -0.0166126600995 -0.279570303479 1.16875676446 15.345702526 0.0002 0.0002
52.470098 1.30993393561 2.2168040105 -0.496511322937 2.8708109352 1.29481944813 14.6862049929 0.0002 0.0002
52.575898 1.38829762451 2.22416005353 -0.598365049212 2.80423440542 1.4106573683 14.0857851958 0.0002 0.0002
52.575898 1.38829762451 2.22416005353 -0.598365049212 2.80423440542 1.4106573683 14.0857851958 0.0002 0.0002
55.830898 2.15807172146 2.80510121601 -3.73195558818 0.755967822928 15.505851043 2.49732694255 0.0002 0.0002
55.880898 2.16126025615 2.82541247103 -3.08571999359 0.618259852655 15.846983814 2.42866565983 0.0002 0.0002
55.880898 2.16126025615 2.82541247103 -3.08571999359 0.618259852655 15.846983814 2.42866565983 0.0002 0.0002
56.080898 2.1735456657 2.91091874811 -0.290529583829 0.110194623129 16.5302304566 2.28465244289 0.0002 0.0002
56.080898 2.1735456657 2.91091874811 -0.290529583829 0.110194623129 16.5302304566 2.28465244289 0.0002 0.0002
56.330898 2.18888173005 3.01925311142 3.21335208983 -0.511009478577 15.7858947843 2.3830671216 0.0002 0.0002
56.436698 2.19573132727 3.06263755497 3.13744560209 -0.566999352088 15.1139803885 2.49712045588 0.0002 0.0002
56.436698 2.19573132727 3.06263755497 3.13744560209 -0.566999352088 15.1139803885 2.49712045588 0.0002 0.0002
59.691698 2.78193377747 3.70583979523 0.802137307253 -2.28956115054 2.29063801859 11.795224892 0.0002 0.0002
59.741698 2.80413115435 3.71004096657 0.672427017517 -1.80725044079 2.21696182078 12.0002102405 0.0002 0.0002
59.741698 2.80413115435 3.71004096657 0.672427017517 -1.80725044079 2.21696182078 12.0002102405 0.0002 0.0002
59.941698 2.89874840802 3.72639839328 0.200278572013 0.232455551147 2.04436633822 12.3187766216 0.0002 0.0002
59.941698 2.89874840802 3.72639839328 0.200278572013 0.232455551147 2.04436633822 12.3187766216 0.0002 0.0002
60.191698 3.02126857404 3.7471553565 -0.358398395281 2.70609155705 2.08321292413 11.5708901633 0.0002 0.0002
60.498212 3.16013401829 3.77568328019 -0.52443305183 2.4856162959 2.35381312231 9.97955902243 0.0002 0.0002
60.498212 3.16013401829 3.77568328019 -0.52443305183 2.4856162959 2.35381312231 9.97955902243 0.0002 0.0002
62.097498 3.62453816219 4.03599435919 -1.39074552609 1.33525122776 5.41673140947 3.86889908397 0.0002 0.0002
62.097498 3.62453816219 4.03599435919 -1.39074552609 1.33525122776 5.41673140947 3.86889908397 0.0002 0.0002
63.552498 3.81765848071 4.68294833835 -2.17890014636 0.288670957477 10.6105658629 1.50609230444 0.0002 0.0002
63.602498 3.82232528168 4.71643765904 -1.86276183093 0.205750075037 10.8127558875 1.48138431658 0.0002 0.0002
63.602498 3.82232528168 4.71643765904 -1.86276183093 0.205750075037 10.8127558875 1.48138431658 0.0002 0.0002
63.802498 3.84035162526 4.85324793408 -0.50116554631 -0.118030657524 11.2895824027 1.4639873717 0.0002 0.0002
63.802498 3.84035162526 4.85324793408 -0.50116554631 -0.118030657524 11.2895824027 1.4639873717 0.0002 0.0002
64.052498 3.86254015328 5.01702450843 1.25502581711 -0.543704852943 11.0985857439 1.62726843233 0.0002 0.0002
68.445984 4.52912341833 5.84727719382 0.235650803648 -4.041754779 4.54931888012 21.7734211288 0.0002 0.0002
68.445984 4.52912341833 5.84727719382 0.235650803648 -4.041754779 4.54931888012 21.7734211288 0.0002 0.0002
68.646698 4.5736770086 5.8561641434 0.189081214841 -4.20156127272 4.46406921776 23.4279700668 0.0002 0.0002
68.646698 4.5736770086 5.8561641434 0.189081214841 -4.20156127272 4.46406921776 23.4279700668 0.0002 0.0002
68.752498 4.59747954799 5.86059599295 0.164533537569 -4.28579818213 4.42665677695 24.3259326972 0.0002 0.0002
68.802498 4.60879006438 5.86263439557 0.0304909936255 -3.63963065388 4.41691005542 24.7223874179 0.0002 0.0002
68.802498 4.60879006438 5.86263439557 0.0304909936255 -3.63963065388 4.41691005542 24.7223874179 0.0002 0.0002
69.002498 4.65376996651 5.87054963205 -0.511436536499 -0.890544059819 4.51239400414 25.6351834359 0.0002 0.0002
69.002498 4.65376996651 5.87054963205 -0.511436536499 -0.890544059819 4.51239400414 25.6351834359 0.0002 0.0002
69.252498 4.70699864635 5.88032988936 -1.25915378618 2.62678619753 4.9499961731 25.1960362166 0.0002 0.0002
69.7 4.78798633318 5.89895770377 -1.49289178831 2.48647570057 6.18154207177 22.9078412907 0.0002 0.0002
69.7 4.78798633318 5.89895770377 -1.49289178831 2.48647570057 6.18154207177 22.9078412907 0.0002 0.0002
70.002498 4.8335588085 5.91261014437 -1.65089170377 2.39162999103 7.13253029056 21.4322240752 0.0002 0.0002
70.002498 4.8335588085 5.91261014437 -1.65089170377 2.39162999103 7.13253029056 21.4322240752 0.0002 0.0002
70.251298 4.86652988954 5.92454976861 -1.78084422896 2.31362083879 7.98634619062 20.2615576687 0.0002 0.0002
70.251298 4.86652988954 5.92454976861 -1.78084422896 2.31362083879 7.98634619062 20.2615576687 0.0002 0.0002
71.491298 4.98837517208 5.99579796526 -2.19319041118 1.92448012396 12.9565711052 15.0015934645 0.0002 0.0002
71.491298 4.98837517208 5.99579796526 -2.19319041118 1.92448012396 12.9565711052 15.0015934645 0.0002 0.0002
71.491298 4.98837517208 5.99579796526 -2.19319041118 1.92448012396 12.9565711052 15.0015934645 0.0002 0.0002
71.491298 4.98837517208 5.99579796526 -2.19319041118 1.92448012396 12.9565711052 15.0015934645 0.0002 0.0002
72.731298 5.06787044412 6.09388102397 -2.40617152372 1.53533940913 18.7088770991 10.7075648282 0.0002 0.0002
72.731298 5.06787044412 6.09388102397 -2.40617152372 1.53533940913 18.7088770991 10.7075648282 0.0002 0.0002
73.630098 5.11090727067 6.18994361378 -2.73235612771 1.25352821125 23.3273857522 8.20093061104 0.0002 0.0002
73.680098 5.11303894638 6.19608515502 -2.24621818795 1.06504403979 23.5764032157 8.08504329389 0.0002 0.0002
73.680098 5.11303894638 6.19608515502 -2.24621818795 1.06504403979 23.5764032157 8.08504329389 0.0002 0.0002
73.880098 5.12141008167 6.22133842822 -0.226986473013 0.34887812745 24.0738839545 7.80386030172 0.0002 0.0002
73.880098 5.12141008167 6.22133842822 -0.226986473013 0.34887812745 24.0738839545 7.80386030172 0.0002 0.0002
74.130098 5.1318630548 6.2534361366 2.30243485535 -0.518139940946 23.5503492728 7.84580274729 0.0002 0.0002
74.436612 5.14527958782 0.00852426691225 2.22042299581 -0.567695546548 22.1640300214 8.1786265259 0.0002 0.0002
74.436612 5.14527958782 0.00852426691225 2.22042299581 -0.567695546548 22.1640300214 8.1786265259 0.0002 0.0002
75.985612 5.22781707021 0.177895210301 1.80596763515 -0.818129892377 15.9271509341 10.3252701308 0.0002 0.0002
75.985612 5.22781707021 0.177895210301 1.80596763515 -0.818129892377 15.9271509341 10.3252701308 0.0002 0.0002
78.030098 5.39339038676 0.346677308915 1.25893846634 -1.14867186395 9.66099331826 14.3463687864 0.0002 0.0002
78.080098 5.39859793798 0.350149785224 1.04947145056 -0.859777020213 9.54561233734 14.4468256391 0.0002 0.0002
78.080098 5.39859793798 0.350149785224 1.04947145056 -0.859777020213 9.54561233734 14.4468256391 0.0002 0.0002
78.280098 5.41989857538 0.363904524114 0.246384435695 0.319069327426 9.28785212783 14.5555637111 0.0002 0.0002
78.280098 5.41989857538 0.363904524114 0.246384435695 0.319069327426 9.28785212783 14.5555637111 0.0002 0.0002
78.530098 5.44675752334 0.381323209903 -0.740636310509 1.75430618772 9.41036785697 14.0327354702 0.0002 0.0002
78.635898 5.45790713422 0.388963633747 -0.758046443818 1.72356314092 9.56892849238 13.6647768952 0.0002 0.0002
78.635898 5.45790713422 0.388963633747 -0.758046443818 1.72356314092 9.56892849238 13.6647768952 0.0002 0.0002
78.836612 5.47855149732 0.4040324313 -0.791075342657 1.66524026858 9.87985892263 12.9845966077 0.0002 0.0002
78.836612 5.47855149732 0.4040324313 -0.791075342657 1.66524026858 9.87985892263 12.9845966077 0.0002 0.0002
83.821298 5.82464252483 1.22053052652 -1.61134044442 0.216805155687 21.8551472626 3.60319112998 0.0002 0.0002
83.871298 5.82692258622 1.23444392901 -1.22584698738 0.138143182471 21.9970489556 3.58544900393 0.0002 0.0002
83.871298 5.82692258622 1.23444392901 -1.22584698738 0.138143182471 21.9970489556 3.58544900393 0.0002 0.0002
84.071298 5.83595692448 1.29033109617 0.345986393308 -0.174354863047 22.1738655835 3.59265697906 0.0002 0.0002
84.071298 5.83595692448 1.29033109617 0.345986393308 -0.174354863047 22.1738655835 3.59265697906 0.0002 0.0002
84.271298 5.84504809478 1.34515100176 1.89810311261 -0.496884111281 21.7228937571 3.72626784047 0.0002 0.0002
84.271298 5.84504809478 1.34515100176 1.89810311261 -0.496884111281 21.7228937571 3.72626784047 0.0002 0.0002
84.321298 5.84736060261 1.35847564624 2.27258862573 -0.581230710023 21.5142969573 3.78015751116 0.0002 0.0002
84.427098 5.85233380175 1.38600892395 2.24227292776 -0.618674208716 21.036624605 3.90710745156 0.0002 0.0002
84.427098 5.85233380175 1.38600892395 2.24227292776 -0.618674208716 21.036624605 3.90710745156 0.0002 0.0002
84.627812 5.86208324763 1.43575694252 2.18476078217 -0.689708560292 20.1480569609 4.16971819066 0.0002 0.0002
84.627812 5.86208324763 1.43575694252 2.18476078217 -0.689708560292 20.1480569609 4.16971819066 0.0002 0.0002
89.612498 0.072819628375 2.01579021437 0.756459881552 -2.45383033465 5.48699549557 19.8392725107 0.0002 0.0002
89.662498 0.0819917022926 2.01829588253 0.623418002767 -2.03157517804 5.41802679618 20.063624756 0.0002 0.0002
89.662498 0.0819917022926 2.01829588253 0.623418002767 -2.03157517804 5.41802679618 20.063624756 0.0002 0.0002
89.862498 0.119532907245 2.02812235752 0.112921375177 -0.272562914717 5.27161375793 20.5271651055 0.0002 0.0002
89.862498 0.119532907245 2.02812235752 0.112921375177 -0.272562914717 5.27161375793 20.5271651055 0.0002 0.0002
90.112498 0.166743889111 2.04037215471 -0.518127451868 1.93830566586 5.37200008237 20.106883804 0.0002 0.0002
90.218298 0.186237190594 2.04568820373 -0.543109329885 1.91327475317 5.48427893388 19.6993865957 0.0002 0.0002
90.218298 0.186237190594 2.04568820373 -0.543109329885 1.91327475317 5.48427893388 19.6993865957 0.0002 0.0002
90.419012 0.222106591801 2.05607924579 -0.590502644293 1.86578841473 5.71181072767 18.940875711 0.0002 0.0002
90.419012 0.222106591801 2.05607924579 -0.590502644293 1.86578841473 5.71181072767 18.940875711 0.0002 0.0002
95.297898 0.738503441152 2.51646334709 -1.74252282303 0.711507039998 17.0943760178 6.36654499906 0.0002 0.0002
95.297898 0.738503441152 2.51646334709 -1.74252282303 0.711507039998 17.0943760178 6.36654499906 0.0002 0.0002
95.403698 0.744626498089 2.53327872285 -1.76750470105 0.686476127317 17.4657369299 6.21863837996 0.0002 0.0002
95.453698 0.747475773153 2.54136080183 -1.42583690616 0.551259362171 17.6254573824 6.1567722759 0.0002 0.0002
95.453698 0.747475773153 2.54136080183 -1.42583690616 0.551259362171 17.6254573824 6.1567722759 0.0002 0.0002
95.653698 0.758700980433 2.57424692129 -0.0160189030487 0.0271999577006 17.9153801904 6.04169498173 0.0002 0.0002
95.653698 0.758700980433 2.57424692129 -0.0160189030487 0.0271999577006 17.9153801904 6.04169498173 0.0002 0.0002
95.903698 0.772769119654 2.61530657671 1.737059282 -0.629326799999 17.4814895451 6.19098171261 0.0002 0.0002
101.194898 1.34082927714 3.12255151456 0.521102582415 -1.82248030225 5.53310348812 19.1639834521 0.0002 0.0002
101.244898 1.34990453235 3.12514929133 0.373531813143 -1.35425077854 5.48839025226 19.3228857053 0.0002 0.0002
101.244898 1.34990453235 3.12514929133 0.373531813143 -1.35425077854 5.48839025226 19.3228857053 0.0002 0.0002
101.444898 1.38658572138 3.13542338611 -0.20542003882 0.562175902732 5.45498854984 19.4823569423 0.0002 0.0002
101.444898 1.38658572138 3.13542338611 -0.20542003882 0.562175902732 5.45498854984 19.4823569423 0.0002 0.0002
101.694898 1.43149844828 3.14848427088 -0.95768464919 2.87782494837 5.74279619951 18.6133565025 0.0002 0.0002
101.800698 1.44960013985 3.15426282245 -0.993004641234 2.82506592414 5.94917912644 18.0099906482 0.0002 0.0002
101.800698 1.44960013985 3.15426282245 -0.993004641234 2.82506592414 5.94917912644 18.0099906482 0.0002 0.0002
102.001412 1.48223299419 3.16576919166 -1.06001047189 2.72497637037 6.36124800185 16.8960194591 0.0002 0.0002
102.001412 1.48223299419 3.16576919166 -1.06001047189 2.72497637037 6.36124800185 16.8960194591 0.0002 0.0002
104.444898 1.74871416223 3.40006392678 -1.87573737244 1.50648925249 13.534706759 6.55649245018 0.0002 0.0002
104.444898 1.74871416223 3.40006392678 -1.87573737244 1.50648925249 13.534706759 6.55649245018 0.0002 0.0002
106.986098 1.88668526263 4.1499887067 -2.7240848562 0.239275335999 25.2237750064 2.1201554779 0.0002 0.0002
107.036098 1.88865752603 4.17369330741 -2.22995108022 0.172271314315 25.471559603 2.09958501829 0.0002 0.0002
107.036098 1.88865752603 4.17369330741 -2.22995108022 0.172271314315 25.471559603 2.09958501829 0.0002 0.0002
107.236098 1.89641495284 4.26972022657 -0.184327793843 -0.0914873307498 25.9570134923 2.08351404852 0.0002 0.0002
107.236098 1.89641495284 4.26972022657 -0.184327793843 -0.0914873307498 25.9570134923 2.08351404852 0.0002 0.0002
107.486098 1.90610986941 4.38689664753 2.37375269497 -0.431497672077 25.405038655 2.21317895613 0.0002 0.0002
107.792612 1.91853004394 4.5168453341 2.29370444026 -0.595778971846 23.9743976986 2.52805362936 0.0002 0.0002
107.792612 1.91853004394 4.5168453341 2.29370444026 -0.595778971846 23.9743976986 2.52805362936 0.0002 0.0002
112.046858 2.20929758259 5.21569333079 1.18267862294 -2.87591319871 9.18500895751 17.2974861592 0.0002 0.0002
112.046858 2.20929758259 5.21569333079 1.18267862294 -2.87591319871 9.18500895751 17.2974861592 0.0002 0.0002
112.777298 2.29685446469 5.25333065067 0.991919156282 -3.26740472146 7.59659575566 21.7848113008 0.0002 0.0002
112.827298 2.30347676151 5.25560967505 0.792720004246 -2.74614631741 7.50740066983 22.0856132213 0.0002 0.0002
112.827298 2.30347676151 5.25560967505 0.792720004246 -2.74614631741 7.50740066983 22.0856132213 0.0002 0.0002
113.027298 2.33050286613 5.26450285213 0.0256446631861 -0.551713910085 7.34480186789 22.7495830883 0.0002 0.0002
113.027298 2.33050286613 5.26450285213 0.0256446631861 -0.551713910085 7.34480186789 22.7495830883 0.0002 0.0002
113.227298 2.35756647585 5.27330961094 -0.739381578229 1.68622302927 7.48661244684 22.5211683536 0.0002 0.0002
113.227298 2.35756647585 5.27330961094 -0.739381578229 1.68622302927 7.48661244684 22.5211683536 0.0002 0.0002
113.277298 2.36420941648 5.27553900856 -0.937416196786 2.23169984979 7.57041769149 22.3251911816 0.0002 0.0002
113.383098 2.37800327019 5.28032866951 -0.963672562766 2.20335808889 7.77155288226 21.8559620517 0.0002 0.0002
113.383098 2.37800327019 5.28032866951 -0.963672562766 2.20335808889 7.77155288226 21.8559620517 0.0002 0.0002
113.583812 2.40319751361 5.28970154579 -1.01348371817 2.14959071464 8.16839582803 20.9822642855 0.0002 0.0002
113.583812 2.40319751361 5.28970154579 -1.01348371817 2.14959071464 8.16839582803 20.9822642855 0.0002 0.0002
115.622798 2.59984241737 5.41192508873 -1.51949848796 1.60338604845 13.3331110846 13.3299972073 0.0002 0.0002
115.622798 2.59984241737 5.41192508873 -1.51949848796 1.60338604845 13.3331110846 13.3299972073 0.0002 0.0002
117.267498 2.70335415447 5.56454127278 -1.92766337575 1.16280292798 19.0026582018 8.78044619776 0.0002 0.0002
117.267498 2.70335415447 5.56454127278 -1.92766337575 1.16280292798 19.0026582018 8.78044619776 0.0002 0.0002
118.462698 2.75939071785 5.7248707502 -2.22427593359 0.842632109236 23.9650560643 6.38355024128 0.0002 0.0002
118.462698 2.75939071785 5.7248707502 -2.22427593359 0.842632109236 23.9650560643 6.38355024128 0.0002 0.0002
118.568498 2.76376252137 5.7416777599 -2.25053229957 0.81429034834 24.4384907754 6.20824784526 0.0002 0.0002
118.618498 2.76579977168 5.74978182561 -1.76880014755 0.677972646636 24.6395245752 6.13365961659 0.0002 0.0002
118.618498 2.76579977168 5.74978182561 -1.76880014755 0.677972646636 24.6395245752 6.13365961659 0.0002 0.0002
118.818498 2.77384419235 5.78293265211 0.209339100392 0.154578327325 24.9530949911 5.968033945 0.0002 0.0002
118.818498 2.77384419235 5.78293265211 0.209339100392 0.154578327325 24.9530949911 5.968033945 0.0002 0.0002
119.068498 2.78396859675 5.82472020596 2.64840078127 -0.489508687952 24.232631592 6.05107402077 0.0002 0.0002
122.440498 3.00086237362 6.23740387828 1.53323927172 -1.18029422941 10.1321413333 11.6816494581 0.0002 0.0002
122.440498 3.00086237362 6.23740387828 1.53323927172 -1.18029422941 10.1321413333 11.6816494581 0.0002 0.0002
124.359698 3.26172278043 0.0909676642604 0.898536433904 -1.57346018764 5.46507739908 16.9666549353 0.0002 0.0002
124.409698 3.27094351162 0.0939022186709 0.748541681194 -1.1592774758 5.38275752339 17.1033483352 0.0002 0.0002
124.409698 3.27094351162 0.0939022186709 0.748541681194 -1.1592774758 5.38275752339 17.1033483352 0.0002 0.0002
124.609698 3.30888598571 0.105514804097 0.178524304625 0.534037174839 5.19856113196 17.2292301771 0.0002 0.0002
124.609698 3.30888598571 0.105514804097 0.178524304625 0.534037174839 5.19856113196 17.2292301771 0.0002 0.0002
124.859698 3.35685638219 0.12029151962 -0.519116245249 2.57598141018 5.28283984474 16.4435886511 0.0002 0.0002
124.965498 3.37667482691 0.126833982332 -0.54454029089 2.52685253783 5.39537470626 15.9037088194 0.0002 0.0002
124.965498 3.37667482691 0.126833982332 -0.54454029089 2.52685253783 5.39537470626 15.9037088194 0.0002 0.0002
125.166212 3.41312116488 0.139869554443 -0.592772444925 2.43364977332 5.62364929472 14.9080665585 0.0002 0.0002
125.166212 3.41312116488 0.139869554443 -0.592772444925 2.43364977332 5.62364929472 14.9080665585 0.0002 0.0002
129.341898 3.8891612851 0.861439593534 -1.5962018537 0.49464462699 14.7641186279 2.68042862728 0.0002 0.0002
129.341898 3.8891612851 0.861439593534 -1.5962018537 0.49464462699 14.7641186279 2.68042862728 0.0002 0.0002
130.150898 3.93950659332 1.20236989135 -1.79060689079 0.118980565234 17.5040469021 2.18400584677 0.0002 0.0002
130.200898 3.94234947701 1.22531441797 -1.44833408456 0.0521710676538 17.6660480852 2.17545112339 0.0002 0.0002
130.200898 3.94234947701 1.22531441797 -1.44833408456 0.0521710676538 17.6660480852 2.17545112339 0.0002 0.0002
130.400898 3.95354648538 1.3169420851 -0.0352238828504 -0.215647908775 17.9643562025 2.20797280969 0.0002 0.0002
130.400898 3.95354648538 1.3169420851 -0.0352238828504 -0.215647908775 17.9643562025 2.20797280969 0.0002 0.0002
130.650898 3.9675725055 1.42614074661 1.72366061672 -0.572074392055 17.5386852461 2.40327466118 0.0002 0.0002
130.756698 3.97366819155 1.46905617584 1.69970600321 -0.630505113317 17.1764930577 2.53050757285 0.0002 0.0002
130.756698 3.97366819155 1.46905617584 1.69970600321 -0.630505113317 17.1764930577 2.53050757285 0.0002 0.0002
135.061658 4.38535517118 2.15635455842 0.725002288964 -3.0080279659 6.73822084823 18.1942469375 0.0002 0.0002
135.061658 4.38535517118 2.15635455842 0.725002288964 -3.0080279659 6.73822084823 18.1942469375 0.0002 0.0002
135.792098 4.50246559457 2.19216017823 0.55962036183 -3.41143189821 5.79988107919 22.8832772007 0.0002 0.0002
135.842098 4.5111244399 2.19432990053 0.40569199642 -2.86340583058 5.75163540547 23.1971488594 0.0002 0.0002
135.842098 4.5111244399 2.19432990053 0.40569199642 -2.86340583058 5.75163540547 23.1971488594 0.0002 0.0002
136.042098 4.54614563501 2.2027984671 -0.197398656766 -0.557454469886 5.71025012965 23.8858827663 0.0002 0.0002
136.042098 4.54614563501 2.2027984671 -0.197398656766 -0.557454469886 5.71025012965 23.8858827663 0.0002 0.0002
136.242098 4.58068941098 2.21118782591 -0.816262163525 1.79245408564 5.9116518293 23.6372359244 0.0002 0.0002
136.242098 4.58068941098 2.21118782591 -0.816262163525 1.79245408564 5.9116518293 23.6372359244 0.0002 0.0002
136.292098 4.58908564796 2.21331206179 -0.979154473714 2.36495056134 6.00138556629 23.4292797112 0.0002 0.0002
136.397898 4.60641402713 2.21787649317 -1.01368567626 2.33517847816 6.21222805416 22.9320060588 0.0002 0.0002
136.397898 4.60641402713 2.21787649317 -1.01368567626 2.33517847816 6.21222805416 22.9320060588 0.0002 0.0002
139.002498 4.89256228665 2.37124017995 -1.86377991208 1.60224494453 13.7068749255 12.6765930121 0.0002 0.0002
139.002498 4.89256228665 2.37124017995 -1.86377991208 1.60224494453 13.7068749255 12.6765930121 0.0002 0.0002
141.496798 5.02762197347 2.65105883439 -2.67787422691 0.900349792522 25.0351228444 6.43437095945 0.0002 0.0002
141.633298 5.03300997118 2.67262415234 -1.21966581034 0.496972869124 25.5685606468 6.24414353536 0.0002 0.0002
141.633298 5.03300997118 2.67262415234 -1.21966581034 0.496972869124 25.5685606468 6.24414353536 0.0002 0.0002
141.833298 5.04080224907 2.70497289897 0.97384165789 -0.0687419250416 25.6180089508 6.15898442339 0.0002 0.0002
141.833298 5.04080224907 2.70497289897 0.97384165789 -0.0687419250416 25.6180089508 6.15898442339 0.0002 0.0002
142.169798 5.05432976903 2.75849065457 4.43918079275 -1.05142317958 23.7664154794 6.52992654653 0.0002 0.0002
147.464298 0.292274843479 3.17105370982 -0.173615936653 -2.75856650582 1.18238234884 26.7019169359 0.0002 0.0002
147.774298 0.536083007544 3.18239581904 -0.555724376778 -0.566834916515 1.40658275908 27.7416093438 0.0002 0.0002
147.774298 0.536083007544 3.18239581904 -0.555724376778 -0.566834916515 1.40658275908 27.7416093438 0.0002 0.0002
147.974298 0.666682645221 3.18960104772 -0.829813864496 0.891850266284 1.68271793014 27.6763762155 0.0002 0.0002
147.974298 0.666682645221 3.18960104772 -0.829813864496 0.891850266284 1.68271793014 27.6763762155 0.0002 0.0002
148.484298 0.900183180981 3.20878290167 -1.71948422407 4.30258149185 2.95386269741 24.96478989 0.0002 0.0002
148.795099 0.989047161804 3.22193632486 -2.13579447353 4.05966282007 4.1520871719 22.3657959956 0.0002 0.0002
148.795099 0.989047161804 3.22193632486 -2.13579447353 4.05966282007 4.1520871719 22.3657959956 0.0002 0.0002
149.451742 1.10671833996 3.25525604159 -3.01535152495 3.54643781309 7.53455113377 17.3713032576 0.0002 0.0002
149.761742 1.14373068324 3.27404665469 -2.2718456481 1.34877954587 9.19508135534 15.8730835786 0.0002 0.0002
149.761742 1.14373068324 3.27404665469 -2.2718456481 1.34877954587 9.19508135534 15.8730835786 0.0002 0.0002
149.961742 1.16456106209 3.28679411056 -1.59812532235 0.0630167261967 9.97326284804 15.5922323046 0.0002 0.0002
149.961742 1.16456106209 3.28679411056 -1.59812532235 0.0630167261967 9.97326284804 15.5922323046 0.0002 0.0002
150.471742 1.21338560504 3.31845799689 0.466281453143 -3.39303720352 10.5715623505 17.2335724682 0.0002 0.0002
150.968217 1.2613634454 3.34469531816 0.4091075202 -3.75351054537 10.13695361 20.7816547618 0.0002 0.0002
150.968217 1.2613634454 3.34469531816 0.4091075202 -3.75351054537 10.13695361 20.7816547618 0.0002 0.0002
150.968217 1.2613634454 3.34469531816 0.4091075202 -3.75351054537 10.13695361 20.7816547618 0.0002 0.0002
153.973287 1.58673528594 3.43815141273 0.0630444341034 -5.93538803242 8.71810393669 49.897473211 0.0002 0.0002
154.283287 1.6220776286 3.44418945859 -0.651011417454 -2.10154712771 8.89893964723 52.4089024973 0.0002 0.0002
154.283287 1.6220776286 3.44418945859 -0.651011417454 -2.10154712771 8.89893964723 52.4089024973 0.0002 0.0002
154.483287 1.64415264875 3.44798769008 -1.14040565758 0.501299211407 9.25604324665 52.7300143889 0.0002 0.0002
154.483287 1.64415264875 3.44798769008 -1.14040565758 0.501299211407 9.25604324665 52.7300143889 0.0002 0.0002
154.993287 1.69492713668 3.45792193412 -2.64442468654 6.81142276503 11.145854184 48.9182279417 0.0002 0.0002
155.304088 1.72089119106 3.46456270884 -2.86730816712 6.51029651362 12.8589062667 44.7778242682 0.0002 0.0002
155.304088 1.72089119106 3.46456270884 -2.86730816712 6.51029651362 12.8589062667 44.7778242682 0.0002 0.0002
155.960731 1.7654049888 3.48077354175 -3.33820394075 5.87409378228 16.9337123537 36.6457010711 0.0002 0.0002
156.270731 1.7827138914 3.48964174292 -2.90693418371 4.42297065815 18.8766451295 33.4649561806 0.0002 0.0002
156.270731 1.7827138914 3.48964174292 -2.90693418371 4.42297065815 18.8766451295 33.4649561806 0.0002 0.0002
156.470731 1.79300689981 3.4957709827 -2.5614682405 3.59120839229 19.971953376 31.8644974344 0.0002 0.0002
156.470731 1.79300689981 3.4957709827 -2.5614682405 3.59120839229 19.971953376 31.8644974344 0.0002 0.0002
156.980731 1.81719001107 3.51257877067 -1.49064519036 1.72868080467 22.0587298738 29.1772643059 0.0002 0.0002
157.477206 1.83896293724 3.53010847998 -1.56316314219 1.66081598526 23.5748693657 27.4944638871 0.0002 0.0002
157.477206 1.83896293724 3.53010847998 -1.56316314219 1.66081598526 23.5748693657 27.4944638871 0.0002 0.0002
157.477206 1.83896293724 3.53010847998 -1.56316314219 1.66081598526 23.5748693657 27.4944638871 0.0002 0.0002
158.548502 1.88136594369 3.57174437173 -1.71964270656 1.51437697105 27.0917261402 24.0928923738 0.0002 0.0002
158.548502 1.88136594369 3.57174437173 -1.71964270656 1.51437697105 27.0917261402 24.0928923738 0.0002 0.0002
158.813005 1.89096767655 3.58290798269 -1.75827751358 1.47822117603 28.0116464722 23.3013411861 0.0002 0.0002
158.813005 1.89096767655 3.58290798269 -1.75827751358 1.47822117603 28.0116464722 23.3013411861 0.0002 0.0002
165.740498 2.06165022117 4.07057593541 -2.77014639655 0.531279111584 59.3822714106 9.38054201009 0.0002 0.0002
165.740498 2.06165022117 4.07057593541 -2.77014639655 0.531279111584 59.3822714106 9.38054201009 0.0002 0.0002
168.065698 2.0969603541 4.34864818484 -3.10977828454 0.213439788144 73.0542722791 7.64892162445 0.0002 0.0002
168.065698 2.0969603541 4.34864818484 -3.10977828454 0.213439788144 73.0542722791 7.64892162445 0.0002 0.0002
168.277698 2.09983634405 4.37652222793 -3.14074420586 0.184460802865 74.3793830471 7.56456669915 0.0002 0.0002
168.277698 2.09983634405 4.37652222793 -3.14074420586 0.184460802865 74.3793830471 7.56456669915 0.0002 0.0002
