0.0 0.0 0.0 -1.25287976099 0.789987518004 5.79735938488 9.99584375794 0.0002 0.0002
0.0 0.0 0.0 -1.25287976099 0.789987518004 5.79735938488 9.99584375794 0.0002 0.0002
0.0 0.0 0.0 -1.25287976099 0.789987518004 5.79735938488 9.99584375794 0.0002 0.0002
0.423 0.066753540216 0.0437532690482 -1.4403765648 0.721260357547 6.93660681069 9.35658590658 0.0002 0.0002
0.423 0.066753540216 0.0437532690482 -1.4403765648 0.721260357547 6.93660681069 9.35658590658 0.0002 0.0002
0.877 0.126493679056 0.0939926370906 -1.64161426913 0.647496454835 8.3358306493 8.73517031376 0.0002 0.0002
0.877 0.126493679056 0.0939926370906 -1.64161426913 0.647496454835 8.3358306493 8.73517031376 0.0002 0.0002
1.357 0.179054848887 0.150908639629 -1.85437659969 0.569508187651 10.0139062663 8.15100808537 0.0002 0.0002
1.357 0.179054848887 0.150908639629 -1.85437659969 0.569508187651 10.0139062663 8.15100808537 0.0002 0.0002
1.89 0.227461469232 0.218724550225 -2.09063143759 0.482908715965 12.1165955502 7.59006987574 0.0002 0.0002
1.89 0.227461469232 0.218724550225 -2.09063143759 0.482908715965 12.1165955502 7.59006987574 0.0002 0.0002
2.475 0.271287727347 0.298608182672 -2.34993552796 0.387860515334 14.714327225 7.08066987543 0.0002 0.0002
2.475 0.271287727347 0.298608182672 -2.34993552796 0.387860515334 14.714327225 7.08066987543 0.0002 0.0002
3.06 0.30763187344 0.383756269393 -2.60923961834 0.292812314703 17.6154446856 6.68247626986 0.0002 0.0002
3.06 0.30763187344 0.383756269393 -2.60923961834 0.292812314703 17.6154446856 6.68247626986 0.0002 0.0002
3.645 0.33818367368 0.473361134349 -2.86854370871 0.197764114072 20.819947932 6.39548905903 0.0002 0.0002
3.645 0.33818367368 0.473361134349 -2.86854370871 0.197764114072 20.819947932 6.39548905903 0.0002 0.0002
4.6635 0.381056842021 0.636334330528 -3.31999877888 0.0322827596395 27.1229784556 6.16118631815 0.0002 0.0002
5.0 0.393275533142 0.68962794033 2.9466501061 -1.50789321957 27.2519470949 6.64533124673 0.0002 0.0002
5.0 0.393275533142 0.68962794033 2.9466501061 -1.50789321957 27.2519470949 6.64533124673 0.0002 0.0002
5.3365 0.406442290767 0.735547309062 8.32634033917 -3.52593149772 23.3578332421 8.29691936867 0.0002 0.0002
5.7585 0.427704833722 0.778648441223 7.0557433696 -4.20912307319 16.866593917 11.5611123976 0.0002 0.0002
6.025 0.445141630862 0.800001877815 3.52089764915 -1.97658514091 14.0965294693 13.2392607424 0.0002 0.0002
6.025 0.445141630862 0.800001877815 3.52089764915 -1.97658514091 14.0965294693 13.2392607424 0.0002 0.0002
6.2915 0.465018789981 0.819693318601 0.743291012679 0.666344944999 12.9797214591 13.5947216436 0.0002 0.0002
6.973 0.519601798259 0.871509033735 0.661778002888 0.593956804405 12.022166925 12.7358260014 0.0002 0.0002
6.973 0.519601798259 0.871509033735 0.661778002888 0.593956804405 12.022166925 12.7358260014 0.0002 0.0002
7.482 0.563133200077 0.912423969958 0.600897413037 0.539891413998 11.3794651383 12.1586972582 0.0002 0.0002
7.482 0.563133200077 0.912423969958 0.600897413037 0.539891413998 11.3794651383 12.1586972582 0.0002 0.0002
7.992 0.609158621209 0.955314830879 0.539897214954 0.48571980475 10.797659878 11.6356355367 0.0002 0.0002
7.992 0.609158621209 0.955314830879 0.539897214954 0.48571980475 10.797659878 11.6356355367 0.0002 0.0002
8.498 0.657200049455 0.999711114139 0.479375449798 0.431973070868 10.2819079096 11.1712829416 0.0002 0.0002
8.498 0.657200049455 0.999711114139 0.479375449798 0.431973070868 10.2819079096 11.1712829416 0.0002 0.0002
8.9873 0.705861015825 1.04432598128 0.420851142108 0.380000191642 9.84142703819 10.7739844242 0.0002 0.0002
8.9873 0.705861015825 1.04432598128 0.420851142108 0.380000191642 9.84142703819 10.7739844242 0.0002 0.0002
9.4566 0.75448543446 1.0885888119 0.364718999049 0.330151689249 9.47275897095 10.4407101465 0.0002 0.0002
9.4566 0.75448543446 1.0885888119 0.364718999049 0.330151689249 9.47275897095 10.4407101465 0.0002 0.0002
9.9277 0.805092981339 1.1343606076 0.308371561173 0.280111992941 9.15566600803 10.1532149259 0.0002 0.0002
9.9277 0.805092981339 1.1343606076 0.308371561173 0.280111992941 9.15566600803 10.1532149259 0.0002 0.0002
16.240021 1.52426352844 1.77965505857 -0.446633990515 -0.390375431889 10.0284228443 10.8492331471 0.0002 0.0002
16.240021 1.52426352844 1.77965505857 -0.446633990515 -0.390375431889 10.0284228443 10.8492331471 0.0002 0.0002
17.480021 1.64187692492 1.88872657728 -0.384257937794 -0.522205025018 11.0678384446 11.9818486835 0.0002 0.0002
17.480021 1.64187692492 1.88872657728 -0.384257937794 -0.522205025018 11.0678384446 11.9818486835 0.0002 0.0002
17.480021 1.64187692492 1.88872657728 -0.384257937794 -0.522205025018 11.0678384446 11.9818486835 0.0002 0.0002
17.480021 1.64187692492 1.88872657728 -0.384257937794 -0.522205025018 11.0678384446 11.9818486835 0.0002 0.0002
18.720021 1.74977852503 1.98667943932 -0.285913571929 -0.654034618147 11.9061986433 13.4416950832 0.0002 0.0002
18.720021 1.74977852503 1.98667943932 -0.730698711653 -0.151887257365 11.9061986433 13.4416950832 0.0002 0.0002
20.0 1.84912574858 2.08027209005 -0.895603247829 -0.249308585053 13.9878309991 13.9552173364 0.0002 0.0002
20.0 1.84912574858 2.08027209005 -0.895603247829 -0.249308585053 13.9878309991 13.9552173364 0.0002 0.0002
22.328798 1.99300877461 2.23913320462 -1.195631103 -0.426557268883 18.8578933729 15.5291723853 0.0002 0.0002
22.595298 2.00671248327 2.25641467252 -4.46621585282 2.024498567 20.3455124189 15.0971098655 0.0002 0.0002
22.595298 2.00671248327 2.25641467252 -4.46621585282 2.024498567 20.3455124189 15.0971098655 0.0002 0.0002
22.861798 2.01892176798 2.27499619924 -8.51611981222 4.13227919439 23.7565494793 13.4323973281 0.0002 0.0002
23.218798 2.03224346402 2.30484388638 -9.62100139147 3.65187082566 30.2315017491 10.6534557709 0.0002 0.0002
23.355298 2.03658609395 2.31823262492 -7.37645205425 2.67215690268 32.560312643 9.79341884738 0.0002 0.0002
23.355298 2.03658609395 2.31823262492 -7.37645205425 2.67215690268 32.560312643 9.79341884738 0.0002 0.0002
23.555298 2.04250747847 2.33964956452 -3.52758953226 1.44169902635 34.7586829936 8.97714780245 0.0002 0.0002
23.555298 2.04250747847 2.33964956452 -3.52758953226 1.44169902635 34.7586829936 8.97714780245 0.0002 0.0002
23.891798 2.05207843963 2.37833601978 3.50019843333 -0.368960897343 34.7681140018 8.62410670828 0.0002 0.0002
27.336298 2.20259346535 2.71332197382 2.18737457241 -0.822736262327 15.1772687836 12.7289075748 0.0002 0.0002
27.336298 2.20259346535 2.71332197382 2.18737457241 -0.822736262327 15.1772687836 12.7289075748 0.0002 0.0002
28.003298 2.25117642619 2.7635144888 1.9331566844 -0.910606248811 12.4288744353 13.8850470297 0.0002 0.0002
28.003298 2.25117642619 2.7635144888 1.9331566844 -0.910606248811 12.4288744353 13.8850470297 0.0002 0.0002
28.805298 2.32476680989 2.81833331264 1.62748540077 -1.01626101517 9.57323948296 15.4303945754 0.0002 0.0002
28.855298 2.33003189809 2.82156455936 1.33893424376 -0.578920861897 9.42498918021 15.5101917204 0.0002 0.0002
28.855298 2.33003189809 2.82156455936 1.33893424376 -0.578920861897 9.42498918021 15.5101917204 0.0002 0.0002
29.055298 2.35169933933 2.83446085464 0.245460495365 1.17833911104 9.11050572738 15.3893850452 0.0002 0.0002
29.055298 2.35169933933 2.83446085464 0.245460495365 1.17833911104 9.11050572738 15.3893850452 0.0002 0.0002
29.305298 2.37899264545 2.85122552105 -1.101032978 3.20638805511 9.32188517453 14.2799470277 0.0002 0.0002
32.666098 2.63156295916 3.61577835318 -1.89861941447 0.551411078272 19.4031169352 1.6507357002 0.0002 0.0002
32.716098 2.63412865605 3.64655617499 -1.29271293247 0.461455138698 19.5627675447 1.6001190132 0.0002 0.0002
32.716098 2.63412865605 3.64655617499 -1.29271293247 0.461455138698 19.5627675447 1.6001190132 0.0002 0.0002
32.916098 2.64430311948 3.77727532781 1.17362008437 0.125350127928 19.5867886343 1.4837358791 0.0002 0.0002
32.916098 2.64430311948 3.77727532781 1.17362008437 0.125350127928 19.5867886343 1.4837358791 0.0002 0.0002
33.166098 2.65743598596 3.94552271711 4.06306948166 -0.280667353738 18.2601230354 1.52206246857 0.0002 0.0002
36.526898 3.28789754613 4.88342652806 0.840600517365 -2.66266170903 1.77986890271 11.4140027827 0.0002 0.0002
36.576898 3.31664020394 4.88775960415 0.720633359552 -2.20383382085 1.70186228825 11.6574995375 0.0002 0.0002
36.576898 3.31664020394 4.88775960415 0.720633359552 -2.20383382085 1.70186228825 11.6574995375 0.0002 0.0002
36.776898 3.44279603363 4.90447172214 0.29243112557 -0.222914926922 1.50150808905 12.1484086318 0.0002 0.0002
36.776898 3.44279603363 4.90447172214 0.29243112557 -0.222914926922 1.50150808905 12.1484086318 0.0002 0.0002
37.026898 3.61297693893 4.92532132188 -0.192683526336 2.26322978138 1.47700231019 11.6291296965 0.0002 0.0002
37.333412 3.80993521517 4.95334345734 -0.407912659763 2.1018640703 1.66109344957 10.2911673197 0.0002 0.0002
37.333412 3.80993521517 4.95334345734 -0.407912659763 2.1018640703 1.66109344957 10.2911673197 0.0002 0.0002
40.387698 4.62003966825 5.62129221303 -2.5525824922 0.493921097951 10.7032923453 2.36289702128 0.0002 0.0002
40.437698 4.62465937959 5.64265716849 -2.10854003108 0.366119553188 10.9365186833 2.31992634018 0.0002 0.0002
40.437698 4.62465937959 5.64265716849 -2.10854003108 0.366119553188 10.9365186833 2.31992634018 0.0002 0.0002
40.637698 4.64246655528 5.73039273183 -0.188932967562 -0.123838638145 11.4014542725 2.27202808315 0.0002 0.0002
40.637698 4.64246655528 5.73039273183 -0.188932967562 -0.123838638145 11.4014542725 2.27202808315 0.0002 0.0002
40.887698 4.66470501698 5.83663351661 2.21532726913 -0.769206347334 10.885407082 2.49130367264 0.0002 0.0002
41.194212 4.69472760618 5.94856033709 2.04897748969 -0.965036233478 9.57833797311 3.02287330306 0.0002 0.0002
41.194212 4.69472760618 5.94856033709 2.04897748969 -0.965036233478 9.57833797311 3.02287330306 0.0002 0.0002
44.248498 5.43843837323 0.138238903508 0.391370325134 -2.91640054189 2.12481780715 14.877891306 0.0002 0.0002
44.298498 5.46216715533 0.141569293915 0.275664336662 -2.30620861927 2.09148961543 15.1392063961 0.0002 0.0002
44.298498 5.46216715533 0.141569293915 0.275664336662 -2.30620861927 2.09148961543 15.1392063961 0.0002 0.0002
44.498498 5.5589538151 0.154531222457 -0.173340996173 0.276025237324 2.07125316849 15.5498957036 0.0002 0.0002
44.498498 5.5589538151 0.154531222457 -0.173340996173 0.276025237324 2.07125316849 15.5498957036 0.0002 0.0002
44.748498 5.674657522 0.170971394107 -0.775442760631 3.41097751464 2.3043468506 14.6115131717 0.0002 0.0002
44.854298 5.71896328103 0.178395489968 -0.848964137855 3.31949086319 2.47620910046 13.8994296173 0.0002 0.0002
44.854298 5.71896328103 0.178395489968 -0.848964137855 3.31949086319 2.47620910046 13.8994296173 0.0002 0.0002
45.055012 5.79465659037 0.193561828949 -0.988442112411 3.14593082767 2.84500225858 12.6017289681 0.0002 0.0002
45.055012 5.79465659037 0.193561828949 -0.988442112411 3.14593082767 2.84500225858 12.6017289681 0.0002 0.0002
48.109298 0.0 0.98906797338 -3.1108930874 0.504849554508 15.3655443687 1.45120155772 0.0002 0.0002
48.159298 0.0 1.02409173727 -2.45990950249 0.400105082221 15.6442880208 1.40598682945 0.0002 0.0002
48.159298 0.0 1.02409173727 -2.45990950249 0.400105082221 15.6442880208 1.40598682945 0.0002 0.0002
48.359298 0.00742304561014 1.17199611534 0.299861695447 0.00743573978861 16.0814154512 1.32541756938 0.0002 0.0002
48.359298 0.00742304561014 1.17199611534 0.299861695447 0.00743573978861 16.0814154512 1.32541756938 0.0002 0.0002
48.609298 0.0233332371903 1.35541768368 3.64613339189 -0.488319627763 15.0765089308 1.44349141228 0.0002 0.0002
48.715098 0.030534924319 1.42606179449 3.54582265334 -0.579091661398 14.3155999812 1.55642352667 0.0002 0.0002
48.715098 0.030534924319 1.42606179449 3.54582265334 -0.579091661398 14.3155999812 1.55642352667 0.0002 0.0002
48.915812 0.0452880012082 1.54548798606 3.35552237377 -0.751295989933 12.9304034154 1.82345095372 0.0002 0.0002
48.915812 0.0452880012082 1.54548798606 3.35552237377 -0.751295989933 12.9304034154 1.82345095372 0.0002 0.0002
51.970098 0.895554908879 2.18363609575 0.459703050355 -3.37174732757 1.27761381568 14.4164044358 0.0002 0.0002
52.020098 0.935357664323 2.1870666594 0.359956189086 -2.79017897857 1.23665977784 14.724718562 0.0002 0.0002
52.020098 0.935357664323 2.1870666594 0.359956189086 -2.79017897857 1.23665977784 14.724718562 0.0002 0.0002
52.220098 1.10344740793 2.20029693399 -0.0166126600995 -0.279570303479 1.16875676446 15.345702526 0.0002 0.0002
52.220098 1.10344740793 2.20029693399 -0.0166126600995 -0.279570303479 1.16875676446 15.345702526 0.0002 0.0002
52.470098 1.30993393561 2.2168040105 -0.496511322937 2.8708109352 1.29481944813 14.6862049929 0.0002 0.0002
52.575898 1.38829762451 2.22416005353 -0.598365049212 2.80423440542 1.4106573683 14.0857851958 0.0002 0.0002
52.575898 1.38829762451 2.22416005353 -0.598365049212 2.80423440542 1.4106573683 14.0857851958 0.0002 0.0002
55.830898 2.15807172146 2.80510121601 -3.73195558818 0.755967822928 15.505851043 2.49732694255 0.0002 0.0002
55.880898 2.16126025615 2.82541247103 -3.08571999359 0.618259852655 15.846983814 2.42866565983 0.0002 0.0002
55.880898 2.16126025615 2.82541247103 -3.08571999359 0.618259852655 15.846983814 2.42866565983 0.0002 0.0002
56.080898 2.1735456657 2.91091874811 -0.290529583829 0.110194623129 16.5302304566 2.28465244289 0.0002 0.0002
56.080898 2.1735456657 2.91091874811 -0.290529583829 0.110194623129 16.5302304566 2.28465244289 0.0002 0.0002
56.330898 2.18888173005 3.01925311142 3.21335208983 -0.511009478577 15.7858947843 2.3830671216 0.0002 0.0002
56.436698 2.19573132727 3.06263755497 3.13744560209 -0.566999352088 15.1139803885 2.49712045588 0.0002 0.0002
56.436698 2.19573132727 3.06263755497 3.13744560209 -0.566999352088 15.1139803885 2.49712045588 0.0002 0.0002
59.691698 2.78193377747 3.70583979523 0.802137307253 -2.28956115054 2.29063801859 11.795224892 0.0002 0.0002
59.741698 2.80413115435 3.71004096657 0.672427017517 -1.80725044079 2.21696182078 12.0002102405 0.0002 0.0002
59.741698 2.80413115435 3.71004096657 0.672427017517 -1.80725044079 2.21696182078 12.0002102405 0.0002 0.0002
59.941698 2.89874840802 3.72639839328 0.200278572013 0.232455551147 2.04436633822 12.3187766216 0.0002 0.0002
59.941698 2.89874840802 3.72639839328 0.200278572013 0.232455551147 2.04436633822 12.3187766216 0.0002 0.0002
60.191698 3.02126857404 3.7471553565 -0.358398395281 2.70609155705 2.08321292413 11.5708901633 0.0002 0.0002
60.498212 3.16013401829 3.77568328019 -0.52443305183 2.4856162959 2.35381312231 9.97955902243 0.0002 0.0002
60.498212 3.16013401829 3.77568328019 -0.52443305183 2.4856162959 2.35381312231 9.97955902243 0.0002 0.0002
62.097498 3.62453816219 4.03599435919 -1.39074552609 1.33525122776 5.41673140947 3.86889908397 0.0002 0.0002
62.097498 3.62453816219 4.03599435919 -1.39074552609 1.33525122776 5.41673140947 3.86889908397 0.0002 0.0002
63.552498 3.81765848071 4.68294833835 -2.17890014636 0.288670957477 10.6105658629 1.50609230444 0.0002 0.0002
63.602498 3.82232528168 4.71643765904 -1.86276183093 0.205750075037 10.8127558875 1.48138431658 0.0002 0.0002
63.602498 3.82232528168 4.71643765904 -1.86276183093 0.205750075037 10.8127558875 1.48138431658 0.0002 0.0002
63.802498 3.84035162526 4.85324793408 -0.50116554631 -0.118030657524 11.2895824027 1.4639873717 0.0002 0.0002
63.802498 3.84035162526 4.85324793408 -0.50116554631 -0.118030657524 11.2895824027 1.4639873717 0.0002 0.0002
64.052498 3.86254015328 5.01702450843 1.25502581711 -0.543704852943 11.0985857439 1.62726843233 0.0002 0.0002
68.445984 4.52912341833 5.84727719382 0.235650803648 -4.041754779 4.54931888012 21.7734211288 0.0002 0.0002
68.445984 4.52912341833 5.84727719382 0.235650803648 -4.041754779 4.54931888012 21.7734211288 0.0002 0.0002
68.646698 4.5736770086 5.8561641434 0.189081214841 -4.20156127272 4.46406921776 23.4279700668 0.0002 0.0002
68.646698 4.5736770086 5.8561641434 0.189081214841 -4.20156127272 4.46406921776 23.4279700668 0.0002 0.0002
68.752498 4.59747954799 5.86059599295 0.164533537569 -4.28579818213 4.42665677695 24.3259326972 0.0002 0.0002
68.802498 4.60879006438 5.86263439557 0.0304909936255 -3.63963065388 4.41691005542 24.7223874179 0.0002 0.0002
68.802498 4.60879006438 5.86263439557 0.0304909936255 -3.63963065388 4.41691005542 24.7223874179 0.0002 0.0002
69.002498 4.65376996651 5.87054963205 -0.511436536499 -0.890544059819 4.51239400414 25.6351834359 0.0002 0.0002
69.002498 4.65376996651 5.87054963205 -0.511436536499 -0.890544059819 4.51239400414 25.6351834359 0.0002 0.0002
69.252498 4.70699864635 5.88032988936 -1.25915378618 2.62678619753 4.9499961731 25.1960362166 0.0002 0.0002
69.7 4.78798633318 5.89895770377 -1.49289178831 2.48647570057 6.18154207177 22.9078412907 0.0002 0.0002
69.7 4.78798633318 5.89895770377 -1.49289178831 2.48647570057 6.18154207177 22.9078412907 0.0002 0.0002
70.002498 4.8335588085 5.91261014437 -1.65089170377 2.39162999103 7.13253029056 21.4322240752 0.0002 0.0002
70.002498 4.8335588085 5.91261014437 -1.65089170377 2.39162999103 7.13253029056 21.4322240752 0.0002 0.0002
70.251298 4.86652988954 5.92454976861 -1.78084422896 2.31362083879 7.98634619062 20.2615576687 0.0002 0.0002
70.251298 4.86652988954 5.92454976861 -1.78084422896 2.31362083879 7.98634619062 20.2615576687 0.0002 0.0002
71.491298 4.98837517208 5.99579796526 -2.19319041118 1.92448012396 12.9565711052 15.0015934645 0.0002 0.0002
71.491298 4.98837517208 5.99579796526 -2.19319041118 1.92448012396 12.9565711052 15.0015934645 0.0002 0.0002
71.491298 4.98837517208 5.99579796526 -2.19319041118 1.92448012396 12.9565711052 15.0015934645 0.0002 0.0002
71.491298 4.98837517208 5.99579796526 -2.19319041118 1.92448012396 12.9565711052 15.0015934645 0.0002 0.0002
72.731298 5.06787044412 6.09388102397 -2.40617152372 1.53533940913 18.7088770991 10.7075648282 0.0002 0.0002
72.731298 5.06787044412 6.09388102397 -2.40617152372 1.53533940913 18.7088770991 10.7075648282 0.0002 0.0002
73.630098 5.11090727067 6.18994361378 -2.73235612771 1.25352821125 23.3273857522 8.20093061104 0.0002 0.0002
73.680098 5.11303894638 6.19608515502 -2.24621818795 1.06504403979 23.5764032157 8.08504329389 0.0002 0.0002
73.680098 5.11303894638 6.19608515502 -2.24621818795 1.06504403979 23.5764032157 8.08504329389 0.0002 0.0002
73.880098 5.12141008167 6.22133842822 -0.226986473013 0.34887812745 24.0738839545 7.80386030172 0.0002 0.0002
73.880098 5.12141008167 6.22133842822 -0.226986473013 0.34887812745 24.0738839545 7.80386030172 0.0002 0.0002
74.130098 5.1318630548 6.2534361366 2.30243485535 -0.518139940946 23.5503492728 7.84580274729 0.0002 0.0002
74.436612 5.14527958782 0.00852426691225 2.22042299581 -0.567695546548 22.1640300214 8.1786265259 0.0002 0.0002
74.436612 5.14527958782 0.00852426691225 2.22042299581 -0.567695546548 22.1640300214 8.1786265259 0.0002 0.0002
75.985612 5.22781707021 0.177895210301 1.80596763515 -0.818129892377 15.9271509341 10.3252701308 0.0002 0.0002
75.985612 5.22781707021 0.177895210301 1.80596763515 -0.818129892377 15.9271509341 10.3252701308 0.0002 0.0002
78.030098 5.39339038676 0.346677308915 1.25893846634 -1.14867186395 9.66099331826 14.3463687864 0.0002 0.0002
78.080098 5.39859793798 0.350149785224 1.04947145056 -0.859777020213 9.54561233734 14.4468256391 0.0002 0.0002
78.080098 5.39859793798 0.350149785224 1.04947145056 -0.859777020213 9.54561233734 14.4468256391 0.0002 0.0002
78.280098 5.41989857538 0.363904524114 0.246384435695 0.319069327426 9.28785212783 14.5555637111 0.0002 0.0002
78.280098 5.41989857538 0.363904524114 0.246384435695 0.319069327426 9.28785212783 14.5555637111 0.0002 0.0002
78.530098 5.44675752334 0.381323209903 -0.740636310509 1.75430618772 9.41036785697 14.0327354702 0.0002 0.0002
78.635898 5.45790713422 0.388963633747 -0.758046443818 1.72356314092 9.56892849238 13.6647768952 0.0002 0.0002
78.635898 5.45790713422 0.388963633747 -0.758046443818 1.72356314092 9.56892849238 13.6647768952 0.0002 0.0002
78.836612 5.47855149732 0.4040324313 -0.791075342657 1.66524026858 9.87985892263 12.9845966077 0.0002 0.0002
78.836612 5.47855149732 0.4040324313 -0.791075342657 1.66524026858 9.87985892263 12.9845966077 0.0002 0.0002
83.821298 5.82464252483 1.22053052652 -1.61134044442 0.216805155687 21.8551472626 3.60319112998 0.0002 0.0002
83.871298 5.82692258622 1.23444392901 -1.22584698738 0.138143182471 21.9970489556 3.58544900393 0.0002 0.0002
83.871298 5.82692258622 1.23444392901 -1.22584698738 0.138143182471 21.9970489556 3.58544900393 0.0002 0.0002
84.071298 5.83595692448 1.29033109617 0.345986393308 -0.174354863047 22.1738655835 3.59265697906 0.0002 0.0002
84.071298 5.83595692448 1.29033109617 0.345986393308 -0.174354863047 22.1738655835 3.59265697906 0.0002 0.0002
84.271298 5.84504809478 1.34515100176 1.89810311261 -0.496884111281 21.7228937571 3.72626784047 0.0002 0.0002
84.271298 5.84504809478 1.34515100176 1.89810311261 -0.496884111281 21.7228937571 3.72626784047 0.0002 0.0002
84.321298 5.84736060261 1.35847564624 2.27258862573 -0.581230710023 21.5142969573 3.78015751116 0.0002 0.0002
84.427098 5.85233380175 1.38600892395 2.24227292776 -0.618674208716 21.036624605 3.90710745156 0.0002 0.0002
84.427098 5.85233380175 1.38600892395 2.24227292776 -0.618674208716 21.036624605 3.90710745156 0.0002 0.0002
84.627812 5.86208324763 1.43575694252 2.18476078217 -0.689708560292 20.1480569609 4.16971819066 0.0002 0.0002
84.627812 5.86208324763 1.43575694252 2.18476078217 -0.689708560292 20.1480569609 4.16971819066 0.0002 0.0002
89.612498 0.072819628375 2.01579021437 0.756459881552 -2.45383033465 5.48699549557 19.8392725107 0.0002 0.0002
89.662498 0.0819917022926 2.01829588253 0.623418002767 -2.03157517804 5.41802679618 20.063624756 0.0002 0.0002
89.662498 0.0819917022926 2.01829588253 0.623418002767 -2.03157517804 5.41802679618 20.063624756 0.0002 0.0002
89.862498 0.119532907245 2.02812235752 0.112921375177 -0.272562914717 5.27161375793 20.5271651055 0.0002 0.0002
89.862498 0.119532907245 2.02812235752 0.112921375177 -0.272562914717 5.27161375793 20.5271651055 0.0002 0.0002
90.112498 0.166743889111 2.04037215471 -0.518127451868 1.93830566586 5.37200008237 20.106883804 0.0002 0.0002
90.218298 0.186237190594 2.04568820373 -0.543109329885 1.91327475317 5.48427893388 19.6993865957 0.0002 0.0002
90.218298 0.186237190594 2.04568820373 -0.543109329885 1.91327475317 5.48427893388 19.6993865957 0.0002 0.0002
90.419012 0.222106591801 2.05607924579 -0.590502644293 1.86578841473 5.71181072767 18.940875711 0.0002 0.0002
90.419012 0.222106591801 2.05607924579 -0.590502644293 1.86578841473 5.71181072767 18.940875711 0.0002 0.0002
95.297898 0.738503441152 2.51646334709 -1.74252282303 0.711507039998 17.0943760178 6.36654499906 0.0002 0.0002
95.297898 0.738503441152 2.51646334709 -1.74252282303 0.711507039998 17.0943760178 6.36654499906 0.0002 0.0002
95.403698 0.744626498089 2.53327872285 -1.76750470105 0.686476127317 17.4657369299 6.21863837996 0.0002 0.0002
95.453698 0.747475676421 2.54136107889 -1.46189624354 0.563861739721 17.6272554405 6.15614023684 0.0002 0.0002
95.453698 0.747475676421 2.54136107889 -1.46189624354 0.563861739721 17.6272554405 6.15614023684 0.0002 0.0002
95.653698 0.758689153209 2.57428241837 -0.198104161684 0.0893958196996 17.9608585192 6.02611232409 0.0002 0.0002
95.653698 0.758689153209 2.57428241837 -0.198104161684 0.0893958196996 17.9608585192 6.02611232409 0.0002 0.0002
95.903698 0.772673894083 2.61558876466 1.38899422272 -0.499577508167 17.6608825724 6.12789543788 0.0002 0.0002
101.194898 1.24677735801 3.15838931503 0.51137452892 -1.57853936754 7.60565143369 17.1236274506 0.0002 0.0002
101.244898 1.25337118663 3.16129686252 0.344702959392 -1.22694499699 7.56286249819 17.2639506668 0.0002 0.0002
101.244898 1.25337118663 3.16129686252 0.344702959392 -1.22694499699 7.56286249819 17.2639506668 0.0002 0.0002
101.444898 1.27990379834 3.17278216954 -0.314448023802 0.215810374473 7.55684508968 17.4673149523 0.0002 0.0002
101.444898 1.27990379834 3.17278216954 -0.314448023802 0.215810374473 7.55684508968 17.4673149523 0.0002 0.0002
101.694898 1.31235443396 3.18726498876 -1.17349639334 1.98775138333 7.92561783079 16.9115649541 0.0002 0.0002
101.800698 1.32549690378 3.19359975508 -1.20522849648 1.95677658828 8.17728692413 16.4942338948 0.0002 0.0002
101.800698 1.32549690378 3.19359975508 -1.20522849648 1.95677658828 8.17728692413 16.4942338948 0.0002 0.0002
102.001412 1.34933244052 3.20606467052 -1.26542771529 1.89801406452 8.67318221502 15.7205234437 0.0002 0.0002
102.001412 1.34933244052 3.20606467052 -1.26542771529 1.89801406452 8.67318221502 15.7205234437 0.0002 0.0002
104.444898 1.5541082369 3.42306938785 -1.99829113475 1.18264092595 16.648033533 8.19298610364 0.0002 0.0002
104.444898 1.5541082369 3.42306938785 -1.99829113475 1.18264092595 16.648033533 8.19298610364 0.0002 0.0002
106.986098 1.6705445337 3.8785680009 -2.76046146088 0.438660309836 28.740975629 4.07293540327 0.0002 0.0002
107.036098 1.6722764111 3.89090627707 -2.25340099977 0.351438743451 28.9917439947 4.03344229903 0.0002 0.0002
107.036098 1.6722764111 3.89090627707 -2.25340099977 0.351438743451 28.9917439947 4.03344229903 0.0002 0.0002
107.236098 1.67910151788 3.9410838528 -0.162701112302 0.0121298180698 29.4772975528 3.96107564898 0.0002 0.0002
107.236098 1.67910151788 3.9410838528 -0.162701112302 0.0121298180698 29.4772975528 3.96107564898 0.0002 0.0002
107.486098 1.6876347422 4.00369453698 2.44959431241 -0.413300664884 28.9012469369 4.0606227987 0.0002 0.0002
107.792612 1.69852274937 4.07676498822 2.37534993706 -0.501679210361 27.4223339752 4.34107694018 0.0002 0.0002
107.792612 1.69852274937 4.07676498822 2.37534993706 -0.501679210361 27.4223339752 4.34107694018 0.0002 0.0002
112.046858 1.93942067261 4.65803948006 1.34487877796 -1.72832488913 11.5955658453 13.8280629604 0.0002 0.0002
112.046858 1.93942067261 4.65803948006 1.34487877796 -1.72832488913 11.5955658453 13.8280629604 0.0002 0.0002
112.777298 2.00813596217 4.70640569139 1.1679502803 -1.93893590448 9.76009498797 16.5067769345 0.0002 0.0002
112.827298 2.01328784435 4.70941810068 0.95366853892 -1.60371830871 9.65405107017 16.6839715178 0.0002 0.0002
112.827298 2.01328784435 4.70941810068 0.95366853892 -1.60371830871 9.65405107017 16.6839715178 0.0002 0.0002
113.027298 2.03429935942 4.72124388699 0.127760829232 -0.210104033809 9.43896542692 17.0487762397 0.0002 0.0002
113.027298 2.03429935942 4.72124388699 0.127760829232 -0.210104033809 9.43896542692 17.0487762397 0.0002 0.0002
113.227298 2.05542427521 4.7330112008 -0.689534132893 1.19751662522 9.55069660044 16.8501830438 0.0002 0.0002
113.227298 2.05542427521 4.7330112008 -0.689534132893 1.19751662522 9.55069660044 16.8501830438 0.0002 0.0002
113.277298 2.0606388037 4.73599014447 -0.898928909362 1.54054405047 9.63009203319 16.7132321896 0.0002 0.0002
113.383098 2.07151732963 4.74238271292 -0.918793116497 1.51919015592 9.82240702353 16.3895123106 0.0002 0.0002
113.383098 2.07151732963 4.74238271292 -0.918793116497 1.51919015592 9.82240702353 16.3895123106 0.0002 0.0002
113.583812 2.09157235776 4.75486071752 -0.956477657809 1.47867951706 10.1988001217 15.7877978971 0.0002 0.0002
113.583812 2.09157235776 4.75486071752 -0.956477657809 1.47867951706 10.1988001217 15.7877978971 0.0002 0.0002
115.622798 2.25785366033 4.91316018463 -1.33930223484 1.06714556589 14.8798631819 10.5968961945 0.0002 0.0002
115.622798 2.25785366033 4.91316018463 -1.33930223484 1.06714556589 14.8798631819 10.5968961945 0.0002 0.0002
117.267498 2.3538369901 5.09707314681 -1.64809865709 0.735191403626 19.7932414289 7.63259258073 0.0002 0.0002
117.267498 2.3538369901 5.09707314681 -1.64809865709 0.735191403626 19.7932414289 7.63259258073 0.0002 0.0002
118.462698 2.40870065234 5.27222443118 -1.87250036189 0.493961018306 24.0010613764 6.16350960604 0.0002 0.0002
118.462698 2.40870065234 5.27222443118 -1.87250036189 0.493961018306 24.0010613764 6.16350960604 0.0002 0.0002
118.568498 2.41307267492 5.28953503986 -1.89236456903 0.472607123755 24.399384086 6.06124669661 0.0002 0.0002
118.618498 2.41511459844 5.29781377114 -1.45937081469 0.354181420914 24.5670211545 6.019919668 0.0002 0.0002
118.618498 2.41511459844 5.29781377114 -1.45937081469 0.354181420914 24.5670211545 6.019919668 0.0002 0.0002
118.818498 2.42319821958 5.33125755822 0.309296980319 -0.110970970088 24.7981465028 5.97150974633 0.0002 0.0002
118.818498 2.42319821958 5.33125755822 0.309296980319 -0.110970970088 24.7981465028 5.97150974633 0.0002 0.0002
119.068498 2.43338758416 5.37259748981 2.48332715644 -0.704612615118 24.0947061962 6.17388990907 0.0002 0.0002
122.440498 2.64467734293 5.74826107373 1.48033367639 -1.5219461036 10.729241868 13.6818459086 0.0002 0.0002
122.440498 2.64467734293 5.74826107373 1.48033367639 -1.5219461036 10.729241868 13.6818459086 0.0002 0.0002
124.359698 2.88334078638 5.86334549638 0.909472144084 -1.98713780914 6.14272653731 20.4164797539 0.0002 0.0002
124.409698 2.8915381337 5.86578348037 0.767719710606 -1.56767527399 6.05889621229 20.594282493 0.0002 0.0002
124.409698 2.8915381337 5.86578348037 0.767719710606 -1.56767527399 6.05889621229 20.594282493 0.0002 0.0002
124.609698 2.92520019559 5.87540197224 0.227134012776 0.157898950807 5.86102961154 20.8778235254 0.0002 0.0002
124.609698 2.92520019559 5.87540197224 0.227134012776 0.157898950807 5.86102961154 20.8778235254 0.0002 0.0002
124.859698 2.96787051464 5.88750452523 -0.431204244056 2.28654022716 5.91160645951 20.2613229604 0.0002 0.0002
124.965498 2.98562858614 5.89278934785 -0.452428956162 2.25401764379 6.00509485209 19.7809319377 0.0002 0.0002
124.965498 2.98562858614 5.89278934785 -0.452428956162 2.25401764379 6.00509485209 19.7809319377 0.0002 0.0002
125.166212 3.01854274043 5.90317331909 -0.492694522001 2.19231879883 6.19479436588 18.8884899649 0.0002 0.0002
125.166212 3.01854274043 5.90317331909 -0.492694522001 2.19231879883 6.19479436588 18.8884899649 0.0002 0.0002
129.341898 3.48698916445 0.0252224089919 -1.33038576205 0.908726208654 13.8074051849 5.93949974183 0.0002 0.0002
129.341898 3.48698916445 0.0252224089919 -1.33038576205 0.908726208654 13.8074051849 5.93949974183 0.0002 0.0002
130.150898 3.54129054014 0.179435365474 -1.49268058335 0.660042182736 16.0912658583 4.6703661132 0.0002 0.0002
130.200898 3.54438438449 0.190213678651 -1.21052033483 0.561726052283 16.226466471 4.60929602324 0.0002 0.0002
130.200898 3.54438438449 0.190213678651 -1.21052033483 0.561726052283 16.226466471 4.60929602324 0.0002 0.0002
130.400898 3.55658589429 0.234441843409 -0.0486779160927 0.185252809981 16.4795220798 4.4606133162 0.0002 0.0002
130.400898 3.55658589429 0.234441843409 -0.0486779160927 0.185252809981 16.4795220798 4.4606133162 0.0002 0.0002
130.650898 3.5718585079 0.290591485139 1.39967344434 -0.272736663358 16.1392168106 4.48232169386 0.0002 0.0002
130.756698 3.57847457864 0.31404004479 1.38027527428 -0.298096280803 15.8450982362 4.54271581935 0.0002 0.0002
130.756698 3.57847457864 0.31404004479 1.38027527428 -0.298096280803 15.8450982362 4.54271581935 0.0002 0.0002
135.061658 3.98854060944 0.950412812207 0.590971434862 -1.32996904749 7.35896000321 11.5514719351 0.0002 0.0002
135.061658 3.98854060944 0.950412812207 0.590971434862 -1.32996904749 7.35896000321 11.5514719351 0.0002 0.0002
135.792098 4.09359622603 1.00867498098 0.457047055434 -1.50505107931 6.59344537716 13.6222840365 0.0002 0.0002
135.842098 4.10120307744 1.01232652419 0.310606650659 -1.22869766964 6.55507608774 13.759019219 0.0002 0.0002
135.842098 4.10120307744 1.01232652419 0.310606650659 -1.22869766964 6.55507608774 13.759019219 0.0002 0.0002
136.042098 4.13182356249 1.02668529841 -0.268207674379 -0.0836897191193 6.54664334922 14.0229729179 0.0002 0.0002
136.042098 4.13182356249 1.02668529841 -0.268207674379 -0.0836897191193 6.54664334922 14.0229729179 0.0002 0.0002
136.242098 4.16194937423 1.04100964837 -0.865102697606 1.06689732635 6.77204761281 13.8252254487 0.0002 0.0002
136.242098 4.16194937423 1.04100964837 -0.865102697606 1.06689732635 6.77204761281 13.8252254487 0.0002 0.0002
136.292098 4.16928312976 1.04464149171 -1.02180228354 1.34636158746 6.86635993457 13.7045203553 0.0002 0.0002
136.397898 4.18445158513 1.05244249941 -1.05329839738 1.32464739799 7.08590558661 13.4219276047 0.0002 0.0002
136.397898 4.18445158513 1.05244249941 -1.05329839738 1.32464739799 7.08590558661 13.4219276047 0.0002 0.0002
139.002498 4.44348100817 1.30793224043 -1.82867437178 0.790084279777 14.5922918612 7.91389747677 0.0002 0.0002
139.002498 4.44348100817 1.30793224043 -1.82867437178 0.790084279777 14.5922918612 7.91389747677 0.0002 0.0002
141.496798 4.57297872381 1.70529704187 -2.57121460558 0.278158922429 25.5669349374 5.24937845751 0.0002 0.0002
141.633298 4.57825916063 1.73141370916 -1.0846858946 -0.0539306819044 26.0672963922 5.2188524202 0.0002 0.0002
141.633298 4.57825916063 1.73141370916 -1.0846858946 -0.0539306819044 26.0672963922 5.2188524202 0.0002 0.0002
141.833298 4.58591150357 1.7694225982 1.14215887939 -0.546604343954 26.0557357337 5.33827854024 0.0002 0.0002
141.833298 4.58591150357 1.7694225982 1.14215887939 -0.546604343954 26.0557357337 5.33827854024 0.0002 0.0002
142.169798 4.59923795856 1.82935230445 4.63763141859 -1.47907367446 24.0787896646 6.00911487782 0.0002 0.0002
147.464298 6.25953856185 2.19472447307 -0.311397297018 -4.28765040693 1.17354310798 36.5410355268 0.0002 0.0002
147.774298 0.213607576126 2.20299156195 -0.744390659607 -0.660219538498 1.49754372746 38.0906926566 0.0002 0.0002
147.774298 0.213607576126 2.20299156195 -0.744390659607 -0.660219538498 1.49754372746 38.0906926566 0.0002 0.0002
147.974298 0.334031332512 2.2082462224 -1.06877793505 1.75102419869 1.85864771483 37.8716020235 0.0002 0.0002
147.974298 0.334031332512 2.2082462224 -1.06877793505 1.75102419869 1.85864771483 37.8716020235 0.0002 0.0002
148.484298 0.538882780646 2.22244006123 -2.18960509498 7.22619332434 3.47607510586 33.1626761157 0.0002 0.0002
148.795099 0.613516668849 2.23249255219 -2.70768830154 6.72743480606 4.99815879079 28.8258745392 0.0002 0.0002
148.795099 0.613516668849 2.23249255219 -2.70768830154 6.72743480606 4.99815879079 28.8258745392 0.0002 0.0002
149.451742 0.710120156199 2.25938845519 -3.80226557446 5.67368565558 9.27287443379 20.6827655959 0.0002 0.0002
149.761742 0.740118033457 2.27553999191 -2.87935353112 2.94603634444 11.3714728026 18.0447863477 0.0002 0.0002
149.761742 0.740118033457 2.27553999191 -2.87935353112 2.94603634444 11.3714728026 18.0447863477 0.0002 0.0002
149.961742 0.756943144666 2.28693361862 -2.03705841049 1.45613063743 12.3600994269 17.1690765768 0.0002 0.0002
149.961742 0.756943144666 2.28693361862 -2.03705841049 1.45613063743 12.3600994269 17.1690765768 0.0002 0.0002
150.471742 0.796268869783 2.31688041504 0.556750325636 -2.12603225662 13.1427318221 17.4992149515 0.0002 0.0002
150.968217 0.834836917085 2.34363135047 0.507265346117 -2.28264205536 12.6144746415 19.6880115306 0.0002 0.0002
150.968217 0.834836917085 2.34363135047 0.507265346117 -2.28264205536 12.6144746415 19.6880115306 0.0002 0.0002
150.968217 0.834836917085 2.34363135047 0.507265346117 -2.28264205536 12.6144746415 19.6880115306 0.0002 0.0002
153.973287 1.09945125894 2.45634748585 0.20774205209 -3.2305717757 10.4658273594 36.2556050179 0.0002 0.0002
154.283287 1.12901727342 2.46473082164 -0.606551676869 -0.516274920822 10.5885143343 37.4261620927 0.0002 0.0002
154.283287 1.12901727342 2.46473082164 -0.606551676869 -0.516274920822 10.5885143343 37.4261620927 0.0002 0.0002
154.483287 1.14763056857 2.47007703613 -1.15699941992 1.27610669762 10.9400975321 37.2737064038 0.0002 0.0002
154.483287 1.14763056857 2.47007703613 -1.15699941992 1.27610669762 10.9400975321 37.2737064038 0.0002 0.0002
154.993287 1.19098031454 2.48430511644 -2.81741739012 5.46999443612 12.9258048975 33.7595914724 0.0002 0.0002
155.304088 1.21349593638 2.49399931473 -3.03232778564 5.18532784794 14.7439115478 30.4479066511 0.0002 0.0002
155.304088 1.21349593638 2.49399931473 -3.03232778564 5.18532784794 14.7439115478 30.4479066511 0.0002 0.0002
155.960731 1.25271336358 2.51827598739 -3.48637847032 4.58390017408 19.0243743799 24.0330114551 0.0002 0.0002
156.270731 1.26818716213 2.53192915946 -2.91990831755 3.5062925848 21.0179610018 21.5346087947 0.0002 0.0002
156.270731 1.26818716213 2.53192915946 -2.91990831755 3.5062925848 21.0179610018 21.5346087947 0.0002 0.0002
156.470731 1.27745970363 2.54151307744 -2.48163360723 2.89965766057 22.0999940779 20.2554563333 0.0002 0.0002
156.470731 1.27745970363 2.54151307744 -2.48163360723 2.89965766057 22.0999940779 20.2554563333 0.0002 0.0002
156.980731 1.29949954322 2.5683684195 -1.17151822741 1.57969559894 23.9826487369 17.994365523 0.0002 0.0002
157.477206 1.31970805124 2.59720833011 -1.22063142537 1.48325442846 25.1702912357 16.4736874082 0.0002 0.0002
157.477206 1.31970805124 2.59720833011 -1.22063142537 1.48325442846 25.1702912357 16.4736874082 0.0002 0.0002
157.477206 1.31970805124 2.59720833011 -1.22063142537 1.48325442846 25.1702912357 16.4736874082 0.0002 0.0002
158.548502 1.36014592688 2.66905748696 -1.32660810599 1.27515323471 27.8991387567 13.5186163123 0.0002 0.0002
158.548502 1.36014592688 2.66905748696 -1.32660810599 1.27515323471 27.8991387567 13.5186163123 0.0002 0.0002
158.813005 1.36950858122 2.68912127546 -1.35277375018 1.22377304655 28.6078432958 12.8576428141 0.0002 0.0002
158.813005 1.36950858122 2.68912127546 -1.35277375018 1.22377304655 28.6078432958 12.8576428141 0.0002 0.0002
165.740498 1.54992755915 3.69611599237 -2.03806774289 -0.121905050829 52.0978740031 5.22445998682 0.0002 0.0002
165.740498 1.54992755915 3.69611599237 -2.03806774289 -0.121905050829 52.0978740031 5.22445998682 0.0002 0.0002
168.065698 1.59081488154 4.09557547044 -2.26808538301 -0.573579373996 62.1105412515 6.84160037142 0.0002 0.0002
168.065698 1.59081488154 4.09557547044 -2.26808538301 -0.573579373996 62.1105412515 6.84160037142 0.0002 0.0002
168.277698 1.5942019167 4.12601184404 -2.28905723047 -0.614760759044 63.0766554855 7.09352847963 0.0002 0.0002
168.277698 1.5942019167 4.12601184404 -2.28905723047 -0.614760759044 63.0766554855 7.09352847963 0.0002 0.0002
