0.0 0.0 0.0 -1.25287976099 0.789987518004 5.79735938488 9.99584375794 0.0002 0.0002
0.0 0.0 0.0 -1.25287976099 0.789987518004 5.79735938488 9.99584375794 0.0002 0.0002
0.0 0.0 0.0 -1.25287976099 0.789987518004 5.79735938488 9.99584375794 0.0002 0.0002
0.423 0.066753540216 0.0437532690482 -1.4403765648 0.721260357547 6.93660681069 9.35658590658 0.0002 0.0002
0.423 0.066753540216 0.0437532690482 -1.4403765648 0.721260357547 6.93660681069 9.35658590658 0.0002 0.0002
0.877 0.126493679056 0.0939926370906 -1.64161426913 0.647496454835 8.3358306493 8.73517031376 0.0002 0.0002
0.877 0.126493679056 0.0939926370906 -1.64161426913 0.647496454835 8.3358306493 8.73517031376 0.0002 0.0002
1.357 0.179054848887 0.150908639629 -1.85437659969 0.569508187651 10.0139062663 8.15100808537 0.0002 0.0002
1.357 0.179054848887 0.150908639629 -1.85437659969 0.569508187651 10.0139062663 8.15100808537 0.0002 0.0002
1.89 0.227461469232 0.218724550225 -2.09063143759 0.482908715965 12.1165955502 7.59006987574 0.0002 0.0002
1.89 0.227461469232 0.218724550225 -2.09063143759 0.482908715965 12.1165955502 7.59006987574 0.0002 0.0002
2.475 0.271287727347 0.298608182672 -2.34993552796 0.387860515334 14.714327225 7.08066987543 0.0002 0.0002
2.475 0.271287727347 0.298608182672 -2.34993552796 0.387860515334 14.714327225 7.08066987543 0.0002 0.0002
3.06 0.30763187344 0.383756269393 -2.60923961834 0.292812314703 17.6154446856 6.68247626986 0.0002 0.0002
3.06 0.30763187344 0.383756269393 -2.60923961834 0.292812314703 17.6154446856 6.68247626986 0.0002 0.0002
3.645 0.33818367368 0.473361134349 -2.86854370871 0.197764114072 20.819947932 6.39548905903 0.0002 0.0002
3.645 0.33818367368 0.473361134349 -2.86854370871 0.197764114072 20.819947932 6.39548905903 0.0002 0.0002
4.6635 0.381056842021 0.636334330528 -3.31999877888 0.0322827596395 27.1229784556 6.16118631815 0.0002 0.0002
5.0 0.393275533142 0.68962794033 2.9466501061 -1.50789321957 27.2519470949 6.64533124673 0.0002 0.0002
5.0 0.393275533142 0.68962794033 2.9466501061 -1.50789321957 27.2519470949 6.64533124673 0.0002 0.0002
5.3365 0.406442290767 0.735547309062 8.32634033917 -3.52593149772 23.3578332421 8.29691936867 0.0002 0.0002
5.7585 0.427704833722 0.778648441223 7.0557433696 -4.20912307319 16.866593917 11.5611123976 0.0002 0.0002
6.025 0.445141630862 0.800001877815 3.52089764915 -1.97658514091 14.0965294693 13.2392607424 0.0002 0.0002
6.025 0.445141630862 0.800001877815 3.52089764915 -1.97658514091 14.0965294693 13.2392607424 0.0002 0.0002
6.2915 0.465018789981 0.819693318601 0.743291012679 0.666344944999 12.9797214591 13.5947216436 0.0002 0.0002
6.973 0.519601798259 0.871509033735 0.661778002888 0.593956804405 12.022166925 12.7358260014 0.0002 0.0002
6.973 0.519601798259 0.871509033735 0.661778002888 0.593956804405 12.022166925 12.7358260014 0.0002 0.0002
7.482 0.563133200077 0.912423969958 0.600897413037 0.539891413998 11.3794651383 12.1586972582 0.0002 0.0002
7.482 0.563133200077 0.912423969958 0.600897413037 0.539891413998 11.3794651383 12.1586972582 0.0002 0.0002
7.992 0.609158621209 0.955314830879 0.539897214954 0.48571980475 10.797659878 11.6356355367 0.0002 0.0002
7.992 0.609158621209 0.955314830879 0.539897214954 0.48571980475 10.797659878 11.6356355367 0.0002 0.0002
8.498 0.657200049455 0.999711114139 0.479375449798 0.431973070868 10.2819079096 11.1712829416 0.0002 0.0002
8.498 0.657200049455 0.999711114139 0.479375449798 0.431973070868 10.2819079096 11.1712829416 0.0002 0.0002
8.9873 0.705861015825 1.04432598128 0.420851142108 0.380000191642 9.84142703819 10.7739844242 0.0002 0.0002
8.9873 0.705861015825 1.04432598128 0.420851142108 0.380000191642 9.84142703819 10.7739844242 0.0002 0.0002
9.4566 0.75448543446 1.0885888119 0.364718999049 0.330151689249 9.47275897095 10.4407101465 0.0002 0.0002
9.4566 0.75448543446 1.0885888119 0.364718999049 0.330151689249 9.47275897095 10.4407101465 0.0002 0.0002
9.9277 0.805092981339 1.1343606076 0.308371561173 0.280111992941 9.15566600803 10.1532149259 0.0002 0.0002
9.9277 0.805092981339 1.1343606076 0.308371561173 0.280111992941 9.15566600803 10.1532149259 0.0002 0.0002
16.240021 1.52426352844 1.77965505857 -0.446633990515 -0.390375431889 10.0284228443 10.8492331471 0.0002 0.0002
16.240021 1.52426352844 1.77965505857 -0.446633990515 -0.390375431889 10.0284228443 10.8492331471 0.0002 0.0002
17.480021 1.64187692492 1.88872657728 -0.384257937794 -0.522205025018 11.0678384446 11.9818486835 0.0002 0.0002
17.480021 1.64187692492 1.88872657728 -0.384257937794 -0.522205025018 11.0678384446 11.9818486835 0.0002 0.0002
17.480021 1.64187692492 1.88872657728 -0.384257937794 -0.522205025018 11.0678384446 11.9818486835 0.0002 0.0002
17.480021 1.64187692492 1.88872657728 -0.384257937794 -0.522205025018 11.0678384446 11.9818486835 0.0002 0.0002
18.720021 1.74977852503 1.98667943932 -0.285913571929 -0.654034618147 11.9061986433 13.4416950832 0.0002 0.0002
18.720021 1.74977852503 1.98667943932 -0.730698711653 -0.151887257365 11.9061986433 13.4416950832 0.0002 0.0002
20.0 1.84912574858 2.08027209005 -0.895603247829 -0.249308585053 13.9878309991 13.9552173364 0.0002 0.0002
20.0 1.84912574858 2.08027209005 -0.895603247829 -0.249308585053 13.9878309991 13.9552173364 0.0002 0.0002
22.328798 1.99300877461 2.23913320462 -1.195631103 -0.426557268883 18.8578933729 15.5291723853 0.0002 0.0002
22.595298 2.00671248327 2.25641467252 -4.46621585282 2.024498567 20.3455124189 15.0971098655 0.0002 0.0002
22.595298 2.00671248327 2.25641467252 -4.46621585282 2.024498567 20.3455124189 15.0971098655 0.0002 0.0002
22.861798 2.01892176798 2.27499619924 -8.51611981222 4.13227919439 23.7565494793 13.4323973281 0.0002 0.0002
23.218798 2.03224346402 2.30484388638 -9.62100139147 3.65187082566 30.2315017491 10.6534557709 0.0002 0.0002
23.355298 2.03658609395 2.31823262492 -7.37645205425 2.67215690268 32.560312643 9.79341884738 0.0002 0.0002
23.355298 2.03658609395 2.31823262492 -7.37645205425 2.67215690268 32.560312643 9.79341884738 0.0002 0.0002
23.555298 2.04250747847 2.33964956452 -3.52758953226 1.44169902635 34.7586829936 8.97714780245 0.0002 0.0002
23.555298 2.04250747847 2.33964956452 -3.52758953226 1.44169902635 34.7586829936 8.97714780245 0.0002 0.0002
23.891798 2.05207843963 2.37833601978 3.50019843333 -0.368960897343 34.7681140018 8.62410670828 0.0002 0.0002
27.336298 2.20259346535 2.71332197382 2.18737457241 -0.822736262327 15.1772687836 12.7289075748 0.0002 0.0002
27.336298 2.20259346535 2.71332197382 2.18737457241 -0.822736262327 15.1772687836 12.7289075748 0.0002 0.0002
28.003298 2.25117642619 2.7635144888 1.9331566844 -0.910606248811 12.4288744353 13.8850470297 0.0002 0.0002
28.003298 2.25117642619 2.7635144888 1.9331566844 -0.910606248811 12.4288744353 13.8850470297 0.0002 0.0002
28.805298 2.32476680989 2.81833331264 1.62748540077 -1.01626101517 9.57323948296 15.4303945754 0.0002 0.0002
28.855298 2.33003189809 2.82156455936 1.33893424376 -0.578920861897 9.42498918021 15.5101917204 0.0002 0.0002
28.855298 2.33003189809 2.82156455936 1.33893424376 -0.578920861897 9.42498918021 15.5101917204 0.0002 0.0002
29.055298 2.35169933933 2.83446085464 0.245460495365 1.17833911104 9.11050572738 15.3893850452 0.0002 0.0002
29.055298 2.35169933933 2.83446085464 0.245460495365 1.17833911104 9.11050572738 15.3893850452 0.0002 0.0002
29.305298 2.37899264545 2.85122552105 -1.101032978 3.20638805511 9.32188517453 14.2799470277 0.0002 0.0002
32.666098 2.63156295916 3.61577835318 -1.89861941447 0.551411078272 19.4031169352 1.6507357002 0.0002 0.0002
32.716098 2.63412865605 3.64655617499 -1.29271293247 0.461455138698 19.5627675447 1.6001190132 0.0002 0.0002
32.716098 2.63412865605 3.64655617499 -1.29271293247 0.461455138698 19.5627675447 1.6001190132 0.0002 0.0002
32.916098 2.64430311948 3.77727532781 1.17362008437 0.125350127928 19.5867886343 1.4837358791 0.0002 0.0002
32.916098 2.64430311948 3.77727532781 1.17362008437 0.125350127928 19.5867886343 1.4837358791 0.0002 0.0002
33.166098 2.65743598596 3.94552271711 4.06306948166 -0.280667353738 18.2601230354 1.52206246857 0.0002 0.0002
36.526898 3.28789754613 4.88342652806 0.840600517365 -2.66266170903 1.77986890271 11.4140027827 0.0002 0.0002
36.576898 3.31664020394 4.88775960415 0.720633359552 -2.20383382085 1.70186228825 11.6574995375 0.0002 0.0002
36.576898 3.31664020394 4.88775960415 0.720633359552 -2.20383382085 1.70186228825 11.6574995375 0.0002 0.0002
36.776898 3.44279603363 4.90447172214 0.29243112557 -0.222914926922 1.50150808905 12.1484086318 0.0002 0.0002
36.776898 3.44279603363 4.90447172214 0.29243112557 -0.222914926922 1.50150808905 12.1484086318 0.0002 0.0002
37.026898 3.61297693893 4.92532132188 -0.192683526336 2.26322978138 1.47700231019 11.6291296965 0.0002 0.0002
37.333412 3.80993521517 4.95334345734 -0.407912659763 2.1018640703 1.66109344957 10.2911673197 0.0002 0.0002
37.333412 3.80993521517 4.95334345734 -0.407912659763 2.1018640703 1.66109344957 10.2911673197 0.0002 0.0002
40.387698 4.62003966825 5.62129221303 -2.5525824922 0.493921097951 10.7032923453 2.36289702128 0.0002 0.0002
40.437698 4.62465937959 5.64265716849 -2.10854003108 0.366119553188 10.9365186833 2.31992634018 0.0002 0.0002
40.437698 4.62465937959 5.64265716849 -2.10854003108 0.366119553188 10.9365186833 2.31992634018 0.0002 0.0002
40.637698 4.64246655528 5.73039273183 -0.188932967562 -0.123838638145 11.4014542725 2.27202808315 0.0002 0.0002
40.637698 4.64246655528 5.73039273183 -0.188932967562 -0.123838638145 11.4014542725 2.27202808315 0.0002 0.0002
40.887698 4.66470501698 5.83663351661 2.21532726913 -0.769206347334 10.885407082 2.49130367264 0.0002 0.0002
41.194212 4.69472760618 5.94856033709 2.04897748969 -0.965036233478 9.57833797311 3.02287330306 0.0002 0.0002
41.194212 4.69472760618 5.94856033709 2.04897748969 -0.965036233478 9.57833797311 3.02287330306 0.0002 0.0002
44.248498 5.43843837323 0.138238903508 0.391370325134 -2.91640054189 2.12481780715 14.877891306 0.0002 0.0002
44.298498 5.46216715533 0.141569293915 0.275664336662 -2.30620861927 2.09148961543 15.1392063961 0.0002 0.0002
44.298498 5.46216715533 0.141569293915 0.275664336662 -2.30620861927 2.09148961543 15.1392063961 0.0002 0.0002
44.498498 5.5589538151 0.154531222457 -0.173340996173 0.276025237324 2.07125316849 15.5498957036 0.0002 0.0002
44.498498 5.5589538151 0.154531222457 -0.173340996173 0.276025237324 2.07125316849 15.5498957036 0.0002 0.0002
44.748498 5.674657522 0.170971394107 -0.775442760631 3.41097751464 2.3043468506 14.6115131717 0.0002 0.0002
44.854298 5.71896328103 0.178395489968 -0.848964137855 3.31949086319 2.47620910046 13.8994296173 0.0002 0.0002
44.854298 5.71896328103 0.178395489968 -0.848964137855 3.31949086319 2.47620910046 13.8994296173 0.0002 0.0002
45.055012 5.79465659037 0.193561828949 -0.988442112411 3.14593082767 2.84500225858 12.6017289681 0.0002 0.0002
45.055012 5.79465659037 0.193561828949 -0.988442112411 3.14593082767 2.84500225858 12.6017289681 0.0002 0.0002
48.109298 0.0 0.98906797338 -3.1108930874 0.504849554508 15.3655443687 1.45120155772 0.0002 0.0002
48.159298 0.0 1.02409173727 -2.45990950249 0.400105082221 15.6442880208 1.40598682945 0.0002 0.0002
48.159298 0.0 1.02409173727 -2.45990950249 0.400105082221 15.6442880208 1.40598682945 0.0002 0.0002
48.359298 0.00742304561014 1.17199611534 0.299861695447 0.00743573978861 16.0814154512 1.32541756938 0.0002 0.0002
48.359298 0.00742304561014 1.17199611534 0.299861695447 0.00743573978861 16.0814154512 1.32541756938 0.0002 0.0002
48.609298 0.0233332371903 1.35541768368 3.64613339189 -0.488319627763 15.0765089308 1.44349141228 0.0002 0.0002
48.715098 0.030534924319 1.42606179449 3.54582265334 -0.579091661398 14.3155999812 1.55642352667 0.0002 0.0002
48.715098 0.030534924319 1.42606179449 3.54582265334 -0.579091661398 14.3155999812 1.55642352667 0.0002 0.0002
48.915812 0.0452880012082 1.54548798606 3.35552237377 -0.751295989933 12.9304034154 1.82345095372 0.0002 0.0002
48.915812 0.0452880012082 1.54548798606 3.35552237377 -0.751295989933 12.9304034154 1.82345095372 0.0002 0.0002
51.970098 0.895554908879 2.18363609575 0.459703050355 -3.37174732757 1.27761381568 14.4164044358 0.0002 0.0002
52.020098 0.935357664323 2.1870666594 0.359956189086 -2.79017897857 1.23665977784 14.724718562 0.0002 0.0002
52.020098 0.935357664323 2.1870666594 0.359956189086 -2.79017897857 1.23665977784 14.724718562 0.0002 0.0002
52.220098 1.10344740793 2.20029693399 -0.0166126600995 -0.279570303479 1.16875676446 15.345702526 0.0002 0.0002
52.220098 1.10344740793 2.20029693399 -0.0166126600995 -0.279570303479 1.16875676446 15.345702526 0.0002 0.0002
52.470098 1.30993393561 2.2168040105 -0.496511322937 2.8708109352 1.29481944813 14.6862049929 0.0002 0.0002
52.575898 1.38829762451 2.22416005353 -0.598365049212 2.80423440542 1.4106573683 14.0857851958 0.0002 0.0002
52.575898 1.38829762451 2.22416005353 -0.598365049212 2.80423440542 1.4106573683 14.0857851958 0.0002 0.0002
55.830898 2.15807172146 2.80510121601 -3.73195558818 0.755967822928 15.505851043 2.49732694255 0.0002 0.0002
55.880898 2.16126025615 2.82541247103 -3.08571999359 0.618259852655 15.846983814 2.42866565983 0.0002 0.0002
55.880898 2.16126025615 2.82541247103 -3.08571999359 0.618259852655 15.846983814 2.42866565983 0.0002 0.0002
56.080898 2.1735456657 2.91091874811 -0.290529583829 0.110194623129 16.5302304566 2.28465244289 0.0002 0.0002
56.080898 2.1735456657 2.91091874811 -0.290529583829 0.110194623129 16.5302304566 2.28465244289 0.0002 0.0002
56.330898 2.18888173005 3.01925311142 3.21335208983 -0.511009478577 15.7858947843 2.3830671216 0.0002 0.0002
56.436698 2.19573132727 3.06263755497 3.13744560209 -0.566999352088 15.1139803885 2.49712045588 0.0002 0.0002
56.436698 2.19573132727 3.06263755497 3.13744560209 -0.566999352088 15.1139803885 2.49712045588 0.0002 0.0002
59.691698 2.78193377747 3.70583979523 0.802137307253 -2.28956115054 2.29063801859 11.795224892 0.0002 0.0002
59.741698 2.80413115435 3.71004096657 0.672427017517 -1.80725044079 2.21696182078 12.0002102405 0.0002 0.0002
59.741698 2.80413115435 3.71004096657 0.672427017517 -1.80725044079 2.21696182078 12.0002102405 0.0002 0.0002
59.941698 2.89874840802 3.72639839328 0.200278572013 0.232455551147 2.04436633822 12.3187766216 0.0002 0.0002
59.941698 2.89874840802 3.72639839328 0.200278572013 0.232455551147 2.04436633822 12.3187766216 0.0002 0.0002
60.191698 3.02126857404 3.7471553565 -0.358398395281 2.70609155705 2.08321292413 11.5708901633 0.0002 0.0002
60.498212 3.16013401829 3.77568328019 -0.52443305183 2.4856162959 2.35381312231 9.97955902243 0.0002 0.0002
60.498212 3.16013401829 3.77568328019 -0.52443305183 2.4856162959 2.35381312231 9.97955902243 0.0002 0.0002
62.097498 3.62453816219 4.03599435919 -1.39074552609 1.33525122776 5.41673140947 3.86889908397 0.0002 0.0002
62.097498 3.62453816219 4.03599435919 -1.39074552609 1.33525122776 5.41673140947 3.86889908397 0.0002 0.0002
63.552498 3.81765848071 4.68294833835 -2.17890014636 0.288670957477 10.6105658629 1.50609230444 0.0002 0.0002
63.602498 3.82232528168 4.71643765904 -1.86276183093 0.205750075037 10.8127558875 1.48138431658 0.0002 0.0002
63.602498 3.82232528168 4.71643765904 -1.86276183093 0.205750075037 10.8127558875 1.48138431658 0.0002 0.0002
63.802498 3.84035162526 4.85324793408 -0.50116554631 -0.118030657524 11.2895824027 1.4639873717 0.0002 0.0002
63.802498 3.84035162526 4.85324793408 -0.50116554631 -0.118030657524 11.2895824027 1.4639873717 0.0002 0.0002
64.052498 3.86254015328 5.01702450843 1.25502581711 -0.543704852943 11.0985857439 1.62726843233 0.0002 0.0002
68.445984 4.52912341833 5.84727719382 0.235650803648 -4.041754779 4.54931888012 21.7734211288 0.0002 0.0002
68.445984 4.52912341833 5.84727719382 0.235650803648 -4.041754779 4.54931888012 21.7734211288 0.0002 0.0002
68.646698 4.5736770086 5.8561641434 0.189081214841 -4.20156127272 4.46406921776 23.4279700668 0.0002 0.0002
68.646698 4.5736770086 5.8561641434 0.189081214841 -4.20156127272 4.46406921776 23.4279700668 0.0002 0.0002
68.752498 4.59747954799 5.86059599295 0.164533537569 -4.28579818213 4.42665677695 24.3259326972 0.0002 0.0002
68.802498 4.60879006438 5.86263439557 0.0304909936255 -3.63963065388 4.41691005542 24.7223874179 0.0002 0.0002
68.802498 4.60879006438 5.86263439557 0.0304909936255 -3.63963065388 4.41691005542 24.7223874179 0.0002 0.0002
69.002498 4.65376996651 5.87054963205 -0.511436536499 -0.890544059819 4.51239400414 25.6351834359 0.0002 0.0002
69.002498 4.65376996651 5.87054963205 -0.511436536499 -0.890544059819 4.51239400414 25.6351834359 0.0002 0.0002
69.252498 4.70699864635 5.88032988936 -1.25915378618 2.62678619753 4.9499961731 25.1960362166 0.0002 0.0002
69.7 4.78798633318 5.89895770377 -1.49289178831 2.48647570057 6.18154207177 22.9078412907 0.0002 0.0002
69.7 4.78798633318 5.89895770377 -1.49289178831 2.48647570057 6.18154207177 22.9078412907 0.0002 0.0002
70.002498 4.8335588085 5.91261014437 -1.65089170377 2.39162999103 7.13253029056 21.4322240752 0.0002 0.0002
70.002498 4.8335588085 5.91261014437 -1.65089170377 2.39162999103 7.13253029056 21.4322240752 0.0002 0.0002
70.251298 4.86652988954 5.92454976861 -1.78084422896 2.31362083879 7.98634619062 20.2615576687 0.0002 0.0002
70.251298 4.86652988954 5.92454976861 -1.78084422896 2.31362083879 7.98634619062 20.2615576687 0.0002 0.0002
71.491298 4.98837517208 5.99579796526 -2.19319041118 1.92448012396 12.9565711052 15.0015934645 0.0002 0.0002
71.491298 4.98837517208 5.99579796526 -2.19319041118 1.92448012396 12.9565711052 15.0015934645 0.0002 0.0002
71.491298 4.98837517208 5.99579796526 -2.19319041118 1.92448012396 12.9565711052 15.0015934645 0.0002 0.0002
71.491298 4.98837517208 5.99579796526 -2.19319041118 1.92448012396 12.9565711052 15.0015934645 0.0002 0.0002
72.731298 5.06787044412 6.09388102397 -2.40617152372 1.53533940913 18.7088770991 10.7075648282 0.0002 0.0002
72.731298 5.06787044412 6.09388102397 -2.40617152372 1.53533940913 18.7088770991 10.7075648282 0.0002 0.0002
73.630098 5.11090727067 6.18994361378 -2.73235612771 1.25352821125 23.3273857522 8.20093061104 0.0002 0.0002
73.680098 5.11303894638 6.19608515502 -2.24621818795 1.06504403979 23.5764032157 8.08504329389 0.0002 0.0002
73.680098 5.11303894638 6.19608515502 -2.24621818795 1.06504403979 23.5764032157 8.08504329389 0.0002 0.0002
73.880098 5.12141008167 6.22133842822 -0.226986473013 0.34887812745 24.0738839545 7.80386030172 0.0002 0.0002
73.880098 5.12141008167 6.22133842822 -0.226986473013 0.34887812745 24.0738839545 7.80386030172 0.0002 0.0002
74.130098 5.1318630548 6.2534361366 2.30243485535 -0.518139940946 23.5503492728 7.84580274729 0.0002 0.0002
74.436612 5.14527958782 0.00852426691225 2.22042299581 -0.567695546548 22.1640300214 8.1786265259 0.0002 0.0002
74.436612 5.14527958782 0.00852426691225 2.22042299581 -0.567695546548 22.1640300214 8.1786265259 0.0002 0.0002
75.985612 5.22781707021 0.177895210301 1.80596763515 -0.818129892377 15.9271509341 10.3252701308 0.0002 0.0002
75.985612 5.22781707021 0.177895210301 1.80596763515 -0.818129892377 15.9271509341 10.3252701308 0.0002 0.0002
78.030098 5.39339038676 0.346677308915 1.25893846634 -1.14867186395 9.66099331826 14.3463687864 0.0002 0.0002
78.080098 5.39859793798 0.350149785224 1.04947145056 -0.859777020213 9.54561233734 14.4468256391 0.0002 0.0002
78.080098 5.39859793798 0.350149785224 1.04947145056 -0.859777020213 9.54561233734 14.4468256391 0.0002 0.0002
78.280098 5.41989857538 0.363904524114 0.246384435695 0.319069327426 9.28785212783 14.5555637111 0.0002 0.0002
78.280098 5.41989857538 0.363904524114 0.246384435695 0.319069327426 9.28785212783 14.5555637111 0.0002 0.0002
78.530098 5.44675752334 0.381323209903 -0.740636310509 1.75430618772 9.41036785697 14.0327354702 0.0002 0.0002
78.635898 5.45790713422 0.388963633747 -0.758046443818 1.72356314092 9.56892849238 13.6647768952 0.0002 0.0002
78.635898 5.45790713422 0.388963633747 -0.758046443818 1.72356314092 9.56892849238 13.6647768952 0.0002 0.0002
78.836612 5.47855149732 0.4040324313 -0.791075342657 1.66524026858 9.87985892263 12.9845966077 0.0002 0.0002
78.836612 5.47855149732 0.4040324313 -0.791075342657 1.66524026858 9.87985892263 12.9845966077 0.0002 0.0002
83.821298 5.82464252483 1.22053052652 -1.61134044442 0.216805155687 21.8551472626 3.60319112998 0.0002 0.0002
83.871298 5.82692258622 1.23444392901 -1.22584698738 0.138143182471 21.9970489556 3.58544900393 0.0002 0.0002
83.871298 5.82692258622 1.23444392901 -1.22584698738 0.138143182471 21.9970489556 3.58544900393 0.0002 0.0002
84.071298 5.83595692448 1.29033109617 0.345986393308 -0.174354863047 22.1738655835 3.59265697906 0.0002 0.0002
84.071298 5.83595692448 1.29033109617 0.345986393308 -0.174354863047 22.1738655835 3.59265697906 0.0002 0.0002
84.271298 5.84504809478 1.34515100176 1.89810311261 -0.496884111281 21.7228937571 3.72626784047 0.0002 0.0002
84.271298 5.84504809478 1.34515100176 1.89810311261 -0.496884111281 21.7228937571 3.72626784047 0.0002 0.0002
84.321298 5.84736060261 1.35847564624 2.27258862573 -0.581230710023 21.5142969573 3.78015751116 0.0002 0.0002
84.427098 5.85233380175 1.38600892395 2.24227292776 -0.618674208716 21.036624605 3.90710745156 0.0002 0.0002
84.427098 5.85233380175 1.38600892395 2.24227292776 -0.618674208716 21.036624605 3.90710745156 0.0002 0.0002
84.627812 5.86208324763 1.43575694252 2.18476078217 -0.689708560292 20.1480569609 4.16971819066 0.0002 0.0002
84.627812 5.86208324763 1.43575694252 2.18476078217 -0.689708560292 20.1480569609 4.16971819066 0.0002 0.0002
89.612498 0.072819628375 2.01579021437 0.756459881552 -2.45383033465 5.48699549557 19.8392725107 0.0002 0.0002
89.662498 0.0819917022926 2.01829588253 0.623418002767 -2.03157517804 5.41802679618 20.063624756 0.0002 0.0002
89.662498 0.0819917022926 2.01829588253 0.623418002767 -2.03157517804 5.41802679618 20.063624756 0.0002 0.0002
89.862498 0.119532907245 2.02812235752 0.112921375177 -0.272562914717 5.27161375793 20.5271651055 0.0002 0.0002
89.862498 0.119532907245 2.02812235752 0.112921375177 -0.272562914717 5.27161375793 20.5271651055 0.0002 0.0002
90.112498 0.166743889111 2.04037215471 -0.518127451868 1.93830566586 5.37200008237 20.106883804 0.0002 0.0002
90.218298 0.186237190594 2.04568820373 -0.543109329885 1.91327475317 5.48427893388 19.6993865957 0.0002 0.0002
90.218298 0.186237190594 2.04568820373 -0.543109329885 1.91327475317 5.48427893388 19.6993865957 0.0002 0.0002
90.419012 0.222106591801 2.05607924579 -0.590502644293 1.86578841473 5.71181072767 18.940875711 0.0002 0.0002
90.419012 0.222106591801 2.05607924579 -0.590502644293 1.86578841473 5.71181072767 18.940875711 0.0002 0.0002
95.297898 0.738503441152 2.51646334709 -1.74252282303 0.711507039998 17.0943760178 6.36654499906 0.0002 0.0002
95.297898 0.738503441152 2.51646334709 -1.74252282303 0.711507039998 17.0943760178 6.36654499906 0.0002 0.0002
95.403698 0.744626498089 2.53327872285 -1.76750470105 0.686476127317 17.4657369299 6.21863837996 0.0002 0.0002
95.453698 0.747475812934 2.5413606879 -1.41100954526 0.546076349873 17.6247179975 6.15703220364 0.0002 0.0002
95.453698 0.747475812934 2.5413606879 -1.41100954526 0.546076349873 17.6247179975 6.15703220364 0.0002 0.0002
95.653698 0.758705851127 2.57423234504 0.0586817903198 0.00156079767214 17.8967003493 6.04811085852 0.0002 0.0002
95.653698 0.758705851127 2.57423234504 0.0586817903198 0.00156079767214 17.8967003493 6.04811085852 0.0002 0.0002
95.903698 0.772808505897 2.6151912005 1.87879218538 -0.683190084126 17.4080713613 6.21705026938 0.0002 0.0002
101.194898 1.38929007592 3.10890194373 0.501936867184 -1.93150887484 4.81115779835 20.051945401 0.0002 0.0002
101.244898 1.39973323693 3.11138432558 0.394600258172 -1.54276032407 4.76634572714 20.2257162016 0.0002 0.0002
101.244898 1.39973323693 3.11138432558 0.394600258172 -1.54276032407 4.76634572714 20.2257162016 0.0002 0.0002
101.444898 1.44214754325 3.1211747947 -0.0232853636821 0.0575862826575 4.69247233722 20.5243291457 0.0002 0.0002
101.444898 1.44214754325 3.1211747947 -0.0232853636821 0.0575862826575 4.69247233722 20.5243291457 0.0002 0.0002
101.694898 1.49487533581 3.13346501696 -0.550831618178 2.04102801517 4.83482922576 19.9953044759 0.0002 0.0002
101.800698 1.51649421971 3.13881397523 -0.57935410583 2.01369454047 4.95440287536 19.5663148295 0.0002 0.0002
101.800698 1.51649421971 3.13881397523 -0.57935410583 2.01369454047 4.95440287536 19.5663148295 0.0002 0.0002
102.001412 1.5560567595 3.14928810178 -0.633464338219 1.96183999377 5.19783251654 18.768369391 0.0002 0.0002
102.001412 1.5560567595 3.14928810178 -0.633464338219 1.96183999377 5.19783251654 18.768369391 0.0002 0.0002
104.444898 1.90358421415 3.32238961399 -1.29220062616 1.33056435338 9.90316789769 10.7234254624 0.0002 0.0002
104.444898 1.90358421415 3.32238961399 -1.29220062616 1.33056435338 9.90316789769 10.7234254624 0.0002 0.0002
106.986098 2.09395684562 3.65559388127 -1.97727950728 0.674044259811 18.2115708128 5.62931405453 0.0002 0.0002
107.036098 2.09668846819 3.66452608859 -1.60644888954 0.544849032217 18.3908196449 5.56839059979 0.0002 0.0002
107.036098 2.09668846819 3.66452608859 -1.60644888954 0.544849032217 18.3908196449 5.56839059979 0.0002 0.0002
107.236098 2.1074352264 3.70093716997 -0.0719014221641 0.0455695226754 18.7283721821 5.4509603205 0.0002 0.0002
107.236098 2.1074352264 3.70093716997 -0.0719014221641 0.0455695226754 18.7283721821 5.4509603205 0.0002 0.0002
107.486098 2.1208875351 3.7464684894 1.84092156133 -0.578103945197 18.2822270823 5.582947096 0.0002 0.0002
107.792612 2.13818543214 3.79963125378 1.76733711521 -0.651354192849 17.1762452823 5.95979322772 0.0002 0.0002
107.792612 2.13818543214 3.79963125378 1.76733711521 -0.651354192849 17.1762452823 5.95979322772 0.0002 0.0002
112.046858 2.55311906609 4.25304144722 0.746025411478 -1.6680274054 6.48378280659 15.8270131145 0.0002 0.0002
112.046858 2.55311906609 4.25304144722 0.746025411478 -1.6680274054 6.48378280659 15.8270131145 0.0002 0.0002
112.777298 2.67549783064 4.29586784476 0.57066956208 -1.84258684117 5.5220161301 18.3913061848 0.0002 0.0002
112.827298 2.68459625635 4.29857385144 0.450394669396 -1.48702155499 5.4709797572 18.5578415577 0.0002 0.0002
112.827298 2.68459625635 4.29857385144 0.450394669396 -1.48702155499 5.4709797572 18.5578415577 0.0002 0.0002
113.027298 2.72154968879 4.30923603681 -0.0175347129577 -0.0202908348068 5.38486192886 18.8609056955 0.0002 0.0002
113.027298 2.72154968879 4.30923603681 -0.0175347129577 -0.0202908348068 5.38486192886 18.8609056955 0.0002 0.0002
113.227298 2.75845531564 4.31989361094 -0.486580825369 1.44771857138 5.48515611119 18.5739033732 0.0002 0.0002
113.227298 2.75845531564 4.31989361094 -0.486580825369 1.44771857138 5.48515611119 18.5739033732 0.0002 0.0002
113.277298 2.76752734486 4.32259698094 -0.607489061038 1.80399718609 5.53984156288 18.4112639178 0.0002 0.0002
113.383098 2.78640409056 4.32840359358 -0.633635069628 1.77954931871 5.6711524959 18.0321246976 0.0002 0.0002
113.383098 2.78640409056 4.32840359358 -0.633635069628 1.77954931871 5.6711524959 18.0321246976 0.0002 0.0002
113.583812 2.82100609185 4.33975895461 -0.683236865168 1.73316908001 5.93546712942 17.3270729369 0.0002 0.0002
113.583812 2.82100609185 4.33975895461 -0.683236865168 1.73316908001 5.93546712942 17.3270729369 0.0002 0.0002
115.622798 3.09236713271 4.48652189013 -1.18712481859 1.26200783872 9.74910841753 11.2199491321 0.0002 0.0002
115.622798 3.09236713271 4.48652189013 -1.18712481859 1.26200783872 9.74910841753 11.2199491321 0.0002 0.0002
117.267498 3.23200614546 4.66447940241 -1.59357416006 0.881956728242 14.3225240277 7.69377060885 0.0002 0.0002
117.267498 3.23200614546 4.66447940241 -1.59357416006 0.881956728242 14.3225240277 7.69377060885 0.0002 0.0002
118.462698 3.30552766264 4.84258137565 -1.88894003404 0.605774392714 18.4848249925 5.91563437308 0.0002 0.0002
118.462698 3.30552766264 4.84258137565 -1.88894003404 0.605774392714 18.4848249925 5.91563437308 0.0002 0.0002
118.568498 3.31118999662 4.86066010551 -1.91508604263 0.581326525329 18.8872909514 5.79003909595 0.0002 0.0002
118.618498 3.31382483266 4.86933594191 -1.52915713698 0.449942347137 19.0595630935 5.73849359735 0.0002 0.0002
118.618498 3.31382483266 4.86933594191 -1.52915713698 0.449942347137 19.0595630935 5.73849359735 0.0002 0.0002
118.818498 3.32420915931 4.90452996573 0.0619465658449 -0.0621761432181 19.3546508636 5.66136950759 0.0002 0.0002
118.818498 3.32420915931 4.90452996573 0.0619465658449 -0.0621761432181 19.3546508636 5.66136950759 0.0002 0.0002
119.068498 3.33724935444 4.94816195145 2.03256503294 -0.712229778021 18.826417145 5.85330327967 0.0002 0.0002
122.440498 3.61178086772 5.33595943676 1.11349408204 -1.58054608332 8.21790580933 13.5845434841 0.0002 0.0002
122.440498 3.61178086772 5.33595943676 1.11349408204 -1.58054608332 8.21790580933 13.5845434841 0.0002 0.0002
124.359698 3.91749816913 5.45093977667 0.590397709279 -2.07475505518 4.94779668343 20.5997974291 0.0002 0.0002
124.409698 3.92766060836 5.45335561164 0.479911825186 -1.67596262159 4.8942988575 20.7873952162 0.0002 0.0002
124.409698 3.92766060836 5.45335561164 0.479911825186 -1.67596262159 4.8942988575 20.7873952162 0.0002 0.0002
124.609698 3.96909515209 5.4628733646 0.0527031907047 -0.0305959634481 4.78833468172 21.1305203107 0.0002 0.0002
124.609698 3.96909515209 5.4628733646 0.0527031907047 -0.0305959634481 4.78833468172 21.1305203107 0.0002 0.0002
124.859698 4.02097403455 5.47479824493 -0.479731222757 2.01656682945 4.89421969102 20.629891118 0.0002 0.0002
124.965498 4.04236622665 5.47998027193 -0.506323618827 1.99058316735 4.99854429326 20.2059346484 0.0002 0.0002
124.965498 4.04236622665 5.47998027193 -0.506323618827 1.99058316735 4.99854429326 20.2059346484 0.0002 0.0002
125.166212 4.08170029895 5.49011372186 -0.556772259514 1.94128936058 5.21192251939 19.4167527858 0.0002 0.0002
125.166212 4.08170029895 5.49011372186 -0.556772259514 1.94128936058 5.21192251939 19.4167527858 0.0002 0.0002
129.341898 4.58763806242 5.84377698108 -1.60631380937 0.91577315944 14.244290734 7.48655681982 0.0002 0.0002
129.341898 4.58763806242 5.84377698108 -1.60631380937 0.91577315944 14.244290734 7.48655681982 0.0002 0.0002
130.150898 4.63963762332 5.96313523987 -1.80965264132 0.717089013476 17.0078075926 6.16557132193 0.0002 0.0002
130.200898 4.64256289713 5.97128918738 -1.4633894567 0.577411968267 17.1715166991 6.10086879835 0.0002 0.0002
130.200898 4.64256289713 5.97128918738 -1.4633894567 0.577411968267 17.1715166991 6.10086879835 0.0002 0.0002
130.400898 4.65407753255 6.00450323441 -0.0320257629042 0.0371354999936 17.4722770338 5.97863944048 0.0002 0.0002
130.400898 4.65407753255 6.00450323441 -0.0320257629042 0.0371354999936 17.4722770338 5.97863944048 0.0002 0.0002
130.650898 4.6685040996 6.04599864827 1.74891716328 -0.638905364766 17.0392787495 6.12778597578 0.0002 0.0002
130.756698 4.67478136808 6.06307422394 1.72371588241 -0.663218806436 16.6718741733 6.26555071309 0.0002 0.0002
130.756698 4.67478136808 6.06307422394 1.72371588241 -0.663218806436 16.6718741733 6.26555071309 0.0002 0.0002
135.061658 5.11031309699 0.220886543532 0.69828576803 -1.65252309616 6.24525394819 16.2347269741 0.0002 0.0002
135.061658 5.11031309699 0.220886543532 0.69828576803 -1.65252309616 6.24525394819 16.2347269741 0.0002 0.0002
135.792098 5.23699199216 0.262740801509 0.524296887123 -1.82038236208 5.35223067356 18.771476037 0.0002 0.0002
135.842098 5.24637648552 0.265392428829 0.407387319683 -1.4568812776 5.3056618279 18.9353933082 0.0002 0.0002
135.842098 5.24637648552 0.265392428829 0.407387319683 -1.4568812776 5.3056618279 18.9353933082 0.0002 0.0002
136.042098 5.2844376303 0.275848635627 -0.0486607192507 0.0400933346696 5.23429288897 19.2202563659 0.0002 0.0002
136.042098 5.2844376303 0.275848635627 -0.0486607192507 0.0400933346696 5.23429288897 19.2202563659 0.0002 0.0002
136.242098 5.32235837792 0.286313616451 -0.507807804511 1.53454134878 5.34500273887 18.9036562332 0.0002 0.0002
136.242098 5.32235837792 0.286313616451 -0.507807804511 1.53454134878 5.34500273887 18.9036562332 0.0002 0.0002
136.292098 5.33166535829 0.288970260747 -0.626474967028 1.8966329437 5.40169817166 18.7320408892 0.0002 0.0002
136.397898 5.35101195698 0.294679434425 -0.653748504882 1.87066751307 5.53714581498 18.3334605009 0.0002 0.0002
136.397898 5.35101195698 0.294679434425 -0.653748504882 1.87066751307 5.53714581498 18.3334605009 0.0002 0.0002
139.002498 5.69635186168 0.485808181075 -1.3251724812 1.23144671343 10.6914434153 10.2536937865 0.0002 0.0002
139.002498 5.69635186168 0.485808181075 -1.3251724812 1.23144671343 10.6914434153 10.2536937865 0.0002 0.0002
141.496798 5.8727053471 0.820070411355 -1.96816289206 0.619295734187 18.9060098369 5.63738689944 0.0002 0.0002
141.633298 5.87984486422 0.844573787986 -0.744426841476 0.227367022438 19.2773792995 5.52215863491 0.0002 0.0002
141.633298 5.87984486422 0.844573787986 -0.744426841476 0.227367022438 19.2773792995 5.52215863491 0.0002 0.0002
141.833298 5.89020531374 0.880843889843 1.08383559332 -0.33607591731 19.2090624531 5.54376316867 0.0002 0.0002
141.833298 5.89020531374 0.880843889843 1.08383559332 -0.33607591731 19.2090624531 5.54376316867 0.0002 0.0002
142.169798 5.90839522648 0.939234970851 3.90583561276 -1.36538063621 17.4991379541 6.10621219514 0.0002 0.0002
147.464298 1.73692676748 1.31717952491 -1.01240775503 -3.84889197762 2.1798841613 33.7131785491 0.0002 0.0002
147.774298 1.85971965719 1.32613240938 -1.53510086234 -1.12597298138 2.96309281656 35.2683745601 0.0002 0.0002
147.774298 1.85971965719 1.32613240938 -1.53510086234 -1.12597298138 2.96309281656 35.2683745601 0.0002 0.0002
147.974298 1.92061266869 1.33178668385 -1.95062123661 0.707769545689 3.65782798403 35.3523067175 0.0002 0.0002
147.974298 1.92061266869 1.33178668385 -1.95062123661 0.707769545689 3.65782798403 35.3523067175 0.0002 0.0002
148.484298 2.02791173633 1.3467022292 -3.42906239852 5.07706306144 6.34118687765 32.3336144247 0.0002 0.0002
148.795099 2.06984790176 1.35680737536 -4.05439405635 4.81967814879 8.66705262727 29.2576973598 0.0002 0.0002
148.795099 2.06984790176 1.35680737536 -4.05439405635 4.81967814879 8.66705262727 29.2576973598 0.0002 0.0002
149.451742 2.12774263075 1.38196765649 -5.37555986918 4.2758896758 14.8591658628 23.2851564167 0.0002 0.0002
149.761742 2.14670805813 1.39590342798 -3.88030140111 1.50885385876 17.7640664139 21.5134822131 0.0002 0.0002
149.761742 2.14670805813 1.39590342798 -3.88030140111 1.50885385876 17.7640664139 21.5134822131 0.0002 0.0002
149.961742 2.15754792785 1.40528356644 -2.59990980494 -0.13370344973 19.0667410298 21.2398424959 0.0002 0.0002
149.961742 2.15754792785 1.40528356644 -2.59990980494 -0.13370344973 19.0667410298 21.2398424959 0.0002 0.0002
150.471742 2.18335466607 1.42845503214 1.17389907469 -4.59813832029 19.8190537564 23.5763144253 0.0002 0.0002
150.968217 2.20915829241 1.44765185528 1.11432827249 -5.06442767196 18.6830060842 28.3735368763 0.0002 0.0002
150.968217 2.20915829241 1.44765185528 1.11432827249 -5.06442767196 18.6830060842 28.3735368763 0.0002 0.0002
150.968217 2.20915829241 1.44765185528 1.11432827249 -5.06442767196 18.6830060842 28.3735368763 0.0002 0.0002
153.973287 2.40267543877 1.51647845692 0.753757386592 -7.8867896077 13.0692779127 67.2928513869 0.0002 0.0002
154.283287 2.4266330168 1.52095730437 -0.247240931222 -2.82382675164 12.9134672827 70.6391991979 0.0002 0.0002
154.283287 2.4266330168 1.52095730437 -0.247240931222 -2.82382675164 12.9134672827 70.6391991979 0.0002 0.0002
154.483287 2.44201088755 1.5237751815 -0.899483503012 0.612264546196 13.1420728787 71.0829485448 0.0002 0.0002
154.483287 2.44201088755 1.5237751815 -0.899483503012 0.612264546196 13.1420728787 71.0829485448 0.0002 0.0002
154.993287 2.47874795668 1.53113768928 -2.78466856973 8.95994435838 14.9824274534 66.095736121 0.0002 0.0002
155.304088 2.4983569308 1.53604676699 -2.96627263686 8.57773978443 16.7698257313 60.6450063517 0.0002 0.0002
155.304088 2.4983569308 1.53604676699 -2.96627263686 8.57773978443 16.7698257313 60.6450063517 0.0002 0.0002
155.960731 2.53342411577 1.54798245242 -3.34995557048 7.77023930005 20.9173327701 49.9102203217 0.0002 0.0002
156.270731 2.54758701687 1.55448592997 -2.79977537499 5.93558941092 22.8300691095 45.6753869879 0.0002 0.0002
156.270731 2.54758701687 1.55448592997 -2.79977537499 5.93558941092 22.8300691095 45.6753869879 0.0002 0.0002
156.470731 2.55614895022 1.55897513431 -2.38458652426 4.88132587064 23.8683688586 43.5149722601 0.0002 0.0002
156.470731 2.55614895022 1.55897513431 -2.38458652426 4.88132587064 23.8683688586 43.5149722601 0.0002 0.0002
156.980731 2.57665203297 1.57128928299 -1.16577217209 2.52057942767 25.6954086582 39.773378246 0.0002 0.0002
157.477206 2.59554570809 1.58417666824 -1.21135217558 2.42879089897 26.8755914687 37.3161396131 0.0002 0.0002
157.477206 2.59554570809 1.58417666824 -1.21135217558 2.42879089897 26.8755914687 37.3161396131 0.0002 0.0002
157.477206 2.59554570809 1.58417666824 -1.21135217558 2.42879089897 26.8755914687 37.3161396131 0.0002 0.0002
158.548502 2.63355260826 1.61502734456 -1.30970491322 2.23072919671 29.5763898437 32.3244143727 0.0002 0.0002
158.548502 2.63355260826 1.61502734456 -1.30970491322 2.23072919671 29.5763898437 32.3244143727 0.0002 0.0002
158.813005 2.64239188855 1.62336205527 -1.33398820576 2.18182775916 30.2756546048 31.1572798202 0.0002 0.0002
158.813005 2.64239188855 1.62336205527 -1.33398820576 2.18182775916 30.2756546048 31.1572798202 0.0002 0.0002
165.740498 2.81593327682 2.03099201979 -1.96998227418 0.901069634403 53.1638869768 9.80052970652 0.0002 0.0002
165.740498 2.81593327682 2.03099201979 -1.96998227418 0.901069634403 53.1638869768 9.80052970652 0.0002 0.0002
168.065698 2.85617858006 2.32406625275 -2.18345248742 0.471185577979 62.8214534844 6.60976188669 0.0002 0.0002
168.065698 2.85617858006 2.32406625275 -2.18345248742 0.471185577979 62.8214534844 6.60976188669 0.0002 0.0002
168.277698 2.85952852713 2.35662067935 -2.20291562401 0.431990919471 63.7513635241 6.41828846923 0.0002 0.0002
168.277698 2.85952852713 2.35662067935 -2.20291562401 0.431990919471 63.7513635241 6.41828846923 0.0002 0.0002
