0.0 0.0 0.0 -1.25287976099 0.789987518004 5.79735938488 9.99584375794 0.0002 0.0002
0.0 0.0 0.0 -1.25287976099 0.789987518004 5.79735938488 9.99584375794 0.0002 0.0002
0.0 0.0 0.0 -1.25287976099 0.789987518004 5.79735938488 9.99584375794 0.0002 0.0002
0.423 0.066753540216 0.0437532690482 -1.4403765648 0.721260357547 6.93660681069 9.35658590658 0.0002 0.0002
0.423 0.066753540216 0.0437532690482 -1.4403765648 0.721260357547 6.93660681069 9.35658590658 0.0002 0.0002
0.877 0.126493679056 0.0939926370906 -1.64161426913 0.647496454835 8.3358306493 8.73517031376 0.0002 0.0002
0.877 0.126493679056 0.0939926370906 -1.64161426913 0.647496454835 8.3358306493 8.73517031376 0.0002 0.0002
1.357 0.179054848887 0.150908639629 -1.85437659969 0.569508187651 10.0139062663 8.15100808537 0.0002 0.0002
1.357 0.179054848887 0.150908639629 -1.85437659969 0.569508187651 10.0139062663 8.15100808537 0.0002 0.0002
1.89 0.227461469232 0.218724550225 -2.09063143759 0.482908715965 12.1165955502 7.59006987574 0.0002 0.0002
1.89 0.227461469232 0.218724550225 -2.09063143759 0.482908715965 12.1165955502 7.59006987574 0.0002 0.0002
2.475 0.271287727347 0.298608182672 -2.34993552796 0.387860515334 14.714327225 7.08066987543 0.0002 0.0002
2.475 0.271287727347 0.298608182672 -2.34993552796 0.387860515334 14.714327225 7.08066987543 0.0002 0.0002
3.06 0.30763187344 0.383756269393 -2.60923961834 0.292812314703 17.6154446856 6.68247626986 0.0002 0.0002
3.06 0.30763187344 0.383756269393 -2.60923961834 0.292812314703 17.6154446856 6.68247626986 0.0002 0.0002
3.645 0.33818367368 0.473361134349 -2.86854370871 0.197764114072 20.819947932 6.39548905903 0.0002 0.0002
3.645 0.33818367368 0.473361134349 -2.86854370871 0.197764114072 20.819947932 6.39548905903 0.0002 0.0002
4.6635 0.381056842021 0.636334330528 -3.31999877888 0.0322827596395 27.1229784556 6.16118631815 0.0002 0.0002
5.0 0.393275533142 0.68962794033 2.9466501061 -1.50789321957 27.2519470949 6.64533124673 0.0002 0.0002
5.0 0.393275533142 0.68962794033 2.9466501061 -1.50789321957 27.2519470949 6.64533124673 0.0002 0.0002
5.3365 0.406442290767 0.735547309062 8.32634033917 -3.52593149772 23.3578332421 8.29691936867 0.0002 0.0002
5.7585 0.427704833722 0.778648441223 7.0557433696 -4.20912307319 16.866593917 11.5611123976 0.0002 0.0002
6.025 0.445141630862 0.800001877815 3.52089764915 -1.97658514091 14.0965294693 13.2392607424 0.0002 0.0002
6.025 0.445141630862 0.800001877815 3.52089764915 -1.97658514091 14.0965294693 13.2392607424 0.0002 0.0002
6.2915 0.465018789981 0.819693318601 0.743291012679 0.666344944999 12.9797214591 13.5947216436 0.0002 0.0002
6.973 0.519601798259 0.871509033735 0.661778002888 0.593956804405 12.022166925 12.7358260014 0.0002 0.0002
6.973 0.519601798259 0.871509033735 0.661778002888 0.593956804405 12.022166925 12.7358260014 0.0002 0.0002
7.482 0.563133200077 0.912423969958 0.600897413037 0.539891413998 11.3794651383 12.1586972582 0.0002 0.0002
7.482 0.563133200077 0.912423969958 0.600897413037 0.539891413998 11.3794651383 12.1586972582 0.0002 0.0002
7.992 0.609158621209 0.955314830879 0.539897214954 0.48571980475 10.797659878 11.6356355367 0.0002 0.0002
7.992 0.609158621209 0.955314830879 0.539897214954 0.48571980475 10.797659878 11.6356355367 0.0002 0.0002
8.498 0.657200049455 0.999711114139 0.479375449798 0.431973070868 10.2819079096 11.1712829416 0.0002 0.0002
8.498 0.657200049455 0.999711114139 0.479375449798 0.431973070868 10.2819079096 11.1712829416 0.0002 0.0002
8.9873 0.705861015825 1.04432598128 0.420851142108 0.380000191642 9.84142703819 10.7739844242 0.0002 0.0002
8.9873 0.705861015825 1.04432598128 0.420851142108 0.380000191642 9.84142703819 10.7739844242 0.0002 0.0002
9.4566 0.75448543446 1.0885888119 0.364718999049 0.330151689249 9.47275897095 10.4407101465 0.0002 0.0002
9.4566 0.75448543446 1.0885888119 0.364718999049 0.330151689249 9.47275897095 10.4407101465 0.0002 0.0002
9.9277 0.805092981339 1.1343606076 0.308371561173 0.280111992941 9.15566600803 10.1532149259 0.0002 0.0002
9.9277 0.805092981339 1.1343606076 0.308371561173 0.280111992941 9.15566600803 10.1532149259 0.0002 0.0002
16.240021 1.52426352844 1.77965505857 -0.446633990515 -0.390375431889 10.0284228443 10.8492331471 0.0002 0.0002
16.240021 1.52426352844 1.77965505857 -0.446633990515 -0.390375431889 10.0284228443 10.8492331471 0.0002 0.0002
17.480021 1.64187692492 1.88872657728 -0.384257937794 -0.522205025018 11.0678384446 11.9818486835 0.0002 0.0002
17.480021 1.64187692492 1.88872657728 -0.384257937794 -0.522205025018 11.0678384446 11.9818486835 0.0002 0.0002
17.480021 1.64187692492 1.88872657728 -0.384257937794 -0.522205025018 11.0678384446 11.9818486835 0.0002 0.0002
17.480021 1.64187692492 1.88872657728 -0.384257937794 -0.522205025018 11.0678384446 11.9818486835 0.0002 0.0002
18.720021 1.74977852503 1.98667943932 -0.285913571929 -0.654034618147 11.9061986433 13.4416950832 0.0002 0.0002
18.720021 1.74977852503 1.98667943932 -0.730698711653 -0.151887257365 11.9061986433 13.4416950832 0.0002 0.0002
20.0 1.84912574858 2.08027209005 -0.895603247829 -0.249308585053 13.9878309991 13.9552173364 0.0002 0.0002
20.0 1.84912574858 2.08027209005 -0.895603247829 -0.249308585053 13.9878309991 13.9552173364 0.0002 0.0002
22.328798 1.99300877461 2.23913320462 -1.195631103 -0.426557268883 18.8578933729 15.5291723853 0.0002 0.0002
22.595298 2.00671248327 2.25641467252 -4.46621585282 2.024498567 20.3455124189 15.0971098655 0.0002 0.0002
22.595298 2.00671248327 2.25641467252 -4.46621585282 2.024498567 20.3455124189 15.0971098655 0.0002 0.0002
22.861798 2.01892176798 2.27499619924 -8.51611981222 4.13227919439 23.7565494793 13.4323973281 0.0002 0.0002
23.218798 2.03224346402 2.30484388638 -9.62100139147 3.65187082566 30.2315017491 10.6534557709 0.0002 0.0002
23.355298 2.03658609395 2.31823262492 -7.37645205425 2.67215690268 32.560312643 9.79341884738 0.0002 0.0002
23.355298 2.03658609395 2.31823262492 -7.37645205425 2.67215690268 32.560312643 9.79341884738 0.0002 0.0002
23.555298 2.04250747847 2.33964956452 -3.52758953226 1.44169902635 34.7586829936 8.97714780245 0.0002 0.0002
23.555298 2.04250747847 2.33964956452 -3.52758953226 1.44169902635 34.7586829936 8.97714780245 0.0002 0.0002
23.891798 2.05207843963 2.37833601978 3.50019843333 -0.368960897343 34.7681140018 8.62410670828 0.0002 0.0002
27.336298 2.20259346535 2.71332197382 2.18737457241 -0.822736262327 15.1772687836 12.7289075748 0.0002 0.0002
27.336298 2.20259346535 2.71332197382 2.18737457241 -0.822736262327 15.1772687836 12.7289075748 0.0002 0.0002
28.003298 2.25117642619 2.7635144888 1.9331566844 -0.910606248811 12.4288744353 13.8850470297 0.0002 0.0002
28.003298 2.25117642619 2.7635144888 1.9331566844 -0.910606248811 12.4288744353 13.8850470297 0.0002 0.0002
28.805298 2.32476680989 2.81833331264 1.62748540077 -1.01626101517 9.57323948296 15.4303945754 0.0002 0.0002
28.855298 2.33003189809 2.82156455936 1.33893424376 -0.578920861897 9.42498918021 15.5101917204 0.0002 0.0002
28.855298 2.33003189809 2.82156455936 1.33893424376 -0.578920861897 9.42498918021 15.5101917204 0.0002 0.0002
29.055298 2.35169933933 2.83446085464 0.245460495365 1.17833911104 9.11050572738 15.3893850452 0.0002 0.0002
29.055298 2.35169933933 2.83446085464 0.245460495365 1.17833911104 9.11050572738 15.3893850452 0.0002 0.0002
29.305298 2.37899264545 2.85122552105 -1.101032978 3.20638805511 9.32188517453 14.2799470277 0.0002 0.0002
32.666098 2.63156295916 3.61577835318 -1.89861941447 0.551411078272 19.4031169352 1.6507357002 0.0002 0.0002
32.716098 2.63412865605 3.64655617499 -1.29271293247 0.461455138698 19.5627675447 1.6001190132 0.0002 0.0002
32.716098 2.63412865605 3.64655617499 -1.29271293247 0.461455138698 19.5627675447 1.6001190132 0.0002 0.0002
32.916098 2.64430311948 3.77727532781 1.17362008437 0.125350127928 19.5867886343 1.4837358791 0.0002 0.0002
32.916098 2.64430311948 3.77727532781 1.17362008437 0.125350127928 19.5867886343 1.4837358791 0.0002 0.0002
33.166098 2.65743598596 3.94552271711 4.06306948166 -0.280667353738 18.2601230354 1.52206246857 0.0002 0.0002
36.526898 3.28789754613 4.88342652806 0.840600517365 -2.66266170903 1.77986890271 11.4140027827 0.0002 0.0002
36.576898 3.31664020394 4.88775960415 0.720633359552 -2.20383382085 1.70186228825 11.6574995375 0.0002 0.0002
36.576898 3.31664020394 4.88775960415 0.720633359552 -2.20383382085 1.70186228825 11.6574995375 0.0002 0.0002
36.776898 3.44279603363 4.90447172214 0.29243112557 -0.222914926922 1.50150808905 12.1484086318 0.0002 0.0002
36.776898 3.44279603363 4.90447172214 0.29243112557 -0.222914926922 1.50150808905 12.1484086318 0.0002 0.0002
37.026898 3.61297693893 4.92532132188 -0.192683526336 2.26322978138 1.47700231019 11.6291296965 0.0002 0.0002
37.333412 3.80993521517 4.95334345734 -0.407912659763 2.1018640703 1.66109344957 10.2911673197 0.0002 0.0002
37.333412 3.80993521517 4.95334345734 -0.407912659763 2.1018640703 1.66109344957 10.2911673197 0.0002 0.0002
40.387698 4.62003966825 5.62129221303 -2.5525824922 0.493921097951 10.7032923453 2.36289702128 0.0002 0.0002
40.437698 4.62465937959 5.64265716849 -2.10854003108 0.366119553188 10.9365186833 2.31992634018 0.0002 0.0002
40.437698 4.62465937959 5.64265716849 -2.10854003108 0.366119553188 10.9365186833 2.31992634018 0.0002 0.0002
40.637698 4.64246655528 5.73039273183 -0.188932967562 -0.123838638145 11.4014542725 2.27202808315 0.0002 0.0002
40.637698 4.64246655528 5.73039273183 -0.188932967562 -0.123838638145 11.4014542725 2.27202808315 0.0002 0.0002
40.887698 4.66470501698 5.83663351661 2.21532726913 -0.769206347334 10.885407082 2.49130367264 0.0002 0.0002
41.194212 4.69472760618 5.94856033709 2.04897748969 -0.965036233478 9.57833797311 3.02287330306 0.0002 0.0002
41.194212 4.69472760618 5.94856033709 2.04897748969 -0.965036233478 9.57833797311 3.02287330306 0.0002 0.0002
44.248498 5.43843837323 0.138238903508 0.391370325134 -2.91640054189 2.12481780715 14.877891306 0.0002 0.0002
44.298498 5.46216715533 0.141569293915 0.275664336662 -2.30620861927 2.09148961543 15.1392063961 0.0002 0.0002
44.298498 5.46216715533 0.141569293915 0.275664336662 -2.30620861927 2.09148961543 15.1392063961 0.0002 0.0002
44.498498 5.5589538151 0.154531222457 -0.173340996173 0.276025237324 2.07125316849 15.5498957036 0.0002 0.0002
44.498498 5.5589538151 0.154531222457 -0.173340996173 0.276025237324 2.07125316849 15.5498957036 0.0002 0.0002
44.748498 5.674657522 0.170971394107 -0.775442760631 3.41097751464 2.3043468506 14.6115131717 0.0002 0.0002
44.854298 5.71896328103 0.178395489968 -0.848964137855 3.31949086319 2.47620910046 13.8994296173 0.0002 0.0002
44.854298 5.71896328103 0.178395489968 -0.848964137855 3.31949086319 2.47620910046 13.8994296173 0.0002 0.0002
45.055012 5.79465659037 0.193561828949 -0.988442112411 3.14593082767 2.84500225858 12.6017289681 0.0002 0.0002
45.055012 5.79465659037 0.193561828949 -0.988442112411 3.14593082767 2.84500225858 12.6017289681 0.0002 0.0002
48.109298 0.0 0.98906797338 -3.1108930874 0.504849554508 15.3655443687 1.45120155772 0.0002 0.0002
48.159298 0.0 1.02409173727 -2.45990950249 0.400105082221 15.6442880208 1.40598682945 0.0002 0.0002
48.159298 0.0 1.02409173727 -2.45990950249 0.400105082221 15.6442880208 1.40598682945 0.0002 0.0002
48.359298 0.00742304561014 1.17199611534 0.299861695447 0.00743573978861 16.0814154512 1.32541756938 0.0002 0.0002
48.359298 0.00742304561014 1.17199611534 0.299861695447 0.00743573978861 16.0814154512 1.32541756938 0.0002 0.0002
48.609298 0.0233332371903 1.35541768368 3.64613339189 -0.488319627763 15.0765089308 1.44349141228 0.0002 0.0002
48.715098 0.030534924319 1.42606179449 3.54582265334 -0.579091661398 14.3155999812 1.55642352667 0.0002 0.0002
48.715098 0.030534924319 1.42606179449 3.54582265334 -0.579091661398 14.3155999812 1.55642352667 0.0002 0.0002
48.915812 0.0452880012082 1.54548798606 3.35552237377 -0.751295989933 12.9304034154 1.82345095372 0.0002 0.0002
48.915812 0.0452880012082 1.54548798606 3.35552237377 -0.751295989933 12.9304034154 1.82345095372 0.0002 0.0002
51.970098 0.895554908879 2.18363609575 0.459703050355 -3.37174732757 1.27761381568 14.4164044358 0.0002 0.0002
52.020098 0.935357664323 2.1870666594 0.359956189086 -2.79017897857 1.23665977784 14.724718562 0.0002 0.0002
52.020098 0.935357664323 2.1870666594 0.359956189086 -2.79017897857 1.23665977784 14.724718562 0.0002 0.0002
52.220098 1.10344740793 2.20029693399 -0.0166126600995 -0.279570303479 1.16875676446 15.345702526 0.0002 0.0002
52.220098 1.10344740793 2.20029693399 -0.0166126600995 -0.279570303479 1.16875676446 15.345702526 0.0002 0.0002
52.470098 1.30993393561 2.2168040105 -0.496511322937 2.8708109352 1.29481944813 14.6862049929 0.0002 0.0002
52.575898 1.38829762451 2.22416005353 -0.598365049212 2.80423440542 1.4106573683 14.0857851958 0.0002 0.0002
52.575898 1.38829762451 2.22416005353 -0.598365049212 2.80423440542 1.4106573683 14.0857851958 0.0002 0.0002
55.830898 2.15807172146 2.80510121601 -3.73195558818 0.755967822928 15.505851043 2.49732694255 0.0002 0.0002
55.880898 2.16126025615 2.82541247103 -3.08571999359 0.618259852655 15.846983814 2.42866565983 0.0002 0.0002
55.880898 2.16126025615 2.82541247103 -3.08571999359 0.618259852655 15.846983814 2.42866565983 0.0002 0.0002
56.080898 2.1735456657 2.91091874811 -0.290529583829 0.110194623129 16.5302304566 2.28465244289 0.0002 0.0002
56.080898 2.1735456657 2.91091874811 -0.290529583829 0.110194623129 16.5302304566 2.28465244289 0.0002 0.0002
56.330898 2.18888173005 3.01925311142 3.21335208983 -0.511009478577 15.7858947843 2.3830671216 0.0002 0.0002
56.436698 2.19573132727 3.06263755497 3.13744560209 -0.566999352088 15.1139803885 2.49712045588 0.0002 0.0002
56.436698 2.19573132727 3.06263755497 3.13744560209 -0.566999352088 15.1139803885 2.49712045588 0.0002 0.0002
59.691698 2.78193377747 3.70583979523 0.802137307253 -2.28956115054 2.29063801859 11.795224892 0.0002 0.0002
59.741698 2.80413115435 3.71004096657 0.672427017517 -1.80725044079 2.21696182078 12.0002102405 0.0002 0.0002
59.741698 2.80413115435 3.71004096657 0.672427017517 -1.80725044079 2.21696182078 12.0002102405 0.0002 0.0002
59.941698 2.89874840802 3.72639839328 0.200278572013 0.232455551147 2.04436633822 12.3187766216 0.0002 0.0002
59.941698 2.89874840802 3.72639839328 0.200278572013 0.232455551147 2.04436633822 12.3187766216 0.0002 0.0002
60.191698 3.02126857404 3.7471553565 -0.358398395281 2.70609155705 2.08321292413 11.5708901633 0.0002 0.0002
60.498212 3.16013401829 3.77568328019 -0.52443305183 2.4856162959 2.35381312231 9.97955902243 0.0002 0.0002
60.498212 3.16013401829 3.77568328019 -0.52443305183 2.4856162959 2.35381312231 9.97955902243 0.0002 0.0002
62.097498 3.62453816219 4.03599435919 -1.39074552609 1.33525122776 5.41673140947 3.86889908397 0.0002 0.0002
62.097498 3.62453816219 4.03599435919 -1.39074552609 1.33525122776 5.41673140947 3.86889908397 0.0002 0.0002
63.552498 3.81765848071 4.68294833835 -2.17890014636 0.288670957477 10.6105658629 1.50609230444 0.0002 0.0002
63.602498 3.82232528168 4.71643765904 -1.86276183093 0.205750075037 10.8127558875 1.48138431658 0.0002 0.0002
63.602498 3.82232528168 4.71643765904 -1.86276183093 0.205750075037 10.8127558875 1.48138431658 0.0002 0.0002
63.802498 3.84035162526 4.85324793408 -0.50116554631 -0.118030657524 11.2895824027 1.4639873717 0.0002 0.0002
63.802498 3.84035162526 4.85324793408 -0.50116554631 -0.118030657524 11.2895824027 1.4639873717 0.0002 0.0002
64.052498 3.86254015328 5.01702450843 1.25502581711 -0.543704852943 11.0985857439 1.62726843233 0.0002 0.0002
68.445984 4.52912341833 5.84727719382 0.235650803648 -4.041754779 4.54931888012 21.7734211288 0.0002 0.0002
68.445984 4.52912341833 5.84727719382 0.235650803648 -4.041754779 4.54931888012 21.7734211288 0.0002 0.0002
68.646698 4.5736770086 5.8561641434 0.189081214841 -4.20156127272 4.46406921776 23.4279700668 0.0002 0.0002
68.646698 4.5736770086 5.8561641434 0.189081214841 -4.20156127272 4.46406921776 23.4279700668 0.0002 0.0002
68.752498 4.59747954799 5.86059599295 0.164533537569 -4.28579818213 4.42665677695 24.3259326972 0.0002 0.0002
68.802498 4.60879006438 5.86263439557 0.0304909936255 -3.63963065388 4.41691005542 24.7223874179 0.0002 0.0002
68.802498 4.60879006438 5.86263439557 0.0304909936255 -3.63963065388 4.41691005542 24.7223874179 0.0002 0.0002
69.002498 4.65376996651 5.87054963205 -0.511436536499 -0.890544059819 4.51239400414 25.6351834359 0.0002 0.0002
69.002498 4.65376996651 5.87054963205 -0.511436536499 -0.890544059819 4.51239400414 25.6351834359 0.0002 0.0002
69.252498 4.70699864635 5.88032988936 -1.25915378618 2.62678619753 4.9499961731 25.1960362166 0.0002 0.0002
69.7 4.78798633318 5.89895770377 -1.49289178831 2.48647570057 6.18154207177 22.9078412907 0.0002 0.0002
69.7 4.78798633318 5.89895770377 -1.49289178831 2.48647570057 6.18154207177 22.9078412907 0.0002 0.0002
70.002498 4.8335588085 5.91261014437 -1.65089170377 2.39162999103 7.13253029056 21.4322240752 0.0002 0.0002
70.002498 4.8335588085 5.91261014437 -1.65089170377 2.39162999103 7.13253029056 21.4322240752 0.0002 0.0002
70.251298 4.86652988954 5.92454976861 -1.78084422896 2.31362083879 7.98634619062 20.2615576687 0.0002 0.0002
70.251298 4.86652988954 5.92454976861 -1.78084422896 2.31362083879 7.98634619062 20.2615576687 0.0002 0.0002
71.491298 4.98837517208 5.99579796526 -2.19319041118 1.92448012396 12.9565711052 15.0015934645 0.0002 0.0002
71.491298 4.98837517208 5.99579796526 -2.19319041118 1.92448012396 12.9565711052 15.0015934645 0.0002 0.0002
71.491298 4.98837517208 5.99579796526 -2.19319041118 1.92448012396 12.9565711052 15.0015934645 0.0002 0.0002
71.491298 4.98837517208 5.99579796526 -2.19319041118 1.92448012396 12.9565711052 15.0015934645 0.0002 0.0002
72.731298 5.06787044412 6.09388102397 -2.40617152372 1.53533940913 18.7088770991 10.7075648282 0.0002 0.0002
72.731298 5.06787044412 6.09388102397 -2.40617152372 1.53533940913 18.7088770991 10.7075648282 0.0002 0.0002
73.630098 5.11090727067 6.18994361378 -2.73235612771 1.25352821125 23.3273857522 8.20093061104 0.0002 0.0002
73.680098 5.11303894638 6.19608515502 -2.24621818795 1.06504403979 23.5764032157 8.08504329389 0.0002 0.0002
73.680098 5.11303894638 6.19608515502 -2.24621818795 1.06504403979 23.5764032157 8.08504329389 0.0002 0.0002
73.880098 5.12141008167 6.22133842822 -0.226986473013 0.34887812745 24.0738839545 7.80386030172 0.0002 0.0002
73.880098 5.12141008167 6.22133842822 -0.226986473013 0.34887812745 24.0738839545 7.80386030172 0.0002 0.0002
74.130098 5.1318630548 6.2534361366 2.30243485535 -0.518139940946 23.5503492728 7.84580274729 0.0002 0.0002
74.436612 5.14527958782 0.00852426691225 2.22042299581 -0.567695546548 22.1640300214 8.1786265259 0.0002 0.0002
74.436612 5.14527958782 0.00852426691225 2.22042299581 -0.567695546548 22.1640300214 8.1786265259 0.0002 0.0002
75.985612 5.22781707021 0.177895210301 1.80596763515 -0.818129892377 15.9271509341 10.3252701308 0.0002 0.0002
75.985612 5.22781707021 0.177895210301 1.80596763515 -0.818129892377 15.9271509341 10.3252701308 0.0002 0.0002
78.030098 5.39339038676 0.346677308915 1.25893846634 -1.14867186395 9.66099331826 14.3463687864 0.0002 0.0002
78.080098 5.39859793798 0.350149785224 1.04947145056 -0.859777020213 9.54561233734 14.4468256391 0.0002 0.0002
78.080098 5.39859793798 0.350149785224 1.04947145056 -0.859777020213 9.54561233734 14.4468256391 0.0002 0.0002
78.280098 5.41989857538 0.363904524114 0.246384435695 0.319069327426 9.28785212783 14.5555637111 0.0002 0.0002
78.280098 5.41989857538 0.363904524114 0.246384435695 0.319069327426 9.28785212783 14.5555637111 0.0002 0.0002
78.530098 5.44675752334 0.381323209903 -0.740636310509 1.75430618772 9.41036785697 14.0327354702 0.0002 0.0002
78.635898 5.45790713422 0.388963633747 -0.758046443818 1.72356314092 9.56892849238 13.6647768952 0.0002 0.0002
78.635898 5.45790713422 0.388963633747 -0.758046443818 1.72356314092 9.56892849238 13.6647768952 0.0002 0.0002
78.836612 5.47855149732 0.4040324313 -0.791075342657 1.66524026858 9.87985892263 12.9845966077 0.0002 0.0002
78.836612 5.47855149732 0.4040324313 -0.791075342657 1.66524026858 9.87985892263 12.9845966077 0.0002 0.0002
83.821298 5.82464252483 1.22053052652 -1.61134044442 0.216805155687 21.8551472626 3.60319112998 0.0002 0.0002
83.871298 5.82692258622 1.23444392901 -1.22584698738 0.138143182471 21.9970489556 3.58544900393 0.0002 0.0002
83.871298 5.82692258622 1.23444392901 -1.22584698738 0.138143182471 21.9970489556 3.58544900393 0.0002 0.0002
84.071298 5.83595692448 1.29033109617 0.345986393308 -0.174354863047 22.1738655835 3.59265697906 0.0002 0.0002
84.071298 5.83595692448 1.29033109617 0.345986393308 -0.174354863047 22.1738655835 3.59265697906 0.0002 0.0002
84.271298 5.84504809478 1.34515100176 1.89810311261 -0.496884111281 21.7228937571 3.72626784047 0.0002 0.0002
84.271298 5.84504809478 1.34515100176 1.89810311261 -0.496884111281 21.7228937571 3.72626784047 0.0002 0.0002
84.321298 5.84736060261 1.35847564624 2.27258862573 -0.581230710023 21.5142969573 3.78015751116 0.0002 0.0002
84.427098 5.85233380175 1.38600892395 2.24227292776 -0.618674208716 21.036624605 3.90710745156 0.0002 0.0002
84.427098 5.85233380175 1.38600892395 2.24227292776 -0.618674208716 21.036624605 3.90710745156 0.0002 0.0002
84.627812 5.86208324763 1.43575694252 2.18476078217 -0.689708560292 20.1480569609 4.16971819066 0.0002 0.0002
84.627812 5.86208324763 1.43575694252 2.18476078217 -0.689708560292 20.1480569609 4.16971819066 0.0002 0.0002
89.612498 0.072819628375 2.01579021437 0.756459881552 -2.45383033465 5.48699549557 19.8392725107 0.0002 0.0002
89.662498 0.0819917022926 2.01829588253 0.623418002767 -2.03157517804 5.41802679618 20.063624756 0.0002 0.0002
89.662498 0.0819917022926 2.01829588253 0.623418002767 -2.03157517804 5.41802679618 20.063624756 0.0002 0.0002
89.862498 0.119532907245 2.02812235752 0.112921375177 -0.272562914717 5.27161375793 20.5271651055 0.0002 0.0002
89.862498 0.119532907245 2.02812235752 0.112921375177 -0.272562914717 5.27161375793 20.5271651055 0.0002 0.0002
90.112498 0.166743889111 2.04037215471 -0.518127451868 1.93830566586 5.37200008237 20.106883804 0.0002 0.0002
90.218298 0.186237190594 2.04568820373 -0.543109329885 1.91327475317 5.48427893388 19.6993865957 0.0002 0.0002
90.218298 0.186237190594 2.04568820373 -0.543109329885 1.91327475317 5.48427893388 19.6993865957 0.0002 0.0002
90.419012 0.222106591801 2.05607924579 -0.590502644293 1.86578841473 5.71181072767 18.940875711 0.0002 0.0002
90.419012 0.222106591801 2.05607924579 -0.590502644293 1.86578841473 5.71181072767 18.940875711 0.0002 0.0002
95.297898 0.738503441152 2.51646334709 -1.74252282303 0.711507039998 17.0943760178 6.36654499906 0.0002 0.0002
95.297898 0.738503441152 2.51646334709 -1.74252282303 0.711507039998 17.0943760178 6.36654499906 0.0002 0.0002
95.403698 0.744626498089 2.53327872285 -1.76750470105 0.686476127317 17.4657369299 6.21863837996 0.0002 0.0002
95.453698 0.747475864779 2.54136053944 -1.39168806762 0.539321513241 17.6237544768 6.15737094725 0.0002 0.0002
95.453698 0.747475864779 2.54136053944 -1.39168806762 0.539321513241 17.6237544768 6.15737094725 0.0002 0.0002
95.653698 0.75871220461 2.57421336816 0.155874070088 -0.0319060837823 17.8723766786 6.05647870743 0.0002 0.0002
95.653698 0.75871220461 2.57421336816 0.155874070088 -0.0319060837823 17.8723766786 6.05647870743 0.0002 0.0002
95.903698 0.772860032847 2.61504142474 2.06227360324 -0.753828064701 17.3127031435 6.25113227197 0.0002 0.0002
101.194898 1.46363900075 3.09198287118 0.456832361058 -2.0812612017 3.98360966521 21.2521565983 0.0002 0.0002
101.244898 1.47625721478 3.09432501081 0.349782336125 -1.59392888492 3.94329459197 21.4359875285 0.0002 0.0002
101.244898 1.47625721478 3.09432501081 0.349782336125 -1.59392888492 3.94329459197 21.4359875285 0.0002 0.0002
101.444898 1.52752298955 3.10357485997 -0.066996476674 0.406516623183 3.88708638638 21.6749573084 0.0002 0.0002
101.444898 1.52752298955 3.10357485997 -0.066996476674 0.406516623183 3.88708638638 21.6749573084 0.0002 0.0002
101.694898 1.59086549718 3.11527713387 -0.598710109629 2.84737203435 4.05191519004 20.8534908875 0.0002 0.0002
101.800698 1.61656903285 3.12042494603 -0.634180845024 2.80116507481 4.18235505304 20.2558756614 0.0002 0.0002
101.800698 1.61656903285 3.12042494603 -0.634180845024 2.80116507481 4.18235505304 20.2558756614 0.0002 0.0002
102.001412 1.6631086233 3.13061641009 -0.701472652058 2.71350549374 4.45043940906 19.1490040729 0.0002 0.0002
102.001412 1.6631086233 3.13061641009 -0.701472652058 2.71350549374 4.45043940906 19.1490040729 0.0002 0.0002
104.444898 2.04049185123 3.32338134714 -1.52068102019 1.6463404773 9.88024079704 8.49578148047 0.0002 0.0002
104.444898 2.04049185123 3.32338134714 -1.52068102019 1.6463404773 9.88024079704 8.49578148047 0.0002 0.0002
106.986098 2.223314565 3.85590962046 -2.37264919398 0.536499970843 19.7739715373 2.94874733364 0.0002 0.0002
107.036098 2.22582897264 3.87301364927 -1.94974297224 0.450946807868 19.9901703757 2.89939307886 0.0002 0.0002
107.036098 2.22582897264 3.87301364927 -1.94974297224 0.450946807868 19.9901703757 2.89939307886 0.0002 0.0002
107.236098 2.23569896729 3.94366269242 -0.1915179672 0.124928735496 20.4209512298 2.78488853277 0.0002 0.0002
107.236098 2.23569896729 3.94366269242 -0.1915179672 0.124928735496 20.4209512298 2.78488853277 0.0002 0.0002
107.486098 2.24802490238 4.03337767698 2.01047515881 -0.272782479596 19.9619997299 2.82151702648 0.0002 0.0002
107.792612 2.26386756458 4.13849666077 1.9330557226 -0.389500468477 18.7532523053 3.02451602203 0.0002 0.0002
107.792612 2.26386756458 4.13849666077 1.9330557226 -0.389500468477 18.7532523053 3.02451602203 0.0002 0.0002
112.046858 2.64784232937 4.87611220552 0.858516462302 -2.00948205928 6.87721750404 13.2303778448 0.0002 0.0002
112.046858 2.64784232937 4.87611220552 0.858516462302 -2.00948205928 6.87721750404 13.2303778448 0.0002 0.0002
112.777298 2.7641826849 4.92576729041 0.674021617083 -2.28762755279 5.75779038933 16.3691585899 0.0002 0.0002
112.827298 2.77291406493 4.92880178096 0.528632442329 -1.92004254804 5.69768103768 16.5796238693 0.0002 0.0002
112.827298 2.77291406493 4.92880178096 0.528632442329 -1.92004254804 5.69768103768 16.5796238693 0.0002 0.0002
113.027298 2.80843995586 4.94066330971 -0.034896145996 -0.377929348793 5.59954306392 17.0420966397 0.0002 0.0002
113.027298 2.80843995586 4.94066330971 -0.034896145996 -0.377929348793 5.59954306392 17.0420966397 0.0002 0.0002
113.227298 2.84387801734 4.95241944212 -0.601044001219 1.19220033278 5.725946324 16.8782225043 0.0002 0.0002
113.227298 2.84387801734 4.95241944212 -0.601044001219 1.19220033278 5.725946324 16.8782225043 0.0002 0.0002
113.277298 2.8525610336 4.95539348984 -0.74792082602 1.57539156643 5.79336837321 16.7397891223 0.0002 0.0002
113.383098 2.87057526674 4.9617772371 -0.776398730726 1.55338527735 5.95464138231 16.4087645322 0.0002 0.0002
113.383098 2.87057526674 4.9617772371 -0.776398730726 1.55338527735 5.95464138231 16.4087645322 0.0002 0.0002
113.583812 2.90341098632 4.9742456392 -0.830424384461 1.51163697577 6.27715327705 15.7935716557 0.0002 0.0002
113.583812 2.90341098632 4.9742456392 -0.830424384461 1.51163697577 6.27715327705 15.7935716557 0.0002 0.0002
115.622798 3.15386024131 5.13329726227 -1.37925282496 1.08753002543 10.7826541716 10.4939065286 0.0002 0.0002
115.622798 3.15386024131 5.13329726227 -1.37925282496 1.08753002543 10.7826541716 10.4939065286 0.0002 0.0002
117.267498 3.27921933832 5.3200282722 -1.82195235114 0.745434149721 16.0476763247 7.47923034968 0.0002 0.0002
117.267498 3.27921933832 5.3200282722 -1.82195235114 0.745434149721 16.0476763247 7.47923034968 0.0002 0.0002
118.462698 3.34470483102 5.49948938229 -2.14366115742 0.496833802759 20.7873775902 5.99447169288 0.0002 0.0002
118.462698 3.34470483102 5.49948938229 -2.14366115742 0.496833802759 20.7873775902 5.99447169288 0.0002 0.0002
118.568498 3.34973948484 5.51729323328 -2.17213906213 0.474827513679 21.2439892534 5.8916699256 0.0002 0.0002
118.618498 3.35208197026 5.52581078811 -1.71407431523 0.335832010734 21.4383711572 5.85115179584 0.0002 0.0002
118.618498 3.35208197026 5.52581078811 -1.71407431523 0.335832010734 21.4383711572 5.85115179584 0.0002 0.0002
118.818498 3.36131730345 5.56017185003 0.172952294806 -0.211409799689 21.7484155091 5.82641223368 0.0002 0.0002
118.818498 3.36131730345 5.56017185003 0.172952294806 -0.211409799689 21.7484155091 5.82641223368 0.0002 0.0002
119.068498 3.37294167349 5.60228737521 2.49920409638 -0.921101637703 21.0741884358 6.10697454423 0.0002 0.0002
122.440498 3.63350720884 5.95315088179 1.33979607099 -1.94172157581 8.12907987145 15.7604144202 0.0002 0.0002
122.440498 3.63350720884 5.95315088179 1.33979607099 -1.94172157581 8.12907987145 15.7604144202 0.0002 0.0002
124.359698 3.96600671071 6.05132063724 0.679909984896 -2.52261534367 4.25286000899 24.3283698361 0.0002 0.0002
124.409698 3.97785304731 6.05336603843 0.565076486666 -1.9651897391 4.19063485868 24.5528473089 0.0002 0.0002
124.409698 3.97785304731 6.05336603843 0.565076486666 -1.9651897391 4.19063485868 24.5528473089 0.0002 0.0002
124.609698 4.02655176833 6.06143263359 0.126911340039 0.329552728887 4.05309122722 24.8820234753 0.0002 0.0002
124.609698 4.02655176833 6.06143263359 0.126911340039 0.329552728887 4.05309122722 24.8820234753 0.0002 0.0002
124.859698 4.08804059632 6.07161247495 -0.411151147316 3.14368198925 4.1234689407 24.005181643 0.0002 0.0002
124.965498 4.11342530174 6.07608175101 -0.441146520366 3.09571761499 4.21364203394 23.3450531649 0.0002 0.0002
124.965498 4.11342530174 6.07608175101 -0.441146520366 3.09571761499 4.21364203394 23.3450531649 0.0002 0.0002
125.166212 4.16004545043 6.0849143261 -0.498050975058 3.00472402885 4.40215212003 22.1206091208 0.0002 0.0002
125.166212 4.16004545043 6.0849143261 -0.498050975058 3.00472402885 4.40215212003 22.1206091208 0.0002 0.0002
129.341898 4.73234059598 0.213011242779 -1.68190030691 1.11167898092 13.5049441688 4.93180270251 0.0002 0.0002
129.341898 4.73234059598 0.213011242779 -1.68190030691 1.11167898092 13.5049441688 4.93180270251 0.0002 0.0002
130.150898 4.78670790564 0.411005030125 -1.91126001199 0.74491925718 16.4118108668 3.42981472789 0.0002 0.0002
130.200898 4.78973794975 0.425736601604 -1.56065020811 0.648408605722 16.5854700185 3.36017385222 0.0002 0.0002
130.200898 4.78973794975 0.425736601604 -1.56065020811 0.648408605722 16.5854700185 3.36017385222 0.0002 0.0002
130.400898 4.80164197641 0.487194350631 -0.105432106115 0.286820907064 16.9206539977 3.17421695218 0.0002 0.0002
130.400898 4.80164197641 0.487194350631 -0.105432106115 0.286820907064 16.9206539977 3.17421695218 0.0002 0.0002
130.650898 4.81652916998 0.566858379267 1.71188043489 -0.139456552802 16.5153218253 3.13770969728 0.0002 0.0002
130.756698 4.8230062848 0.600406834602 1.68670075219 -0.173831183527 16.1557519357 3.17085553978 0.0002 0.0002
130.756698 4.8230062848 0.600406834602 1.68670075219 -0.173831183527 16.1557519357 3.17085553978 0.0002 0.0002
135.061658 5.27377095905 1.43267738331 0.662149459092 -1.57252126185 6.04404573017 10.688832963 0.0002 0.0002
135.061658 5.27377095905 1.43267738331 0.662149459092 -1.57252126185 6.04404573017 10.688832963 0.0002 0.0002
135.792098 5.40438804081 1.49430502172 0.488309691351 -1.80984267269 5.20370434832 13.1594468754 0.0002 0.0002
135.842098 5.41403780972 1.49808006281 0.356143511766 -1.51534100285 5.16149808448 13.3257706828 0.0002 0.0002
135.842098 5.41403780972 1.49808006281 0.356143511766 -1.51534100285 5.16149808448 13.3257706828 0.0002 0.0002
136.042098 5.45306283762 1.51284360475 -0.161975841294 -0.280893567748 5.12290415916 13.6872675223 0.0002 0.0002
136.042098 5.45306283762 1.51284360475 -0.161975841294 -0.280893567748 5.12290415916 13.6872675223 0.0002 0.0002
136.242098 5.49160090287 1.52748571425 -0.692252925454 0.974376938393 5.2926957684 13.5477022056 0.0002 0.0002
136.242098 5.49160090287 1.52748571425 -0.692252925454 0.974376938393 5.2926957684 13.5477022056 0.0002 0.0002
136.292098 5.50098260923 1.53119112484 -0.831324262066 1.28047783789 5.36884504526 13.4349156446 0.0002 0.0002
136.397898 5.52036883596 1.53914617855 -0.864649564161 1.25969079516 5.54827907607 13.1661658032 0.0002 0.0002
136.397898 5.52036883596 1.53914617855 -0.864649564161 1.25969079516 5.54827907607 13.1661658032 0.0002 0.0002
139.002498 5.84263676543 1.79677622593 -1.68505676489 0.747952312196 12.1892441807 7.93705856578 0.0002 0.0002
139.002498 5.84263676543 1.79677622593 -1.68505676489 0.747952312196 12.1892441807 7.93705856578 0.0002 0.0002
141.496798 5.9936415201 2.18657955638 -2.47072123575 0.257885008938 22.5550012477 5.42819853568 0.0002 0.0002
141.633298 5.99961950316 2.21181869392 -1.19143371281 -0.0771799932856 23.0561906089 5.40359630416 0.0002 0.0002
141.633298 5.99961950316 2.21181869392 -1.19143371281 -0.0771799932856 23.0561906089 5.40359630416 0.0002 0.0002
141.833298 6.00825281777 2.24850490722 0.738539062545 -0.575431148489 23.1472791005 5.53339404723 0.0002 0.0002
141.833298 6.00825281777 2.24850490722 0.738539062545 -0.575431148489 23.1472791005 5.53339404723 0.0002 0.0002
142.169798 6.02318638875 2.30631517583 3.80981448583 -1.51971357174 21.5920794714 6.22746584706 0.0002 0.0002
147.464298 1.04858223758 2.66151270729 0.00552563349042 -4.33342680946 1.39176120965 37.2169175954 0.0002 0.0002
147.774298 1.26613419266 2.66962157114 -0.342742829544 -1.12193583809 1.49537928674 38.9232719467 0.0002 0.0002
147.774298 1.26613419266 2.66962157114 -0.342742829544 -1.12193583809 1.49537928674 38.9232719467 0.0002 0.0002
147.974298 1.39288377266 2.67474926224 -0.584533916205 1.03518100938 1.68015163225 38.9406873832 0.0002 0.0002
147.974298 1.39288377266 2.67474926224 -0.584533916205 1.03518100938 1.68015163225 38.9406873832 0.0002 0.0002
148.484298 1.64036883003 2.68835875562 -1.34741583766 6.112104387 2.6424104161 35.205285179 0.0002 0.0002
148.795099 1.74155162514 2.69769026844 -1.6785791422 5.77347202641 3.58289268184 31.5112361442 0.0002 0.0002
148.795099 1.74155162514 2.69769026844 -1.6785791422 5.77347202641 3.58289268184 31.5112361442 0.0002 0.0002
149.451742 1.88079958732 2.72137415125 -2.37824248236 5.05802848164 6.24677620385 24.3988071561 0.0002 0.0002
149.761742 1.92568946472 2.73476264188 -1.73458423681 1.91034059646 7.53889630994 22.2667514751 0.0002 0.0002
149.761742 1.92568946472 2.73476264188 -1.73458423681 1.91034059646 7.53889630994 22.2667514751 0.0002 0.0002
149.961742 1.95118034573 2.7438503297 -1.16673890454 0.0716074527826 8.12237826749 21.8725308206 0.0002 0.0002
149.961742 1.95118034573 2.7438503297 -1.16673890454 0.0716074527826 8.12237826749 21.8725308206 0.0002 0.0002
150.471742 2.01164496141 2.7663990786 0.528506844045 -4.88291964165 8.46005828301 24.2420370157 0.0002 0.0002
150.968217 2.07213403457 2.78501500712 0.453430512455 -5.3917003546 7.97255093394 29.3431289783 0.0002 0.0002
150.968217 2.07213403457 2.78501500712 0.453430512455 -5.3917003546 7.97255093394 29.3431289783 0.0002 0.0002
150.968217 2.07213403457 2.78501500712 0.453430512455 -5.39170035459 7.97255093394 29.3431289783 0.0002 0.0002
153.973287 2.49882954487 2.85089893348 -0.000992432846708 -8.47125452558 6.61294283405 71.0022788001 0.0002 0.0002
154.283287 2.54531109694 2.85514104932 -0.55321572687 -3.14066764146 6.78342591345 74.6301827755 0.0002 0.0002
154.283287 2.54531109694 2.85514104932 -0.55321572687 -3.14066764146 6.78342591345 74.6301827755 0.0002 0.0002
154.483287 2.57422159705 2.85780710513 -0.93365234724 0.485074418404 7.07984233159 75.1630243132 0.0002 0.0002
154.483287 2.57422159705 2.85780710513 -0.93365234724 0.485074418404 7.07984233159 75.1630243132 0.0002 0.0002
154.993287 2.64032330382 2.86476188666 -2.10671110217 9.32164525565 8.59864840328 70.0537900693 0.0002 0.0002
155.304088 2.67389838498 2.8693898565 -2.30327779048 8.93169841471 9.96927736111 64.3806326032 0.0002 0.0002
155.304088 2.67389838498 2.8693898565 -2.30327779048 8.93169841471 9.96927736111 64.3806326032 0.0002 0.0002
155.960731 2.73102651132 2.88061104143 -2.71857291475 8.10784050087 13.2668404737 53.191738651 0.0002 0.0002
156.270731 2.75306094967 2.88670727448 -2.44764952355 6.19668602788 14.8735758011 48.7716395186 0.0002 0.0002
156.270731 2.75306094967 2.88670727448 -2.44764952355 6.19668602788 14.8735758011 48.7716395186 0.0002 0.0002
156.470731 2.76609542701 2.89090910502 -2.22173056882 5.09614344715 15.8087125964 46.5161129467 0.0002 0.0002
156.470731 2.76609542701 2.89090910502 -2.22173056882 5.09614344715 15.8087125964 46.5161129467 0.0002 0.0002
156.980731 2.79643784111 2.90241476434 -1.49326118016 2.6251412781 17.7201405065 42.6124118376 0.0002 0.0002
157.477206 2.82332380217 2.91443272551 -1.58375308841 2.53319937365 19.2478011655 40.0514246626 0.0002 0.0002
157.477206 2.82332380217 2.91443272551 -1.58375308841 2.53319937365 19.2478011655 40.0514246626 0.0002 0.0002
157.477206 2.82332380217 2.91443272551 -1.58375308841 2.53319937365 19.2478011655 40.0514246626 0.0002 0.0002
158.548502 2.87442861538 2.9431169913 -1.77901693725 2.3348067165 22.8503232429 34.8363492102 0.0002 0.0002
158.548502 2.87442861538 2.9431169913 -1.77901693725 2.3348067165 22.8503232429 34.8363492102 0.0002 0.0002
158.813005 2.88577002597 2.9508465973 -1.82722758473 2.28582356618 23.8041857377 33.6141786385 0.0002 0.0002
158.813005 2.88577002597 2.9508465973 -1.82722758473 2.28582356618 23.8041857377 33.6141786385 0.0002 0.0002
165.740498 3.07352290681 3.32239134485 -3.08989350147 1.00292533478 57.8675076425 10.8313936483 0.0002 0.0002
165.740498 3.07352290681 3.32239134485 -3.08989350147 1.00292533478 57.8675076425 10.8313936483 0.0002 0.0002
168.065698 3.10925133873 3.58942995579 -3.51370494229 0.572322955588 73.2221947439 7.16862632357 0.0002 0.0002
168.065698 3.10925133873 3.58942995579 -3.51370494229 0.572322955588 73.2221947439 7.16862632357 0.0002 0.0002
168.277698 3.11211747001 3.61950335543 -3.55234593035 0.533062804036 74.7201975289 6.93428454253 0.0002 0.0002
168.277698 3.11211747001 3.61950335543 -3.55234593035 0.533062804036 74.7201975289 6.93428454253 0.0002 0.0002
