0.0 0.0 0.0 -1.25287976099 0.789987518004 5.79735938488 9.99584375794 0.0002 0.0002
0.0 0.0 0.0 -1.25287976099 0.789987518004 5.79735938488 9.99584375794 0.0002 0.0002
0.0 0.0 0.0 -1.25287976099 0.789987518004 5.79735938488 9.99584375794 0.0002 0.0002
0.423 0.066753540216 0.0437532690482 -1.4403765648 0.721260357547 6.93660681069 9.35658590658 0.0002 0.0002
0.423 0.066753540216 0.0437532690482 -1.4403765648 0.721260357547 6.93660681069 9.35658590658 0.0002 0.0002
0.877 0.126493679056 0.0939926370906 -1.64161426913 0.647496454835 8.3358306493 8.73517031376 0.0002 0.0002
0.877 0.126493679056 0.0939926370906 -1.64161426913 0.647496454835 8.3358306493 8.73517031376 0.0002 0.0002
1.357 0.179054848887 0.150908639629 -1.85437659969 0.569508187651 10.0139062663 8.15100808537 0.0002 0.0002
1.357 0.179054848887 0.150908639629 -1.85437659969 0.569508187651 10.0139062663 8.15100808537 0.0002 0.0002
1.89 0.227461469232 0.218724550225 -2.09063143759 0.482908715965 12.1165955502 7.59006987574 0.0002 0.0002
1.89 0.227461469232 0.218724550225 -2.09063143759 0.482908715965 12.1165955502 7.59006987574 0.0002 0.0002
2.475 0.271287727347 0.298608182672 -2.34993552796 0.387860515334 14.714327225 7.08066987543 0.0002 0.0002
2.475 0.271287727347 0.298608182672 -2.34993552796 0.387860515334 14.714327225 7.08066987543 0.0002 0.0002
3.06 0.30763187344 0.383756269393 -2.60923961834 0.292812314703 17.6154446856 6.68247626986 0.0002 0.0002
3.06 0.30763187344 0.383756269393 -2.60923961834 0.292812314703 17.6154446856 6.68247626986 0.0002 0.0002
3.645 0.33818367368 0.473361134349 -2.86854370871 0.197764114072 20.819947932 6.39548905903 0.0002 0.0002
3.645 0.33818367368 0.473361134349 -2.86854370871 0.197764114072 20.819947932 6.39548905903 0.0002 0.0002
4.6635 0.381056842021 0.636334330528 -3.31999877888 0.0322827596395 27.1229784556 6.16118631815 0.0002 0.0002
5.0 0.393275533142 0.68962794033 2.9466501061 -1.50789321957 27.2519470949 6.64533124673 0.0002 0.0002
5.0 0.393275533142 0.68962794033 2.9466501061 -1.50789321957 27.2519470949 6.64533124673 0.0002 0.0002
5.3365 0.406442290767 0.735547309062 8.32634033917 -3.52593149772 23.3578332421 8.29691936867 0.0002 0.0002
5.7585 0.427704833722 0.778648441223 7.0557433696 -4.20912307319 16.866593917 11.5611123976 0.0002 0.0002
6.025 0.445141630862 0.800001877815 3.52089764915 -1.97658514091 14.0965294693 13.2392607424 0.0002 0.0002
6.025 0.445141630862 0.800001877815 3.52089764915 -1.97658514091 14.0965294693 13.2392607424 0.0002 0.0002
6.2915 0.465018789981 0.819693318601 0.743291012679 0.666344944999 12.9797214591 13.5947216436 0.0002 0.0002
6.973 0.519601798259 0.871509033735 0.661778002888 0.593956804405 12.022166925 12.7358260014 0.0002 0.0002
6.973 0.519601798259 0.871509033735 0.661778002888 0.593956804405 12.022166925 12.7358260014 0.0002 0.0002
7.482 0.563133200077 0.912423969958 0.600897413037 0.539891413998 11.3794651383 12.1586972582 0.0002 0.0002
7.482 0.563133200077 0.912423969958 0.600897413037 0.539891413998 11.3794651383 12.1586972582 0.0002 0.0002
7.992 0.609158621209 0.955314830879 0.539897214954 0.48571980475 10.797659878 11.6356355367 0.0002 0.0002
7.992 0.609158621209 0.955314830879 0.539897214954 0.48571980475 10.797659878 11.6356355367 0.0002 0.0002
8.498 0.657200049455 0.999711114139 0.479375449798 0.431973070868 10.2819079096 11.1712829416 0.0002 0.0002
8.498 0.657200049455 0.999711114139 0.479375449798 0.431973070868 10.2819079096 11.1712829416 0.0002 0.0002
8.9873 0.705861015825 1.04432598128 0.420851142108 0.380000191642 9.84142703819 10.7739844242 0.0002 0.0002
8.9873 0.705861015825 1.04432598128 0.420851142108 0.380000191642 9.84142703819 10.7739844242 0.0002 0.0002
9.4566 0.75448543446 1.0885888119 0.364718999049 0.330151689249 9.47275897095 10.4407101465 0.0002 0.0002
9.4566 0.75448543446 1.0885888119 0.364718999049 0.330151689249 9.47275897095 10.4407101465 0.0002 0.0002
9.9277 0.805092981339 1.1343606076 0.308371561173 0.280111992941 9.15566600803 10.1532149259 0.0002 0.0002
9.9277 0.805092981339 1.1343606076 0.308371561173 0.280111992941 9.15566600803 10.1532149259 0.0002 0.0002
16.240021 1.52426352844 1.77965505857 -0.446633990515 -0.390375431889 10.0284228443 10.8492331471 0.0002 0.0002
16.240021 1.52426352844 1.77965505857 -0.446633990515 -0.390375431889 10.0284228443 10.8492331471 0.0002 0.0002
17.480021 1.64187692492 1.88872657728 -0.384257937794 -0.522205025018 11.0678384446 11.9818486835 0.0002 0.0002
17.480021 1.64187692492 1.88872657728 -0.384257937794 -0.522205025018 11.0678384446 11.9818486835 0.0002 0.0002
17.480021 1.64187692492 1.88872657728 -0.384257937794 -0.522205025018 11.0678384446 11.9818486835 0.0002 0.0002
17.480021 1.64187692492 1.88872657728 -0.384257937794 -0.522205025018 11.0678384446 11.9818486835 0.0002 0.0002
18.720021 1.74977852503 1.98667943932 -0.285913571929 -0.654034618147 11.9061986433 13.4416950832 0.0002 0.0002
18.720021 1.74977852503 1.98667943932 -0.730698711653 -0.151887257365 11.9061986433 13.4416950832 0.0002 0.0002
20.0 1.84912574858 2.08027209005 -0.895603247829 -0.249308585053 13.9878309991 13.9552173364 0.0002 0.0002
20.0 1.84912574858 2.08027209005 -0.895603247829 -0.249308585053 13.9878309991 13.9552173364 0.0002 0.0002
22.328798 1.99300877461 2.23913320462 -1.195631103 -0.426557268883 18.8578933729 15.5291723853 0.0002 0.0002
22.595298 2.00671248327 2.25641467252 -4.46621585282 2.024498567 20.3455124189 15.0971098655 0.0002 0.0002
22.595298 2.00671248327 2.25641467252 -4.46621585282 2.024498567 20.3455124189 15.0971098655 0.0002 0.0002
22.861798 2.01892176798 2.27499619924 -8.51611981222 4.13227919439 23.7565494793 13.4323973281 0.0002 0.0002
23.218798 2.03224346402 2.30484388638 -9.62100139147 3.65187082566 30.2315017491 10.6534557709 0.0002 0.0002
23.355298 2.03658609395 2.31823262492 -7.37645205425 2.67215690268 32.560312643 9.79341884738 0.0002 0.0002
23.355298 2.03658609395 2.31823262492 -7.37645205425 2.67215690268 32.560312643 9.79341884738 0.0002 0.0002
23.555298 2.04250747847 2.33964956452 -3.52758953226 1.44169902635 34.7586829936 8.97714780245 0.0002 0.0002
23.555298 2.04250747847 2.33964956452 -3.52758953226 1.44169902635 34.7586829936 8.97714780245 0.0002 0.0002
23.891798 2.05207843963 2.37833601978 3.50019843333 -0.368960897343 34.7681140018 8.62410670828 0.0002 0.0002
27.336298 2.20259346535 2.71332197382 2.18737457241 -0.822736262327 15.1772687836 12.7289075748 0.0002 0.0002
27.336298 2.20259346535 2.71332197382 2.18737457241 -0.822736262327 15.1772687836 12.7289075748 0.0002 0.0002
28.003298 2.25117642619 2.7635144888 1.9331566844 -0.910606248811 12.4288744353 13.8850470297 0.0002 0.0002
28.003298 2.25117642619 2.7635144888 1.9331566844 -0.910606248811 12.4288744353 13.8850470297 0.0002 0.0002
28.805298 2.32476680989 2.81833331264 1.62748540077 -1.01626101517 9.57323948296 15.4303945754 0.0002 0.0002
28.855298 2.33003189809 2.82156455936 1.33893424376 -0.578920861897 9.42498918021 15.5101917204 0.0002 0.0002
28.855298 2.33003189809 2.82156455936 1.33893424376 -0.578920861897 9.42498918021 15.5101917204 0.0002 0.0002
29.055298 2.35169933933 2.83446085464 0.245460495365 1.17833911104 9.11050572738 15.3893850452 0.0002 0.0002
29.055298 2.35169933933 2.83446085464 0.245460495365 1.17833911104 9.11050572738 15.3893850452 0.0002 0.0002
29.305298 2.37899264545 2.85122552105 -1.101032978 3.20638805511 9.32188517453 14.2799470277 0.0002 0.0002
32.666098 2.63156295916 3.61577835318 -1.89861941447 0.551411078272 19.4031169352 1.6507357002 0.0002 0.0002
32.716098 2.63412865605 3.64655617499 -1.29271293247 0.461455138698 19.5627675447 1.6001190132 0.0002 0.0002
32.716098 2.63412865605 3.64655617499 -1.29271293247 0.461455138698 19.5627675447 1.6001190132 0.0002 0.0002
32.916098 2.64430311948 3.77727532781 1.17362008437 0.125350127928 19.5867886343 1.4837358791 0.0002 0.0002
32.916098 2.64430311948 3.77727532781 1.17362008437 0.125350127928 19.5867886343 1.4837358791 0.0002 0.0002
33.166098 2.65743598596 3.94552271711 4.06306948166 -0.280667353738 18.2601230354 1.52206246857 0.0002 0.0002
36.526898 3.28789754613 4.88342652806 0.840600517365 -2.66266170903 1.77986890271 11.4140027827 0.0002 0.0002
36.576898 3.31664020394 4.88775960415 0.720633359552 -2.20383382085 1.70186228825 11.6574995375 0.0002 0.0002
36.576898 3.31664020394 4.88775960415 0.720633359552 -2.20383382085 1.70186228825 11.6574995375 0.0002 0.0002
36.776898 3.44279603363 4.90447172214 0.29243112557 -0.222914926922 1.50150808905 12.1484086318 0.0002 0.0002
36.776898 3.44279603363 4.90447172214 0.29243112557 -0.222914926922 1.50150808905 12.1484086318 0.0002 0.0002
37.026898 3.61297693893 4.92532132188 -0.192683526336 2.26322978138 1.47700231019 11.6291296965 0.0002 0.0002
37.333412 3.80993521517 4.95334345734 -0.407912659763 2.1018640703 1.66109344957 10.2911673197 0.0002 0.0002
37.333412 3.80993521517 4.95334345734 -0.407912659763 2.1018640703 1.66109344957 10.2911673197 0.0002 0.0002
40.387698 4.62003966825 5.62129221303 -2.5525824922 0.493921097951 10.7032923453 2.36289702128 0.0002 0.0002
40.437698 4.62465937959 5.64265716849 -2.10854003108 0.366119553188 10.9365186833 2.31992634018 0.0002 0.0002
40.437698 4.62465937959 5.64265716849 -2.10854003108 0.366119553188 10.9365186833 2.31992634018 0.0002 0.0002
40.637698 4.64246655528 5.73039273183 -0.188932967562 -0.123838638145 11.4014542725 2.27202808315 0.0002 0.0002
40.637698 4.64246655528 5.73039273183 -0.188932967562 -0.123838638145 11.4014542725 2.27202808315 0.0002 0.0002
40.887698 4.66470501698 5.83663351661 2.21532726913 -0.769206347334 10.885407082 2.49130367264 0.0002 0.0002
41.194212 4.69472760618 5.94856033709 2.04897748969 -0.965036233478 9.57833797311 3.02287330306 0.0002 0.0002
41.194212 4.69472760618 5.94856033709 2.04897748969 -0.965036233478 9.57833797311 3.02287330306 0.0002 0.0002
44.248498 5.43843837323 0.138238903508 0.391370325134 -2.91640054189 2.12481780715 14.877891306 0.0002 0.0002
44.298498 5.46216715533 0.141569293915 0.275664336662 -2.30620861927 2.09148961543 15.1392063961 0.0002 0.0002
44.298498 5.46216715533 0.141569293915 0.275664336662 -2.30620861927 2.09148961543 15.1392063961 0.0002 0.0002
44.498498 5.5589538151 0.154531222457 -0.173340996173 0.276025237324 2.07125316849 15.5498957036 0.0002 0.0002
44.498498 5.5589538151 0.154531222457 -0.173340996173 0.276025237324 2.07125316849 15.5498957036 0.0002 0.0002
44.748498 5.674657522 0.170971394107 -0.775442760631 3.41097751464 2.3043468506 14.6115131717 0.0002 0.0002
44.854298 5.71896328103 0.178395489968 -0.848964137855 3.31949086319 2.47620910046 13.8994296173 0.0002 0.0002
44.854298 5.71896328103 0.178395489968 -0.848964137855 3.31949086319 2.47620910046 13.8994296173 0.0002 0.0002
45.055012 5.79465659037 0.193561828949 -0.988442112411 3.14593082767 2.84500225858 12.6017289681 0.0002 0.0002
45.055012 5.79465659037 0.193561828949 -0.988442112411 3.14593082767 2.84500225858 12.6017289681 0.0002 0.0002
48.109298 0.0 0.98906797338 -3.1108930874 0.504849554508 15.3655443687 1.45120155772 0.0002 0.0002
48.159298 0.0 1.02409173727 -2.45990950249 0.400105082221 15.6442880208 1.40598682945 0.0002 0.0002
48.159298 0.0 1.02409173727 -2.45990950249 0.400105082221 15.6442880208 1.40598682945 0.0002 0.0002
48.359298 0.00742304561014 1.17199611534 0.299861695447 0.00743573978861 16.0814154512 1.32541756938 0.0002 0.0002
48.359298 0.00742304561014 1.17199611534 0.299861695447 0.00743573978861 16.0814154512 1.32541756938 0.0002 0.0002
48.609298 0.0233332371903 1.35541768368 3.64613339189 -0.488319627763 15.0765089308 1.44349141228 0.0002 0.0002
48.715098 0.030534924319 1.42606179449 3.54582265334 -0.579091661398 14.3155999812 1.55642352667 0.0002 0.0002
48.715098 0.030534924319 1.42606179449 3.54582265334 -0.579091661398 14.3155999812 1.55642352667 0.0002 0.0002
48.915812 0.0452880012082 1.54548798606 3.35552237377 -0.751295989933 12.9304034154 1.82345095372 0.0002 0.0002
48.915812 0.0452880012082 1.54548798606 3.35552237377 -0.751295989933 12.9304034154 1.82345095372 0.0002 0.0002
51.970098 0.895554908879 2.18363609575 0.459703050355 -3.37174732757 1.27761381568 14.4164044358 0.0002 0.0002
52.020098 0.935357664323 2.1870666594 0.359956189086 -2.79017897857 1.23665977784 14.724718562 0.0002 0.0002
52.020098 0.935357664323 2.1870666594 0.359956189086 -2.79017897857 1.23665977784 14.724718562 0.0002 0.0002
52.220098 1.10344740793 2.20029693399 -0.0166126600995 -0.279570303479 1.16875676446 15.345702526 0.0002 0.0002
52.220098 1.10344740793 2.20029693399 -0.0166126600995 -0.279570303479 1.16875676446 15.345702526 0.0002 0.0002
52.470098 1.30993393561 2.2168040105 -0.496511322937 2.8708109352 1.29481944813 14.6862049929 0.0002 0.0002
52.575898 1.38829762451 2.22416005353 -0.598365049212 2.80423440542 1.4106573683 14.0857851958 0.0002 0.0002
52.575898 1.38829762451 2.22416005353 -0.598365049212 2.80423440542 1.4106573683 14.0857851958 0.0002 0.0002
55.830898 2.15807172146 2.80510121601 -3.73195558818 0.755967822928 15.505851043 2.49732694255 0.0002 0.0002
55.880898 2.16126025615 2.82541247103 -3.08571999359 0.618259852655 15.846983814 2.42866565983 0.0002 0.0002
55.880898 2.16126025615 2.82541247103 -3.08571999359 0.618259852655 15.846983814 2.42866565983 0.0002 0.0002
56.080898 2.1735456657 2.91091874811 -0.290529583829 0.110194623129 16.5302304566 2.28465244289 0.0002 0.0002
56.080898 2.1735456657 2.91091874811 -0.290529583829 0.110194623129 16.5302304566 2.28465244289 0.0002 0.0002
56.330898 2.18888173005 3.01925311142 3.21335208983 -0.511009478577 15.7858947843 2.3830671216 0.0002 0.0002
56.436698 2.19573132727 3.06263755497 3.13744560209 -0.566999352088 15.1139803885 2.49712045588 0.0002 0.0002
56.436698 2.19573132727 3.06263755497 3.13744560209 -0.566999352088 15.1139803885 2.49712045588 0.0002 0.0002
59.691698 2.78193377747 3.70583979523 0.802137307253 -2.28956115054 2.29063801859 11.795224892 0.0002 0.0002
59.741698 2.80413115435 3.71004096657 0.672427017517 -1.80725044079 2.21696182078 12.0002102405 0.0002 0.0002
59.741698 2.80413115435 3.71004096657 0.672427017517 -1.80725044079 2.21696182078 12.0002102405 0.0002 0.0002
59.941698 2.89874840802 3.72639839328 0.200278572013 0.232455551147 2.04436633822 12.3187766216 0.0002 0.0002
59.941698 2.89874840802 3.72639839328 0.200278572013 0.232455551147 2.04436633822 12.3187766216 0.0002 0.0002
60.191698 3.02126857404 3.7471553565 -0.358398395281 2.70609155705 2.08321292413 11.5708901633 0.0002 0.0002
60.498212 3.16013401829 3.77568328019 -0.52443305183 2.4856162959 2.35381312231 9.97955902243 0.0002 0.0002
60.498212 3.16013401829 3.77568328019 -0.52443305183 2.4856162959 2.35381312231 9.97955902243 0.0002 0.0002
62.097498 3.62453816219 4.03599435919 -1.39074552609 1.33525122776 5.41673140947 3.86889908397 0.0002 0.0002
62.097498 3.62453816219 4.03599435919 -1.39074552609 1.33525122776 5.41673140947 3.86889908397 0.0002 0.0002
63.552498 3.81765848071 4.68294833835 -2.17890014636 0.288670957477 10.6105658629 1.50609230444 0.0002 0.0002
63.602498 3.82232528168 4.71643765904 -1.86276183093 0.205750075037 10.8127558875 1.48138431658 0.0002 0.0002
63.602498 3.82232528168 4.71643765904 -1.86276183093 0.205750075037 10.8127558875 1.48138431658 0.0002 0.0002
63.802498 3.84035162526 4.85324793408 -0.50116554631 -0.118030657524 11.2895824027 1.4639873717 0.0002 0.0002
63.802498 3.84035162526 4.85324793408 -0.50116554631 -0.118030657524 11.2895824027 1.4639873717 0.0002 0.0002
64.052498 3.86254015328 5.01702450843 1.25502581711 -0.543704852943 11.0985857439 1.62726843233 0.0002 0.0002
68.445984 4.52912341833 5.84727719382 0.235650803648 -4.041754779 4.54931888012 21.7734211288 0.0002 0.0002
68.445984 4.52912341833 5.84727719382 0.235650803648 -4.041754779 4.54931888012 21.7734211288 0.0002 0.0002
68.646698 4.5736770086 5.8561641434 0.189081214841 -4.20156127272 4.46406921776 23.4279700668 0.0002 0.0002
68.646698 4.5736770086 5.8561641434 0.189081214841 -4.20156127272 4.46406921776 23.4279700668 0.0002 0.0002
68.752498 4.59747954799 5.86059599295 0.164533537569 -4.28579818213 4.42665677695 24.3259326972 0.0002 0.0002
68.802498 4.60879006438 5.86263439557 0.0304909936255 -3.63963065388 4.41691005542 24.7223874179 0.0002 0.0002
68.802498 4.60879006438 5.86263439557 0.0304909936255 -3.63963065388 4.41691005542 24.7223874179 0.0002 0.0002
69.002498 4.65376996651 5.87054963205 -0.511436536499 -0.890544059819 4.51239400414 25.6351834359 0.0002 0.0002
69.002498 4.65376996651 5.87054963205 -0.511436536499 -0.890544059819 4.51239400414 25.6351834359 0.0002 0.0002
69.252498 4.70699864635 5.88032988936 -1.25915378618 2.62678619753 4.9499961731 25.1960362166 0.0002 0.0002
69.7 4.78798633318 5.89895770377 -1.49289178831 2.48647570057 6.18154207177 22.9078412907 0.0002 0.0002
69.7 4.78798633318 5.89895770377 -1.49289178831 2.48647570057 6.18154207177 22.9078412907 0.0002 0.0002
70.002498 4.8335588085 5.91261014437 -1.65089170377 2.39162999103 7.13253029056 21.4322240752 0.0002 0.0002
70.002498 4.8335588085 5.91261014437 -1.65089170377 2.39162999103 7.13253029056 21.4322240752 0.0002 0.0002
70.251298 4.86652988954 5.92454976861 -1.78084422896 2.31362083879 7.98634619062 20.2615576687 0.0002 0.0002
70.251298 4.86652988954 5.92454976861 -1.78084422896 2.31362083879 7.98634619062 20.2615576687 0.0002 0.0002
71.491298 4.98837517208 5.99579796526 -2.19319041118 1.92448012396 12.9565711052 15.0015934645 0.0002 0.0002
71.491298 4.98837517208 5.99579796526 -2.19319041118 1.92448012396 12.9565711052 15.0015934645 0.0002 0.0002
71.491298 4.98837517208 5.99579796526 -2.19319041118 1.92448012396 12.9565711052 15.0015934645 0.0002 0.0002
71.491298 4.98837517208 5.99579796526 -2.19319041118 1.92448012396 12.9565711052 15.0015934645 0.0002 0.0002
72.731298 5.06787044412 6.09388102397 -2.40617152372 1.53533940913 18.7088770991 10.7075648282 0.0002 0.0002
72.731298 5.06787044412 6.09388102397 -2.40617152372 1.53533940913 18.7088770991 10.7075648282 0.0002 0.0002
73.630098 5.11090727067 6.18994361378 -2.73235612771 1.25352821125 23.3273857522 8.20093061104 0.0002 0.0002
73.680098 5.11303894638 6.19608515502 -2.24621818795 1.06504403979 23.5764032157 8.08504329389 0.0002 0.0002
73.680098 5.11303894638 6.19608515502 -2.24621818795 1.06504403979 23.5764032157 8.08504329389 0.0002 0.0002
73.880098 5.12141008167 6.22133842822 -0.226986473013 0.34887812745 24.0738839545 7.80386030172 0.0002 0.0002
73.880098 5.12141008167 6.22133842822 -0.226986473013 0.34887812745 24.0738839545 7.80386030172 0.0002 0.0002
74.130098 5.1318630548 6.2534361366 2.30243485535 -0.518139940946 23.5503492728 7.84580274729 0.0002 0.0002
74.436612 5.14527958782 0.00852426691225 2.22042299581 -0.567695546548 22.1640300214 8.1786265259 0.0002 0.0002
74.436612 5.14527958782 0.00852426691225 2.22042299581 -0.567695546548 22.1640300214 8.1786265259 0.0002 0.0002
75.985612 5.22781707021 0.177895210301 1.80596763515 -0.818129892377 15.9271509341 10.3252701308 0.0002 0.0002
75.985612 5.22781707021 0.177895210301 1.80596763515 -0.818129892377 15.9271509341 10.3252701308 0.0002 0.0002
78.030098 5.39339038676 0.346677308915 1.25893846634 -1.14867186395 9.66099331826 14.3463687864 0.0002 0.0002
78.080098 5.39859793798 0.350149785224 1.04947145056 -0.859777020213 9.54561233734 14.4468256391 0.0002 0.0002
78.080098 5.39859793798 0.350149785224 1.04947145056 -0.859777020213 9.54561233734 14.4468256391 0.0002 0.0002
78.280098 5.41989857538 0.363904524114 0.246384435695 0.319069327426 9.28785212783 14.5555637111 0.0002 0.0002
78.280098 5.41989857538 0.363904524114 0.246384435695 0.319069327426 9.28785212783 14.5555637111 0.0002 0.0002
78.530098 5.44675752334 0.381323209903 -0.740636310509 1.75430618772 9.41036785697 14.0327354702 0.0002 0.0002
78.635898 5.45790713422 0.388963633747 -0.758046443818 1.72356314092 9.56892849238 13.6647768952 0.0002 0.0002
78.635898 5.45790713422 0.388963633747 -0.758046443818 1.72356314092 9.56892849238 13.6647768952 0.0002 0.0002
78.836612 5.47855149732 0.4040324313 -0.791075342657 1.66524026858 9.87985892263 12.9845966077 0.0002 0.0002
78.836612 5.47855149732 0.4040324313 -0.791075342657 1.66524026858 9.87985892263 12.9845966077 0.0002 0.0002
83.821298 5.82464252483 1.22053052652 -1.61134044442 0.216805155687 21.8551472626 3.60319112998 0.0002 0.0002
83.871298 5.82692258622 1.23444392901 -1.22584698738 0.138143182471 21.9970489556 3.58544900393 0.0002 0.0002
83.871298 5.82692258622 1.23444392901 -1.22584698738 0.138143182471 21.9970489556 3.58544900393 0.0002 0.0002
84.071298 5.83595692448 1.29033109617 0.345986393308 -0.174354863047 22.1738655835 3.59265697906 0.0002 0.0002
84.071298 5.83595692448 1.29033109617 0.345986393308 -0.174354863047 22.1738655835 3.59265697906 0.0002 0.0002
84.271298 5.84504809478 1.34515100176 1.89810311261 -0.496884111281 21.7228937571 3.72626784047 0.0002 0.0002
84.271298 5.84504809478 1.34515100176 1.89810311261 -0.496884111281 21.7228937571 3.72626784047 0.0002 0.0002
84.321298 5.84736060261 1.35847564624 2.27258862573 -0.581230710023 21.5142969573 3.78015751116 0.0002 0.0002
84.427098 5.85233380175 1.38600892395 2.24227292776 -0.618674208716 21.036624605 3.90710745156 0.0002 0.0002
84.427098 5.85233380175 1.38600892395 2.24227292776 -0.618674208716 21.036624605 3.90710745156 0.0002 0.0002
84.627812 5.86208324763 1.43575694252 2.18476078217 -0.689708560292 20.1480569609 4.16971819066 0.0002 0.0002
84.627812 5.86208324763 1.43575694252 2.18476078217 -0.689708560292 20.1480569609 4.16971819066 0.0002 0.0002
89.612498 0.072819628375 2.01579021437 0.756459881552 -2.45383033465 5.48699549557 19.8392725107 0.0002 0.0002
89.662498 0.0819917022926 2.01829588253 0.623418002767 -2.03157517804 5.41802679618 20.063624756 0.0002 0.0002
89.662498 0.0819917022926 2.01829588253 0.623418002767 -2.03157517804 5.41802679618 20.063624756 0.0002 0.0002
89.862498 0.119532907245 2.02812235752 0.112921375177 -0.272562914717 5.27161375793 20.5271651055 0.0002 0.0002
89.862498 0.119532907245 2.02812235752 0.112921375177 -0.272562914717 5.27161375793 20.5271651055 0.0002 0.0002
90.112498 0.166743889111 2.04037215471 -0.518127451868 1.93830566586 5.37200008237 20.106883804 0.0002 0.0002
90.218298 0.186237190594 2.04568820373 -0.543109329885 1.91327475317 5.48427893388 19.6993865957 0.0002 0.0002
90.218298 0.186237190594 2.04568820373 -0.543109329885 1.91327475317 5.48427893388 19.6993865957 0.0002 0.0002
90.419012 0.222106591801 2.05607924579 -0.590502644293 1.86578841473 5.71181072767 18.940875711 0.0002 0.0002
90.419012 0.222106591801 2.05607924579 -0.590502644293 1.86578841473 5.71181072767 18.940875711 0.0002 0.0002
95.297898 0.738503441152 2.51646334709 -1.74252282303 0.711507039998 17.0943760178 6.36654499906 0.0002 0.0002
95.297898 0.738503441152 2.51646334709 -1.74252282303 0.711507039998 17.0943760178 6.36654499906 0.0002 0.0002
95.403698 0.744626498089 2.53327872285 -1.76750470105 0.686476127317 17.4657369299 6.21863837996 0.0002 0.0002
95.453698 0.747475789198 2.54136075588 -1.41985623589 0.549168845193 17.6251591513 6.15687711608 0.0002 0.0002
95.453698 0.747475789198 2.54136075588 -1.41985623589 0.549168845193 17.6251591513 6.15687711608 0.0002 0.0002
95.653698 0.758702944525 2.57424104051 0.0141239197827 0.0168628443048 17.9078441677 6.04428226039 0.0002 0.0002
95.653698 0.758702944525 2.57424104051 0.0141239197827 0.0168628443048 17.9078441677 6.04428226039 0.0002 0.0002
95.903698 0.772784990024 2.6152599934 1.79432495841 -0.651016813234 17.4518517519 6.20148757631 0.0002 0.0002
101.194898 1.35957330348 3.11697379189 0.514990322861 -1.86584335102 5.23280273565 19.5186980774 0.0002 0.0002
101.244898 1.36917210473 3.11952410608 0.397624955781 -1.47750703345 5.18718740619 19.6859221865 0.0002 0.0002
101.244898 1.36917210473 3.11952410608 0.397624955781 -1.47750703345 5.18718740619 19.6859221865 0.0002 0.0002
101.444898 1.40809539758 3.12958679852 -0.0603654324602 0.119724159799 5.12009833916 19.958958625 0.0002 0.0002
101.444898 1.40809539758 3.12958679852 -0.0603654324602 0.119724159799 5.12009833916 19.958958625 0.0002 0.0002
101.694898 1.45633511829 3.14223801185 -0.641901221151 2.0932403021 5.29419470089 19.4009893004 0.0002 0.0002
101.800698 1.47606360499 3.14775425533 -0.670119588975 2.06389236081 5.4330065026 18.9611646647 0.0002 0.0002
101.800698 1.47606360499 3.14775425533 -0.670119588975 2.06389236081 5.4330065026 18.9611646647 0.0002 0.0002
102.001412 1.51209895181 3.1585757958 -0.72365287328 2.00821615392 5.71275614859 18.1438354763 0.0002 0.0002
102.001412 1.51209895181 3.1585757958 -0.72365287328 2.00821615392 5.71275614859 18.1438354763 0.0002 0.0002
104.444898 1.82780075646 3.34111894801 -1.37536541318 1.33041574108 10.8416779453 9.98593518167 0.0002 0.0002
104.444898 1.82780075646 3.34111894801 -1.37536541318 1.33041574108 10.8416779453 9.98593518167 0.0002 0.0002
106.986098 2.0032293968 3.70839612243 -2.05313966946 0.62551036855 19.5541950613 5.01553575187 0.0002 0.0002
107.036098 2.00577389374 3.71842393657 -1.66388761723 0.510582350253 19.7401096028 4.95875041 0.0002 0.0002
107.036098 2.00577389374 3.71842393657 -1.66388761723 0.510582350253 19.7401096028 4.95875041 0.0002 0.0002
107.236098 2.0157908642 3.75935476049 -0.0552984007133 0.0671249110413 20.08582843 4.84383305303 0.0002 0.0002
107.236098 2.0157908642 3.75935476049 -0.0552984007133 0.0671249110413 20.08582843 4.84383305303 0.0002 0.0002
107.486098 2.0283349056 3.81066410964 1.94813218135 -0.484359607718 19.6085587329 4.94726457837 0.0002 0.0002
107.792612 2.04445612651 3.87074289585 1.87317502741 -0.560851065742 18.4372745751 5.26763628273 0.0002 0.0002
107.792612 2.04445612651 3.87074289585 1.87317502741 -0.560851065742 18.4372745751 5.26763628273 0.0002 0.0002
112.046858 2.43046080288 4.37806369303 0.832810893018 -1.62251049837 6.92534479701 14.5561934834 0.0002 0.0002
112.046858 2.43046080288 4.37806369303 0.832810893018 -1.62251049837 6.92534479701 14.5561934834 0.0002 0.0002
112.777298 2.54557991147 4.42443308795 0.654183804146 -1.80479391967 5.83918439042 17.0596337225 0.0002 0.0002
112.827298 2.55418784591 4.42734953486 0.524643209091 -1.46747155632 5.7802629765 17.223302383 0.0002 0.0002
112.827298 2.55418784591 4.42734953486 0.524643209091 -1.46747155632 5.7802629765 17.223302383 0.0002 0.0002
113.027298 2.58922067166 4.43882781628 0.0226471083652 -0.0726353298115 5.67139371039 17.533002341 0.0002 0.0002
113.027298 2.58922067166 4.43882781628 0.0226471083652 -0.0726353298115 5.67139371039 17.533002341 0.0002 0.0002
113.227298 2.62430915246 4.45028699085 -0.477869630422 1.32689450584 5.76194846773 17.2807834738 0.0002 0.0002
113.227298 2.62430915246 4.45028699085 -0.477869630422 1.32689450584 5.76194846773 17.2807834738 0.0002 0.0002
113.277298 2.6329478112 4.45319250821 -0.606571043843 1.66683469267 5.816152161 17.1310463418 0.0002 0.0002
113.383098 2.65093806564 4.45943258656 -0.631454647988 1.64349997387 5.94713527919 16.780812934 0.0002 0.0002
113.383098 2.65093806564 4.45943258656 -0.631454647988 1.64349997387 5.94713527919 16.780812934 0.0002 0.0002
113.583812 2.6839714948 4.47163274339 -0.678661526272 1.59923149799 6.21009393699 16.1299513294 0.0002 0.0002
113.583812 2.6839714948 4.47163274339 -0.678661526272 1.59923149799 6.21009393699 16.1299513294 0.0002 0.0002
115.622798 2.94628846675 4.62876652624 -1.158220321 1.14952294472 9.95547030723 10.5252795033 0.0002 0.0002
115.622798 2.94628846675 4.62876652624 -1.158220321 1.14952294472 9.95547030723 10.5252795033 0.0002 0.0002
117.267498 3.08408130835 4.81698836967 -1.54504512004 0.786776139406 14.4015309781 7.34064839961 0.0002 0.0002
117.267498 3.08408130835 4.81698836967 -1.54504512004 0.786776139406 14.4015309781 7.34064839961 0.0002 0.0002
118.462698 3.15750812107 5.00160341617 -1.82614988067 0.523168805724 18.4307832429 5.77500220119 0.0002 0.0002
118.462698 3.15750812107 5.00160341617 -1.82614988067 0.523168805724 18.4307832429 5.77500220119 0.0002 0.0002
118.568498 3.16318890497 5.02009893917 -1.85103348481 0.49983408693 18.819829243 5.66676849515 0.0002 0.0002
118.618498 3.16583356388 5.02895814012 -1.47558029555 0.374207311157 18.9862164734 5.62308126894 0.0002 0.0002
118.618498 3.16583356388 5.02895814012 -1.47558029555 0.374207311157 18.9862164734 5.62308126894 0.0002 0.0002
118.818498 3.17626180341 5.06479293999 0.0707457004926 -0.118079357662 19.2687209631 5.57213237244 0.0002 0.0002
118.818498 3.17626180341 5.06479293999 0.0707457004926 -0.118079357662 19.2687209631 5.57213237244 0.0002 0.0002
119.068498 3.18935892625 5.10902043253 1.98537422899 -0.748132236066 18.750279383 5.78686424186 0.0002 0.0002
122.440498 3.4620932169 5.49451452114 1.09667019555 -1.65696893822 8.35762558351 13.8968654016 0.0002 0.0002
122.440498 3.4620932169 5.49451452114 1.09667019555 -1.65696893822 8.35762558351 13.8968654016 0.0002 0.0002
124.359698 3.75989541438 5.60643051645 0.590857389802 -2.1742404088 5.1189226417 21.2497223803 0.0002 0.0002
124.409698 3.76971613612 5.60877229617 0.474870619949 -1.75215202803 5.06565426518 21.4461084607 0.0002 0.0002
124.409698 3.76971613612 5.60877229617 0.474870619949 -1.75215202803 5.06565426518 21.4461084607 0.0002 0.0002
124.609698 3.80971019092 5.6179969989 0.0256076191691 -0.0101985795633 4.96609705239 21.8004993891 0.0002 0.0002
124.609698 3.80971019092 5.6179969989 0.0256076191691 -0.0101985795633 4.96609705239 21.8004993891 0.0002 0.0002
124.859698 3.85965227785 5.62956075331 -0.537020519604 2.15486983312 5.09287955708 21.2597492816 0.0002 0.0002
124.965498 3.88019428873 5.63459119713 -0.563785686607 2.12678490685 5.2093448537 20.8067502101 0.0002 0.0002
124.965498 3.88019428873 5.63459119713 -0.563785686607 2.12678490685 5.2093448537 20.8067502101 0.0002 0.0002
125.166212 3.91788687052 5.64443951631 -0.614562092371 2.07350477557 5.44585574981 19.9636932668 0.0002 0.0002
125.166212 3.91788687052 5.64443951631 -0.614562092371 2.07350477557 5.44585574981 19.9636932668 0.0002 0.0002
129.341898 4.39832996496 5.99825075949 -1.67092251904 0.965056444664 14.9893218449 7.27561571933 0.0002 0.0002
129.341898 4.39832996496 5.99825075949 -1.67092251904 0.965056444664 14.9893218449 7.27561571933 0.0002 0.0002
130.150898 4.44779665456 6.1221720628 -1.87558244442 0.750304976355 17.8584443603 5.88788832973 0.0002 0.0002
130.200898 4.45058275949 6.13071539697 -1.52055493753 0.618431411453 18.0283089525 5.81947475535 0.0002 0.0002
130.200898 4.45058275949 6.13071539697 -1.52055493753 0.618431411453 18.0283089525 5.81947475535 0.0002 0.0002
130.400898 4.46155066058 6.16562111528 -0.0532790745747 0.110924947001 18.344798293 5.67439140498 0.0002 0.0002
130.400898 4.46155066058 6.16562111528 -0.0532790745747 0.110924947001 18.344798293 5.67439140498 0.0002 0.0002
130.650898 4.47528453947 6.20949278551 1.77440950419 -0.517051175023 17.9108228392 5.77506916639 0.0002 0.0002
130.756698 4.48125408211 6.22763901242 1.74990396464 -0.540269039783 17.5379504742 5.88693364512 0.0002 0.0002
130.756698 4.48125408211 6.22763901242 1.74990396464 -0.540269039783 17.5379504742 5.88693364512 0.0002 0.0002
135.061658 4.88760061946 0.427256721162 0.752783288188 -1.48499473992 6.76398195824 14.6056132062 0.0002 0.0002
135.061658 4.88760061946 0.427256721162 0.752783288188 -1.48499473992 6.76398195824 14.6056132062 0.0002 0.0002
135.792098 5.00460891794 0.473776699306 0.58359778428 -1.64529017598 5.78783576767 16.8920985202 0.0002 0.0002
135.842098 5.01328832993 0.476723301732 0.455603801501 -1.31018662062 5.73589326373 17.0399223847 0.0002 0.0002
135.842098 5.01328832993 0.476723301732 0.455603801501 -1.31018662062 5.73589326373 17.0399223847 0.0002 0.0002
136.042098 5.04851111748 0.488344197205 -0.0429643652547 0.0695184504043 5.65380931092 17.2894082377 0.0002 0.0002
136.042098 5.04851111748 0.488344197205 -0.0429643652547 0.0695184504043 5.65380931092 17.2894082377 0.0002 0.0002
136.242098 5.08362766338 0.499983898483 -0.544339064555 1.44473132135 5.77063815175 16.9849078845 0.0002 0.0002
136.242098 5.08362766338 0.499983898483 -0.544339064555 1.44473132135 5.77063815175 16.9849078845 0.0002 0.0002
136.292098 5.09224842535 0.502941258184 -0.673925078672 1.77732938755 5.83153075519 16.8237503122 0.0002 0.0002
136.397898 5.11017010635 0.509300985591 -0.700307811216 1.75117519567 5.97692459494 16.4504345273 0.0002 0.0002
136.397898 5.11017010635 0.509300985591 -0.700307811216 1.75117519567 5.97692459494 16.4504345273 0.0002 0.0002
139.002498 5.4324148916 0.724964523253 -1.34980181106 1.10730744367 11.3166401171 9.00523064482 0.0002 0.0002
139.002498 5.4324148916 0.724964523253 -1.34980181106 1.10730744367 11.3166401171 9.00523064482 0.0002 0.0002
141.496798 5.60068016814 1.10505528406 -1.97179093944 0.490706301923 19.6016889147 5.01930495917 0.0002 0.0002
141.633298 5.60756943113 1.1325292811 -0.710724605465 0.138940645352 19.9689335355 4.93361015842 0.0002 0.0002
141.633298 5.60756943113 1.1325292811 -0.710724605465 0.138940645352 19.9689335355 4.93361015842 0.0002 0.0002
141.833298 5.61757671508 1.17301799802 1.16949258259 -0.371015764324 19.8765959072 4.9797341853 0.0002 0.0002
141.833298 5.61757671508 1.17301799802 1.16949258259 -0.371015764324 19.8765959072 4.9797341853 0.0002 0.0002
142.169798 5.63516843137 1.23772241758 4.0642754835 -1.31378637659 18.0832487984 5.53674500565 0.0002 0.0002
147.464298 1.49830878261 1.63858582685 -1.06482641524 -3.92055089335 2.20266570644 33.2499436814 0.0002 0.0002
147.774298 1.61924129827 1.64765241399 -1.60204923449 -1.26706281797 3.02264325245 34.8715043839 0.0002 0.0002
147.774298 1.61924129827 1.64765241399 -1.60204923449 -1.26706281797 3.02264325245 34.8715043839 0.0002 0.0002
147.974298 1.67881123692 1.65336580752 -2.02955510595 0.528053603695 3.74648014247 35.0198158843 0.0002 0.0002
147.974298 1.67881123692 1.65336580752 -2.02955510595 0.528053603695 3.74648014247 35.0198158843 0.0002 0.0002
148.484298 1.78326356656 1.66838013314 -3.550372082 4.83829340963 6.53035539694 32.2201825761 0.0002 0.0002
148.795099 1.82395481446 1.67849818174 -4.19788534232 4.60283951596 8.93852155268 29.2858690217 0.0002 0.0002
148.795099 1.82395481446 1.67849818174 -4.19788534232 4.60283951596 8.93852155268 29.2858690217 0.0002 0.0002
149.451742 1.88004309113 1.70349513797 -5.56591520642 4.10538567542 15.3498528364 23.5676739074 0.0002 0.0002
149.761742 1.89839970459 1.71722045377 -4.00470224926 1.29288191322 18.3538368361 21.9145233981 0.0002 0.0002
149.761742 1.89839970459 1.71722045377 -4.00470224926 1.29288191322 18.3538368361 21.9145233981 0.0002 0.0002
149.961742 1.90889217823 1.72640791566 -2.66885982139 -0.394408688124 19.695434534 21.7357443945 0.0002 0.0002
149.961742 1.90889217823 1.72640791566 -2.66885982139 -0.394408688124 19.695434534 21.7357443945 0.0002 0.0002
150.471742 1.93389244171 1.74891398857 1.26075311635 -5.05731743199 20.4385079884 24.4269974014 0.0002 0.0002
150.968217 1.95894577814 1.76734230348 1.19785120448 -5.5974799238 19.2178724082 29.7168379186 0.0002 0.0002
150.968217 1.95894577814 1.76734230348 1.19785120448 -5.5974799238 19.2178724082 29.7168379186 0.0002 0.0002
150.968217 1.95894577814 1.76734230348 1.19785120448 -5.5974799238 19.2178724082 29.7168379186 0.0002 0.0002
153.973287 2.14903046021 1.83182564698 0.817117736918 -8.86698211278 13.1627496915 73.1835588508 0.0002 0.0002
154.283287 2.17284862066 1.83593944328 -0.201717748979 -3.30015650062 12.9734622741 76.9853232709 0.0002 0.0002
154.283287 2.17284862066 1.83593944328 -0.201717748979 -3.30015650062 12.9734622741 76.9853232709 0.0002 0.0002
154.483287 2.18816575238 1.83852364604 -0.863158252513 0.489866999207 13.1857429121 77.5492286344 0.0002 0.0002
154.483287 2.18816575238 1.83852364604 -0.863158252513 0.489866999207 13.1857429121 77.5492286344 0.0002 0.0002
154.993287 2.22482549986 1.84526588876 -2.76868349995 9.72420960789 14.9995309943 72.2262403496 0.0002 0.0002
155.304088 2.24441947394 1.84975694638 -2.94824109635 9.31299864227 16.7763568758 66.3094569882 0.0002 0.0002
155.304088 2.24441947394 1.84975694638 -2.94824109635 9.31299864227 16.7763568758 66.3094569882 0.0002 0.0002
155.960731 2.27949660018 1.86066526632 -3.32760036086 8.44421507307 20.8973442378 54.6493069025 0.0002 0.0002
156.270731 2.29367661543 1.86660266607 -2.78102176503 6.45146926266 22.7972550506 50.0467365012 0.0002 0.0002
156.270731 2.29367661543 1.86660266607 -2.78102176503 6.45146926266 22.7972550506 50.0467365012 0.0002 0.0002
156.470731 2.30225188278 1.87069892431 -2.3689351799 5.3055674501 23.8286554245 47.6985352588 0.0002 0.0002
156.470731 2.30225188278 1.87069892431 -2.3689351799 5.3055674501 23.8286554245 47.6985352588 0.0002 0.0002
156.980731 2.32279294594 1.8819280898 -1.16005407211 2.7373561709 25.6445952353 43.6326872832 0.0002 0.0002
157.477206 2.34172527197 1.8936718611 -1.20546691768 2.64071712752 26.8190172687 40.9626083424 0.0002 0.0002
157.477206 2.34172527197 1.8936718611 -1.20546691768 2.64071712752 26.8190172687 40.9626083424 0.0002 0.0002
157.477206 2.34172527197 1.8936718611 -1.20546691768 2.64071712752 26.8190172687 40.9626083424 0.0002 0.0002
158.548502 2.37981710608 1.92175769032 -1.30345896118 2.43218896271 29.506819527 35.5280243396 0.0002 0.0002
158.548502 2.37981710608 1.92175769032 -1.30345896118 2.43218896271 29.506819527 35.5280243396 0.0002 0.0002
158.813005 2.38867747476 1.92933975088 -1.32765319833 2.38070335539 30.2027565865 34.2549998827 0.0002 0.0002
158.813005 2.38867747476 1.92933975088 -1.32765319833 2.38070335539 30.2027565865 34.2549998827 0.0002 0.0002
165.740498 2.56272293802 2.30119789267 -1.96131485246 1.03226426665 52.9870597356 10.6116905718 0.0002 0.0002
165.740498 2.56272293802 2.30119789267 -1.96131485246 1.03226426665 52.9870597356 10.6116905718 0.0002 0.0002
168.065698 2.6031058484 2.57713898893 -2.17400219523 0.579663221929 62.6024989349 6.86363677533 0.0002 0.0002
168.065698 2.6031058484 2.57713898893 -2.17400219523 0.579663221929 62.6024989349 6.86363677533 0.0002 0.0002
168.277698 2.60646753273 2.60857914025 -2.19339395364 0.538397343088 63.5283869185 6.62660793554 0.0002 0.0002
168.277698 2.60646753273 2.60857914025 -2.19339395364 0.538397343088 63.5283869185 6.62660793554 0.0002 0.0002
