0.0 0.0 0.0 -1.25287976099 0.789987518004 5.79735938488 9.99584375794 0.0002 0.0002
0.0 0.0 0.0 -1.25287976099 0.789987518004 5.79735938488 9.99584375794 0.0002 0.0002
0.0 0.0 0.0 -1.25287976099 0.789987518004 5.79735938488 9.99584375794 0.0002 0.0002
0.423 0.066753540216 0.0437532690482 -1.4403765648 0.721260357547 6.93660681069 9.35658590658 0.0002 0.0002
0.423 0.066753540216 0.0437532690482 -1.4403765648 0.721260357547 6.93660681069 9.35658590658 0.0002 0.0002
0.877 0.126493679056 0.0939926370906 -1.64161426913 0.647496454835 8.3358306493 8.73517031376 0.0002 0.0002
0.877 0.126493679056 0.0939926370906 -1.64161426913 0.647496454835 8.3358306493 8.73517031376 0.0002 0.0002
1.357 0.179054848887 0.150908639629 -1.85437659969 0.569508187651 10.0139062663 8.15100808537 0.0002 0.0002
1.357 0.179054848887 0.150908639629 -1.85437659969 0.569508187651 10.0139062663 8.15100808537 0.0002 0.0002
1.89 0.227461469232 0.218724550225 -2.09063143759 0.482908715965 12.1165955502 7.59006987574 0.0002 0.0002
1.89 0.227461469232 0.218724550225 -2.09063143759 0.482908715965 12.1165955502 7.59006987574 0.0002 0.0002
2.475 0.271287727347 0.298608182672 -2.34993552796 0.387860515334 14.714327225 7.08066987543 0.0002 0.0002
2.475 0.271287727347 0.298608182672 -2.34993552796 0.387860515334 14.714327225 7.08066987543 0.0002 0.0002
3.06 0.30763187344 0.383756269393 -2.60923961834 0.292812314703 17.6154446856 6.68247626986 0.0002 0.0002
3.06 0.30763187344 0.383756269393 -2.60923961834 0.292812314703 17.6154446856 6.68247626986 0.0002 0.0002
3.645 0.33818367368 0.473361134349 -2.86854370871 0.197764114072 20.819947932 6.39548905903 0.0002 0.0002
3.645 0.33818367368 0.473361134349 -2.86854370871 0.197764114072 20.819947932 6.39548905903 0.0002 0.0002
4.6635 0.381056842021 0.636334330528 -3.31999877888 0.0322827596395 27.1229784556 6.16118631815 0.0002 0.0002
5.0 0.393275533142 0.68962794033 2.9466501061 -1.50789321957 27.2519470949 6.64533124673 0.0002 0.0002
5.0 0.393275533142 0.68962794033 2.9466501061 -1.50789321957 27.2519470949 6.64533124673 0.0002 0.0002
5.3365 0.406442290767 0.735547309062 8.32634033917 -3.52593149772 23.3578332421 8.29691936867 0.0002 0.0002
5.7585 0.427704833722 0.778648441223 7.0557433696 -4.20912307319 16.866593917 11.5611123976 0.0002 0.0002
6.025 0.445141630862 0.800001877815 3.52089764915 -1.97658514091 14.0965294693 13.2392607424 0.0002 0.0002
6.025 0.445141630862 0.800001877815 3.52089764915 -1.97658514091 14.0965294693 13.2392607424 0.0002 0.0002
6.2915 0.465018789981 0.819693318601 0.743291012679 0.666344944999 12.9797214591 13.5947216436 0.0002 0.0002
6.973 0.519601798259 0.871509033735 0.661778002888 0.593956804405 12.022166925 12.7358260014 0.0002 0.0002
6.973 0.519601798259 0.871509033735 0.661778002888 0.593956804405 12.022166925 12.7358260014 0.0002 0.0002
7.482 0.563133200077 0.912423969958 0.600897413037 0.539891413998 11.3794651383 12.1586972582 0.0002 0.0002
7.482 0.563133200077 0.912423969958 0.600897413037 0.539891413998 11.3794651383 12.1586972582 0.0002 0.0002
7.992 0.609158621209 0.955314830879 0.539897214954 0.48571980475 10.797659878 11.6356355367 0.0002 0.0002
7.992 0.609158621209 0.955314830879 0.539897214954 0.48571980475 10.797659878 11.6356355367 0.0002 0.0002
8.498 0.657200049455 0.999711114139 0.479375449798 0.431973070868 10.2819079096 11.1712829416 0.0002 0.0002
8.498 0.657200049455 0.999711114139 0.479375449798 0.431973070868 10.2819079096 11.1712829416 0.0002 0.0002
8.9873 0.705861015825 1.04432598128 0.420851142108 0.380000191642 9.84142703819 10.7739844242 0.0002 0.0002
8.9873 0.705861015825 1.04432598128 0.420851142108 0.380000191642 9.84142703819 10.7739844242 0.0002 0.0002
9.4566 0.75448543446 1.0885888119 0.364718999049 0.330151689249 9.47275897095 10.4407101465 0.0002 0.0002
9.4566 0.75448543446 1.0885888119 0.364718999049 0.330151689249 9.47275897095 10.4407101465 0.0002 0.0002
9.9277 0.805092981339 1.1343606076 0.308371561173 0.280111992941 9.15566600803 10.1532149259 0.0002 0.0002
9.9277 0.805092981339 1.1343606076 0.308371561173 0.280111992941 9.15566600803 10.1532149259 0.0002 0.0002
16.240021 1.52426352844 1.77965505857 -0.446633990515 -0.390375431889 10.0284228443 10.8492331471 0.0002 0.0002
16.240021 1.52426352844 1.77965505857 -0.446633990515 -0.390375431889 10.0284228443 10.8492331471 0.0002 0.0002
17.480021 1.64187692492 1.88872657728 -0.384257937794 -0.522205025018 11.0678384446 11.9818486835 0.0002 0.0002
17.480021 1.64187692492 1.88872657728 -0.384257937794 -0.522205025018 11.0678384446 11.9818486835 0.0002 0.0002
17.480021 1.64187692492 1.88872657728 -0.384257937794 -0.522205025018 11.0678384446 11.9818486835 0.0002 0.0002
17.480021 1.64187692492 1.88872657728 -0.384257937794 -0.522205025018 11.0678384446 11.9818486835 0.0002 0.0002
18.720021 1.74977852503 1.98667943932 -0.285913571929 -0.654034618147 11.9061986433 13.4416950832 0.0002 0.0002
18.720021 1.74977852503 1.98667943932 -0.730698711653 -0.151887257365 11.9061986433 13.4416950832 0.0002 0.0002
20.0 1.84912574858 2.08027209005 -0.895603247829 -0.249308585053 13.9878309991 13.9552173364 0.0002 0.0002
20.0 1.84912574858 2.08027209005 -0.895603247829 -0.249308585053 13.9878309991 13.9552173364 0.0002 0.0002
22.328798 1.99300877461 2.23913320462 -1.195631103 -0.426557268883 18.8578933729 15.5291723853 0.0002 0.0002
22.595298 2.00671248327 2.25641467252 -4.46621585282 2.024498567 20.3455124189 15.0971098655 0.0002 0.0002
22.595298 2.00671248327 2.25641467252 -4.46621585282 2.024498567 20.3455124189 15.0971098655 0.0002 0.0002
22.861798 2.01892176798 2.27499619924 -8.51611981222 4.13227919439 23.7565494793 13.4323973281 0.0002 0.0002
23.218798 2.03224346402 2.30484388638 -9.62100139147 3.65187082566 30.2315017491 10.6534557709 0.0002 0.0002
23.355298 2.03658609395 2.31823262492 -7.37645205425 2.67215690268 32.560312643 9.79341884738 0.0002 0.0002
23.355298 2.03658609395 2.31823262492 -7.37645205425 2.67215690268 32.560312643 9.79341884738 0.0002 0.0002
23.555298 2.04250747847 2.33964956452 -3.52758953226 1.44169902635 34.7586829936 8.97714780245 0.0002 0.0002
23.555298 2.04250747847 2.33964956452 -3.52758953226 1.44169902635 34.7586829936 8.97714780245 0.0002 0.0002
23.891798 2.05207843963 2.37833601978 3.50019843333 -0.368960897343 34.7681140018 8.62410670828 0.0002 0.0002
27.336298 2.20259346535 2.71332197382 2.18737457241 -0.822736262327 15.1772687836 12.7289075748 0.0002 0.0002
27.336298 2.20259346535 2.71332197382 2.18737457241 -0.822736262327 15.1772687836 12.7289075748 0.0002 0.0002
28.003298 2.25117642619 2.7635144888 1.9331566844 -0.910606248811 12.4288744353 13.8850470297 0.0002 0.0002
28.003298 2.25117642619 2.7635144888 1.9331566844 -0.910606248811 12.4288744353 13.8850470297 0.0002 0.0002
28.805298 2.32476680989 2.81833331264 1.62748540077 -1.01626101517 9.57323948296 15.4303945754 0.0002 0.0002
28.855298 2.33003189809 2.82156455936 1.33893424376 -0.578920861897 9.42498918021 15.5101917204 0.0002 0.0002
28.855298 2.33003189809 2.82156455936 1.33893424376 -0.578920861897 9.42498918021 15.5101917204 0.0002 0.0002
29.055298 2.35169933933 2.83446085464 0.245460495365 1.17833911104 9.11050572738 15.3893850452 0.0002 0.0002
29.055298 2.35169933933 2.83446085464 0.245460495365 1.17833911104 9.11050572738 15.3893850452 0.0002 0.0002
29.305298 2.37899264545 2.85122552105 -1.101032978 3.20638805511 9.32188517453 14.2799470277 0.0002 0.0002
32.666098 2.63156295916 3.61577835318 -1.89861941447 0.551411078272 19.4031169352 1.6507357002 0.0002 0.0002
32.716098 2.63412865605 3.64655617499 -1.29271293247 0.461455138698 19.5627675447 1.6001190132 0.0002 0.0002
32.716098 2.63412865605 3.64655617499 -1.29271293247 0.461455138698 19.5627675447 1.6001190132 0.0002 0.0002
32.916098 2.64430311948 3.77727532781 1.17362008437 0.125350127928 19.5867886343 1.4837358791 0.0002 0.0002
32.916098 2.64430311948 3.77727532781 1.17362008437 0.125350127928 19.5867886343 1.4837358791 0.0002 0.0002
33.166098 2.65743598596 3.94552271711 4.06306948166 -0.280667353738 18.2601230354 1.52206246857 0.0002 0.0002
36.526898 3.28789754613 4.88342652806 0.840600517365 -2.66266170903 1.77986890271 11.4140027827 0.0002 0.0002
36.576898 3.31664020394 4.88775960415 0.720633359552 -2.20383382085 1.70186228825 11.6574995375 0.0002 0.0002
36.576898 3.31664020394 4.88775960415 0.720633359552 -2.20383382085 1.70186228825 11.6574995375 0.0002 0.0002
36.776898 3.44279603363 4.90447172214 0.29243112557 -0.222914926922 1.50150808905 12.1484086318 0.0002 0.0002
36.776898 3.44279603363 4.90447172214 0.29243112557 -0.222914926922 1.50150808905 12.1484086318 0.0002 0.0002
37.026898 3.61297693893 4.92532132188 -0.192683526336 2.26322978138 1.47700231019 11.6291296965 0.0002 0.0002
37.333412 3.80993521517 4.95334345734 -0.407912659763 2.1018640703 1.66109344957 10.2911673197 0.0002 0.0002
37.333412 3.80993521517 4.95334345734 -0.407912659763 2.1018640703 1.66109344957 10.2911673197 0.0002 0.0002
40.387698 4.62003966825 5.62129221303 -2.5525824922 0.493921097951 10.7032923453 2.36289702128 0.0002 0.0002
40.437698 4.62465937959 5.64265716849 -2.10854003108 0.366119553188 10.9365186833 2.31992634018 0.0002 0.0002
40.437698 4.62465937959 5.64265716849 -2.10854003108 0.366119553188 10.9365186833 2.31992634018 0.0002 0.0002
40.637698 4.64246655528 5.73039273183 -0.188932967562 -0.123838638145 11.4014542725 2.27202808315 0.0002 0.0002
40.637698 4.64246655528 5.73039273183 -0.188932967562 -0.123838638145 11.4014542725 2.27202808315 0.0002 0.0002
40.887698 4.66470501698 5.83663351661 2.21532726913 -0.769206347334 10.885407082 2.49130367264 0.0002 0.0002
41.194212 4.69472760618 5.94856033709 2.04897748969 -0.965036233478 9.57833797311 3.02287330306 0.0002 0.0002
41.194212 4.69472760618 5.94856033709 2.04897748969 -0.965036233478 9.57833797311 3.02287330306 0.0002 0.0002
44.248498 5.43843837323 0.138238903508 0.391370325134 -2.91640054189 2.12481780715 14.877891306 0.0002 0.0002
44.298498 5.46216715533 0.141569293915 0.275664336662 -2.30620861927 2.09148961543 15.1392063961 0.0002 0.0002
44.298498 5.46216715533 0.141569293915 0.275664336662 -2.30620861927 2.09148961543 15.1392063961 0.0002 0.0002
44.498498 5.5589538151 0.154531222457 -0.173340996173 0.276025237324 2.07125316849 15.5498957036 0.0002 0.0002
44.498498 5.5589538151 0.154531222457 -0.173340996173 0.276025237324 2.07125316849 15.5498957036 0.0002 0.0002
44.748498 5.674657522 0.170971394107 -0.775442760631 3.41097751464 2.3043468506 14.6115131717 0.0002 0.0002
44.854298 5.71896328103 0.178395489968 -0.848964137855 3.31949086319 2.47620910046 13.8994296173 0.0002 0.0002
44.854298 5.71896328103 0.178395489968 -0.848964137855 3.31949086319 2.47620910046 13.8994296173 0.0002 0.0002
45.055012 5.79465659037 0.193561828949 -0.988442112411 3.14593082767 2.84500225858 12.6017289681 0.0002 0.0002
45.055012 5.79465659037 0.193561828949 -0.988442112411 3.14593082767 2.84500225858 12.6017289681 0.0002 0.0002
48.109298 0.0 0.98906797338 -3.1108930874 0.504849554508 15.3655443687 1.45120155772 0.0002 0.0002
48.159298 0.0 1.02409173727 -2.45990950249 0.400105082221 15.6442880208 1.40598682945 0.0002 0.0002
48.159298 0.0 1.02409173727 -2.45990950249 0.400105082221 15.6442880208 1.40598682945 0.0002 0.0002
48.359298 0.00742304561014 1.17199611534 0.299861695447 0.00743573978861 16.0814154512 1.32541756938 0.0002 0.0002
48.359298 0.00742304561014 1.17199611534 0.299861695447 0.00743573978861 16.0814154512 1.32541756938 0.0002 0.0002
48.609298 0.0233332371903 1.35541768368 3.64613339189 -0.488319627763 15.0765089308 1.44349141228 0.0002 0.0002
48.715098 0.030534924319 1.42606179449 3.54582265334 -0.579091661398 14.3155999812 1.55642352667 0.0002 0.0002
48.715098 0.030534924319 1.42606179449 3.54582265334 -0.579091661398 14.3155999812 1.55642352667 0.0002 0.0002
48.915812 0.0452880012082 1.54548798606 3.35552237377 -0.751295989933 12.9304034154 1.82345095372 0.0002 0.0002
48.915812 0.0452880012082 1.54548798606 3.35552237377 -0.751295989933 12.9304034154 1.82345095372 0.0002 0.0002
51.970098 0.895554908879 2.18363609575 0.459703050355 -3.37174732757 1.27761381568 14.4164044358 0.0002 0.0002
52.020098 0.935357664323 2.1870666594 0.359956189086 -2.79017897857 1.23665977784 14.724718562 0.0002 0.0002
52.020098 0.935357664323 2.1870666594 0.359956189086 -2.79017897857 1.23665977784 14.724718562 0.0002 0.0002
52.220098 1.10344740793 2.20029693399 -0.0166126600995 -0.279570303479 1.16875676446 15.345702526 0.0002 0.0002
52.220098 1.10344740793 2.20029693399 -0.0166126600995 -0.279570303479 1.16875676446 15.345702526 0.0002 0.0002
52.470098 1.30993393561 2.2168040105 -0.496511322937 2.8708109352 1.29481944813 14.6862049929 0.0002 0.0002
52.575898 1.38829762451 2.22416005353 -0.598365049212 2.80423440542 1.4106573683 14.0857851958 0.0002 0.0002
52.575898 1.38829762451 2.22416005353 -0.598365049212 2.80423440542 1.4106573683 14.0857851958 0.0002 0.0002
55.830898 2.15807172146 2.80510121601 -3.73195558818 0.755967822928 15.505851043 2.49732694255 0.0002 0.0002
55.880898 2.16126025615 2.82541247103 -3.08571999359 0.618259852655 15.846983814 2.42866565983 0.0002 0.0002
55.880898 2.16126025615 2.82541247103 -3.08571999359 0.618259852655 15.846983814 2.42866565983 0.0002 0.0002
56.080898 2.1735456657 2.91091874811 -0.290529583829 0.110194623129 16.5302304566 2.28465244289 0.0002 0.0002
56.080898 2.1735456657 2.91091874811 -0.290529583829 0.110194623129 16.5302304566 2.28465244289 0.0002 0.0002
56.330898 2.18888173005 3.01925311142 3.21335208983 -0.511009478577 15.7858947843 2.3830671216 0.0002 0.0002
56.436698 2.19573132727 3.06263755497 3.13744560209 -0.566999352088 15.1139803885 2.49712045588 0.0002 0.0002
56.436698 2.19573132727 3.06263755497 3.13744560209 -0.566999352088 15.1139803885 2.49712045588 0.0002 0.0002
59.691698 2.78193377747 3.70583979523 0.802137307253 -2.28956115054 2.29063801859 11.795224892 0.0002 0.0002
59.741698 2.80413115435 3.71004096657 0.672427017517 -1.80725044079 2.21696182078 12.0002102405 0.0002 0.0002
59.741698 2.80413115435 3.71004096657 0.672427017517 -1.80725044079 2.21696182078 12.0002102405 0.0002 0.0002
59.941698 2.89874840802 3.72639839328 0.200278572013 0.232455551147 2.04436633822 12.3187766216 0.0002 0.0002
59.941698 2.89874840802 3.72639839328 0.200278572013 0.232455551147 2.04436633822 12.3187766216 0.0002 0.0002
60.191698 3.02126857404 3.7471553565 -0.358398395281 2.70609155705 2.08321292413 11.5708901633 0.0002 0.0002
60.498212 3.16013401829 3.77568328019 -0.52443305183 2.4856162959 2.35381312231 9.97955902243 0.0002 0.0002
60.498212 3.16013401829 3.77568328019 -0.52443305183 2.4856162959 2.35381312231 9.97955902243 0.0002 0.0002
62.097498 3.62453816219 4.03599435919 -1.39074552609 1.33525122776 5.41673140947 3.86889908397 0.0002 0.0002
62.097498 3.62453816219 4.03599435919 -1.39074552609 1.33525122776 5.41673140947 3.86889908397 0.0002 0.0002
63.552498 3.81765848071 4.68294833835 -2.17890014636 0.288670957477 10.6105658629 1.50609230444 0.0002 0.0002
63.602498 3.82232528168 4.71643765904 -1.86276183093 0.205750075037 10.8127558875 1.48138431658 0.0002 0.0002
63.602498 3.82232528168 4.71643765904 -1.86276183093 0.205750075037 10.8127558875 1.48138431658 0.0002 0.0002
63.802498 3.84035162526 4.85324793408 -0.50116554631 -0.118030657524 11.2895824027 1.4639873717 0.0002 0.0002
63.802498 3.84035162526 4.85324793408 -0.50116554631 -0.118030657524 11.2895824027 1.4639873717 0.0002 0.0002
64.052498 3.86254015328 5.01702450843 1.25502581711 -0.543704852943 11.0985857439 1.62726843233 0.0002 0.0002
68.445984 4.52912341833 5.84727719382 0.235650803648 -4.041754779 4.54931888012 21.7734211288 0.0002 0.0002
68.445984 4.52912341833 5.84727719382 0.235650803648 -4.041754779 4.54931888012 21.7734211288 0.0002 0.0002
68.646698 4.5736770086 5.8561641434 0.189081214841 -4.20156127272 4.46406921776 23.4279700668 0.0002 0.0002
68.646698 4.5736770086 5.8561641434 0.189081214841 -4.20156127272 4.46406921776 23.4279700668 0.0002 0.0002
68.752498 4.59747954799 5.86059599295 0.164533537569 -4.28579818213 4.42665677695 24.3259326972 0.0002 0.0002
68.802498 4.60879006438 5.86263439557 0.0304909936255 -3.63963065388 4.41691005542 24.7223874179 0.0002 0.0002
68.802498 4.60879006438 5.86263439557 0.0304909936255 -3.63963065388 4.41691005542 24.7223874179 0.0002 0.0002
69.002498 4.65376996651 5.87054963205 -0.511436536499 -0.890544059819 4.51239400414 25.6351834359 0.0002 0.0002
69.002498 4.65376996651 5.87054963205 -0.511436536499 -0.890544059819 4.51239400414 25.6351834359 0.0002 0.0002
69.252498 4.70699864635 5.88032988936 -1.25915378618 2.62678619753 4.9499961731 25.1960362166 0.0002 0.0002
69.7 4.78798633318 5.89895770377 -1.49289178831 2.48647570057 6.18154207177 22.9078412907 0.0002 0.0002
69.7 4.78798633318 5.89895770377 -1.49289178831 2.48647570057 6.18154207177 22.9078412907 0.0002 0.0002
70.002498 4.8335588085 5.91261014437 -1.65089170377 2.39162999103 7.13253029056 21.4322240752 0.0002 0.0002
70.002498 4.8335588085 5.91261014437 -1.65089170377 2.39162999103 7.13253029056 21.4322240752 0.0002 0.0002
70.251298 4.86652988954 5.92454976861 -1.78084422896 2.31362083879 7.98634619062 20.2615576687 0.0002 0.0002
70.251298 4.86652988954 5.92454976861 -1.78084422896 2.31362083879 7.98634619062 20.2615576687 0.0002 0.0002
71.491298 4.98837517208 5.99579796526 -2.19319041118 1.92448012396 12.9565711052 15.0015934645 0.0002 0.0002
71.491298 4.98837517208 5.99579796526 -2.19319041118 1.92448012396 12.9565711052 15.0015934645 0.0002 0.0002
71.491298 4.98837517208 5.99579796526 -2.19319041118 1.92448012396 12.9565711052 15.0015934645 0.0002 0.0002
71.491298 4.98837517208 5.99579796526 -2.19319041118 1.92448012396 12.9565711052 15.0015934645 0.0002 0.0002
72.731298 5.06787044412 6.09388102397 -2.40617152372 1.53533940913 18.7088770991 10.7075648282 0.0002 0.0002
72.731298 5.06787044412 6.09388102397 -2.40617152372 1.53533940913 18.7088770991 10.7075648282 0.0002 0.0002
73.630098 5.11090727067 6.18994361378 -2.73235612771 1.25352821125 23.3273857522 8.20093061104 0.0002 0.0002
73.680098 5.11303894638 6.19608515502 -2.24621818795 1.06504403979 23.5764032157 8.08504329389 0.0002 0.0002
73.680098 5.11303894638 6.19608515502 -2.24621818795 1.06504403979 23.5764032157 8.08504329389 0.0002 0.0002
73.880098 5.12141008167 6.22133842822 -0.226986473013 0.34887812745 24.0738839545 7.80386030172 0.0002 0.0002
73.880098 5.12141008167 6.22133842822 -0.226986473013 0.34887812745 24.0738839545 7.80386030172 0.0002 0.0002
74.130098 5.1318630548 6.2534361366 2.30243485535 -0.518139940946 23.5503492728 7.84580274729 0.0002 0.0002
74.436612 5.14527958782 0.00852426691225 2.22042299581 -0.567695546548 22.1640300214 8.1786265259 0.0002 0.0002
74.436612 5.14527958782 0.00852426691225 2.22042299581 -0.567695546548 22.1640300214 8.1786265259 0.0002 0.0002
75.985612 5.22781707021 0.177895210301 1.80596763515 -0.818129892377 15.9271509341 10.3252701308 0.0002 0.0002
75.985612 5.22781707021 0.177895210301 1.80596763515 -0.818129892377 15.9271509341 10.3252701308 0.0002 0.0002
78.030098 5.39339038676 0.346677308915 1.25893846634 -1.14867186395 9.66099331826 14.3463687864 0.0002 0.0002
78.080098 5.39859793798 0.350149785224 1.04947145056 -0.859777020213 9.54561233734 14.4468256391 0.0002 0.0002
78.080098 5.39859793798 0.350149785224 1.04947145056 -0.859777020213 9.54561233734 14.4468256391 0.0002 0.0002
78.280098 5.41989857538 0.363904524114 0.246384435695 0.319069327426 9.28785212783 14.5555637111 0.0002 0.0002
78.280098 5.41989857538 0.363904524114 0.246384435695 0.319069327426 9.28785212783 14.5555637111 0.0002 0.0002
78.530098 5.44675752334 0.381323209903 -0.740636310509 1.75430618772 9.41036785697 14.0327354702 0.0002 0.0002
78.635898 5.45790713422 0.388963633747 -0.758046443818 1.72356314092 9.56892849238 13.6647768952 0.0002 0.0002
78.635898 5.45790713422 0.388963633747 -0.758046443818 1.72356314092 9.56892849238 13.6647768952 0.0002 0.0002
78.836612 5.47855149732 0.4040324313 -0.791075342657 1.66524026858 9.87985892263 12.9845966077 0.0002 0.0002
78.836612 5.47855149732 0.4040324313 -0.791075342657 1.66524026858 9.87985892263 12.9845966077 0.0002 0.0002
83.821298 5.82464252483 1.22053052652 -1.61134044442 0.216805155687 21.8551472626 3.60319112998 0.0002 0.0002
83.871298 5.82692258622 1.23444392901 -1.22584698738 0.138143182471 21.9970489556 3.58544900393 0.0002 0.0002
83.871298 5.82692258622 1.23444392901 -1.22584698738 0.138143182471 21.9970489556 3.58544900393 0.0002 0.0002
84.071298 5.83595692448 1.29033109617 0.345986393308 -0.174354863047 22.1738655835 3.59265697906 0.0002 0.0002
84.071298 5.83595692448 1.29033109617 0.345986393308 -0.174354863047 22.1738655835 3.59265697906 0.0002 0.0002
84.271298 5.84504809478 1.34515100176 1.89810311261 -0.496884111281 21.7228937571 3.72626784047 0.0002 0.0002
84.271298 5.84504809478 1.34515100176 1.89810311261 -0.496884111281 21.7228937571 3.72626784047 0.0002 0.0002
84.321298 5.84736060261 1.35847564624 2.27258862573 -0.581230710023 21.5142969573 3.78015751116 0.0002 0.0002
84.427098 5.85233380175 1.38600892395 2.24227292776 -0.618674208716 21.036624605 3.90710745156 0.0002 0.0002
84.427098 5.85233380175 1.38600892395 2.24227292776 -0.618674208716 21.036624605 3.90710745156 0.0002 0.0002
84.627812 5.86208324763 1.43575694252 2.18476078217 -0.689708560292 20.1480569609 4.16971819066 0.0002 0.0002
84.627812 5.86208324763 1.43575694252 2.18476078217 -0.689708560292 20.1480569609 4.16971819066 0.0002 0.0002
89.612498 0.072819628375 2.01579021437 0.756459881552 -2.45383033465 5.48699549557 19.8392725107 0.0002 0.0002
89.662498 0.0819917022926 2.01829588253 0.623418002767 -2.03157517804 5.41802679618 20.063624756 0.0002 0.0002
89.662498 0.0819917022926 2.01829588253 0.623418002767 -2.03157517804 5.41802679618 20.063624756 0.0002 0.0002
89.862498 0.119532907245 2.02812235752 0.112921375177 -0.272562914717 5.27161375793 20.5271651055 0.0002 0.0002
89.862498 0.119532907245 2.02812235752 0.112921375177 -0.272562914717 5.27161375793 20.5271651055 0.0002 0.0002
90.112498 0.166743889111 2.04037215471 -0.518127451868 1.93830566586 5.37200008237 20.106883804 0.0002 0.0002
90.218298 0.186237190594 2.04568820373 -0.543109329885 1.91327475317 5.48427893388 19.6993865957 0.0002 0.0002
90.218298 0.186237190594 2.04568820373 -0.543109329885 1.91327475317 5.48427893388 19.6993865957 0.0002 0.0002
90.419012 0.222106591801 2.05607924579 -0.590502644293 1.86578841473 5.71181072767 18.940875711 0.0002 0.0002
90.419012 0.222106591801 2.05607924579 -0.590502644293 1.86578841473 5.71181072767 18.940875711 0.0002 0.0002
95.297898 0.738503441152 2.51646334709 -1.74252282303 0.711507039998 17.0943760178 6.36654499906 0.0002 0.0002
95.297898 0.738503441152 2.51646334709 -1.74252282303 0.711507039998 17.0943760178 6.36654499906 0.0002 0.0002
95.403698 0.744626498089 2.53327872285 -1.76750470105 0.686476127317 17.4657369299 6.21863837996 0.0002 0.0002
95.453698 0.747475681017 2.54136106572 -1.46018276968 0.563262975588 17.6271700028 6.15617026726 0.0002 0.0002
95.453698 0.747475681017 2.54136106572 -1.46018276968 0.563262975588 17.6271700028 6.15617026726 0.0002 0.0002
95.653698 0.758689714639 2.57428073006 -0.189438414208 0.086445422871 17.958695869 6.02685212943 0.0002 0.0002
95.653698 0.758689714639 2.57428073006 -0.189438414208 0.086445422871 17.958695869 6.02685212943 0.0002 0.0002
95.903698 0.772678401182 2.61557530403 1.40564227618 -0.50570319933 17.6523310284 6.13088322668 0.0002 0.0002
101.194898 1.25061710742 3.15659607077 0.513651707099 -1.58945388039 7.49696270407 17.2167783669 0.0002 0.0002
101.244898 1.25730695178 3.15948787014 0.348745650012 -1.23504304285 7.4538579222 17.3580526637 0.0002 0.0002
101.244898 1.25730695178 3.15948787014 0.348745650012 -1.23504304285 7.4538579222 17.3580526637 0.0002 0.0002
101.444898 1.28423355019 3.17091088911 -0.30307937791 0.219286323297 7.44477547383 17.5623493801 0.0002 0.0002
101.444898 1.28423355019 3.17091088911 -0.30307937791 0.219286323297 7.44477547383 17.5623493801 0.0002 0.0002
101.694898 1.31717891629 3.18531613865 -1.15191400493 2.00520168587 7.80537401478 17.0013095487 0.0002 0.0002
101.800698 1.33052449833 3.19161774067 -1.1834546641 1.97395678591 8.05245601997 16.5803145824 0.0002 0.0002
101.800698 1.33052449833 3.19161774067 -1.1834546641 1.97395678591 8.05245601997 16.5803145824 0.0002 0.0002
102.001412 1.35473137279 3.20401901965 -1.24329069308 1.91468184402 8.53953778759 15.7998103684 0.0002 0.0002
102.001412 1.35473137279 3.20401901965 -1.24329069308 1.91468184402 8.53953778759 15.7998103684 0.0002 0.0002
104.444898 1.56273350137 3.4202946276 -1.97173265083 1.19307054308 16.3954023181 8.2060609191 0.0002 0.0002
104.444898 1.56273350137 3.4202946276 -1.97173265083 1.19307054308 16.3954023181 8.2060609191 0.0002 0.0002
106.986098 1.6808950323 3.87681803778 -2.72930470282 0.44260230305 28.3416784412 4.04948908253 0.0002 0.0002
107.036098 1.68265129018 3.88922872035 -2.22661456827 0.355292467156 28.5895491798 4.00960637396 0.0002 0.0002
107.036098 1.68265129018 3.88922872035 -2.22661456827 0.355292467156 28.5895491798 4.00960637396 0.0002 0.0002
107.236098 1.68957237238 3.93971786191 -0.153867146738 0.0158196425372 29.06795675 3.93574011786 0.0002 0.0002
107.236098 1.68957237238 3.93971786191 -0.153867146738 0.0158196425372 29.06795675 3.93574011786 0.0002 0.0002
107.486098 1.6982266035 4.00274294696 2.43538998093 -0.409520585058 28.4932353557 4.03342975735 0.0002 0.0002
107.792612 1.70927299582 4.076309732 2.36082889212 -0.498258606672 27.023127124 4.31167678853 0.0002 0.0002
107.792612 1.70927299582 4.076309732 2.36082889212 -0.498258606672 27.023127124 4.31167678853 0.0002 0.0002
112.046858 1.95476991325 4.66071395716 1.32596192413 -1.72989361682 11.3386120411 13.7907844727 0.0002 0.0002
112.046858 1.95476991325 4.66071395716 1.32596192413 -1.72989361682 11.3386120411 13.7907844727 0.0002 0.0002
112.777298 2.02509105169 4.70919607267 1.14827868059 -1.9413612839 9.5313277338 16.4724159024 0.0002 0.0002
112.827298 2.03036679498 4.71221470943 0.938216867694 -1.60606405944 9.4270394556 16.6498492771 0.0002 0.0002
112.827298 2.03036679498 4.71221470943 0.938216867694 -1.60606405944 9.4270394556 16.6498492771 0.0002 0.0002
113.027298 2.05188706321 4.72406409937 0.128790228029 -0.2119087689 9.2148251362 17.0154937983 0.0002 0.0002
113.027298 2.05188706321 4.72406409937 0.128790228029 -0.2119087689 9.2148251362 17.0154937983 0.0002 0.0002
113.227298 2.07352726881 4.73585428202 -0.671932923357 1.19640756156 9.32284940135 16.8174839138 0.0002 0.0002
113.227298 2.07352726881 4.73585428202 -0.671932923357 1.19640756156 9.32284940135 16.8174839138 0.0002 0.0002
113.277298 2.07886926448 4.73883903115 -0.877056179586 1.5396006802 9.40027175992 16.6806356003 0.0002 0.0002
113.383098 2.09001378183 4.74524417591 -0.896968824533 1.51822348682 9.58796360536 16.3571178035 0.0002 0.0002
113.383098 2.09001378183 4.74524417591 -0.896968824533 1.51822348682 9.58796360536 16.3571178035 0.0002 0.0002
113.583812 2.1105590115 4.75774720831 -0.934745257594 1.47766864757 9.95561426564 15.7558003096 0.0002 0.0002
113.583812 2.1105590115 4.75774720831 -0.934745257594 1.47766864757 9.95561426564 15.7558003096 0.0002 0.0002
115.622798 2.28079408211 4.91641236101 -1.31850333198 1.06568567952 14.5499565943 10.5699364436 0.0002 0.0002
115.622798 2.28079408211 4.91641236101 -1.31850333198 1.06568567952 14.5499565943 10.5699364436 0.0002 0.0002
117.267498 2.3788546123 5.10082605865 -1.62805273788 0.733369328372 19.3961573624 7.61103067214 0.0002 0.0002
117.267498 2.3788546123 5.10082605865 -1.62805273788 0.733369328372 19.3961573624 7.61103067214 0.0002 0.0002
118.462698 2.43479840991 5.2764711961 -1.85300163429 0.491875741158 23.556713548 6.14661776503 0.0002 0.0002
118.462698 2.43479840991 5.2764711961 -1.85300163429 0.491875741158 23.556713548 6.14661776503 0.0002 0.0002
118.568498 2.43925259945 5.29382914704 -1.87291427924 0.470498547779 23.9509154516 6.04479856527 0.0002 0.0002
118.618498 2.44133269386 5.30213033361 -1.44570249451 0.351770368822 24.1168963617 6.00369751687 0.0002 0.0002
118.618498 2.44133269386 5.30213033361 -1.44570249451 0.351770368822 24.1168963617 6.00369751687 0.0002 0.0002
118.818498 2.44956650951 5.33566190854 0.299751046141 -0.114644155559 24.3471992641 5.95649985034 0.0002 0.0002
118.818498 2.44956650951 5.33566190854 0.299751046141 -0.114644155559 24.3471992641 5.95649985034 0.0002 0.0002
119.068498 2.45994458712 5.37709745963 2.44549424337 -0.710240097864 23.6556650059 6.16117968887 0.0002 0.0002
122.440498 2.67537542518 5.75251108103 1.45046617139 -1.53361732378 10.5184864873 13.7274669146 0.0002 0.0002
122.440498 2.67537542518 5.75251108103 1.45046617139 -1.53361732378 10.5184864873 13.7274669146 0.0002 0.0002
124.359698 2.91859039649 5.86713004447 0.884138212988 -2.00224886944 6.03791375282 20.5135013127 0.0002 0.0002
124.409698 2.92692934611 5.8695564664 0.744342985468 -1.57975364578 5.95651818004 20.6926641513 0.0002 0.0002
124.409698 2.92692934611 5.8695564664 0.744342985468 -1.57975364578 5.95651818004 20.6926641513 0.0002 0.0002
124.609698 2.96115686425 5.87912893994 0.210745248615 0.158444002422 5.76656311753 20.9785287561 0.0002 0.0002
124.609698 2.96115686425 5.87912893994 0.210745248615 0.158444002422 5.76656311753 20.9785287561 0.0002 0.0002
124.859698 3.00450049768 5.89117363081 -0.440324623409 2.30264492382 5.82346096227 20.3578156254 0.0002 0.0002
124.965498 3.0225222512 5.896433549 -0.462015009196 2.26989239359 5.9189284954 19.8740411772 0.0002 0.0002
124.965498 3.0225222512 5.896433549 -0.462015009196 2.26989239359 5.9189284954 19.8740411772 0.0002 0.0002
125.166212 3.05589729634 5.90676943756 -0.503164008184 2.20775731465 6.11265343669 18.9753141937 0.0002 0.0002
125.166212 3.05589729634 5.90676943756 -0.503164008184 2.20775731465 6.11265343669 18.9753141937 0.0002 0.0002
129.341898 3.52622650142 0.0279879718889 -1.35923433205 0.915089243374 13.8894441124 5.93528754119 0.0002 0.0002
129.341898 3.52622650142 0.0279879718889 -1.35923433205 0.915089243374 13.8894441124 5.93528754119 0.0002 0.0002
130.150898 3.58014686499 0.182474380959 -1.52508992848 0.664646928109 16.2228624392 4.65728097846 0.0002 0.0002
130.200898 3.58321542758 0.193283711001 -1.23913333061 0.566019066486 16.3611153088 4.5957662336 0.0002 0.0002
130.200898 3.58321542758 0.193283711001 -1.23913333061 0.566019066486 16.3611153088 4.5957662336 0.0002 0.0002
130.400898 3.59531412393 0.237652428547 -0.0610346534537 0.188535158096 16.6224112483 4.44557955379 0.0002 0.0002
130.400898 3.59531412393 0.237652428547 -0.0610346534537 0.188535158096 16.6224112483 4.44557955379 0.0002 0.0002
130.650898 3.61045335538 0.294001663954 1.40850244651 -0.270386001093 16.2829806902 4.46588933332 0.0002 0.0002
130.756698 3.61701085744 0.317537219493 1.38911444752 -0.29580868408 15.9869928229 4.52579273101 0.0002 0.0002
130.756698 3.61701085744 0.317537219493 1.38911444752 -0.29580868408 15.9869928229 4.52579273101 0.0002 0.0002
135.061658 4.02327659966 0.956112784034 0.600224465104 -1.33024756266 7.42296837755 11.525899831 0.0002 0.0002
135.061658 4.02327659966 0.956112784034 0.600224465104 -1.33024756266 7.42296837755 11.525899831 0.0002 0.0002
135.792098 4.12747736075 1.01449295025 0.466370306469 -1.50576499708 6.6438848926 13.5974368451 0.0002 0.0002
135.842098 4.13502678975 1.01815112284 0.318558445174 -1.22925684044 6.60465218584 13.7342358211 0.0002 0.0002
135.842098 4.13502678975 1.01815112284 0.318558445174 -1.22925684044 6.60465218584 13.7342358211 0.0002 0.0002
136.042098 4.1654223304 1.03253542476 -0.265446108973 -0.0835170002371 6.59408880878 13.9982708798 0.0002 0.0002
136.042098 4.1654223304 1.03253542476 -0.265446108973 -0.0835170002371 6.59408880878 13.9982708798 0.0002 0.0002
136.242098 4.19533531873 1.04688525119 -0.867389191015 1.06780395669 6.81939553179 13.8003036015 0.0002 0.0002
136.242098 4.19533531873 1.04688525119 -0.867389191015 1.06780395669 6.81939553179 13.8003036015 0.0002 0.0002
136.292098 4.20261835024 1.05052369377 -1.02537977993 1.34742402512 6.91400087 13.6794999171 0.0002 0.0002
136.397898 4.21768310017 1.05833918432 -1.05677094039 1.32564798426 7.13429241621 13.3966888985 0.0002 0.0002
136.397898 4.21768310017 1.05833918432 -1.05677094039 1.32564798426 7.13429241621 13.3966888985 0.0002 0.0002
139.002498 4.47527370212 1.31451349401 -1.82956315716 0.789562199669 14.6520382067 7.88741245347 0.0002 0.0002
139.002498 4.47527370212 1.31451349401 -1.82956315716 0.789562199669 14.6520382067 7.88741245347 0.0002 0.0002
141.496798 4.60435846414 1.71339577028 -2.56962905068 0.276178658046 25.6249433307 5.22913503207 0.0002 0.0002
141.633298 4.60962837865 1.73960670033 -0.94524296889 -0.0817378805277 26.1061164474 5.20267039737 0.0002 0.0002
141.633298 4.60962837865 1.73960670033 -0.94524296889 -0.0817378805277 26.1061164474 5.20267039737 0.0002 0.0002
141.833298 4.61728144771 1.77767413767 1.47783694044 -0.6148014743 25.9989310063 5.34111931329 0.0002 0.0002
141.833298 4.61728144771 1.77767413767 1.47783694044 -0.6148014743 25.9989310063 5.34111931329 0.0002 0.0002
142.169798 4.63071761094 1.83724983579 5.21890389634 -1.63781067713 23.7049974669 6.08606956629 0.0002 0.0002
147.464298 0.556442752841 2.18171411099 -1.08780732353 -4.8412891572 1.83290666218 40.3896636392 0.0002 0.0002
147.774298 0.697300545322 2.18917765757 -1.68038276638 -1.39312885254 2.6835735962 42.3395205463 0.0002 0.0002
147.774298 0.697300545322 2.18917765757 -1.68038276638 -1.39312885254 2.6835735962 42.3395205463 0.0002 0.0002
147.974298 0.763222999636 2.19388760949 -2.15301701042 0.932604282112 3.44745787925 42.431964283 0.0002 0.0002
147.974298 0.763222999636 2.19388760949 -2.15301701042 0.932604282112 3.44745787925 42.431964283 0.0002 0.0002
148.484298 0.872997510961 2.20634392829 -3.84831877133 6.44626135424 6.43727250417 38.5764828304 0.0002 0.0002
148.795099 0.913691318858 2.21484182845 -4.61162749186 6.10341220105 9.06663226271 34.6760317397 0.0002 0.0002
148.795099 0.913691318858 2.21484182845 -4.61162749186 6.10341220105 9.06663226271 34.6760317397 0.0002 0.0002
149.451742 0.967929306513 2.23624971057 -6.22430353914 5.37905965233 16.1819705227 27.1361469745 0.0002 0.0002
149.761742 0.985237684222 2.24826129538 -4.59555816938 2.07006197857 19.5787164302 24.8553731611 0.0002 0.0002
149.761742 0.985237684222 2.24826129538 -4.59555816938 2.07006197857 19.5787164302 24.8553731611 0.0002 0.0002
149.961742 0.995043310043 2.25640091966 -3.16342195701 0.130966968834 21.138641438 24.4174447295 0.0002 0.0002
149.961742 0.995043310043 2.25640091966 -3.16342195701 0.130966968834 21.138641438 24.4174447295 0.0002 0.0002
150.471742 1.01818779809 2.27665904235 1.13953398044 -5.06210138883 22.2072439098 26.8505157725 0.0002 0.0002
150.968217 1.04112465897 2.29356519917 1.08814685174 -5.55440413188 21.1012560686 32.1213453509 0.0002 0.0002
150.968217 1.04112465897 2.29356519917 1.08814685174 -5.55440413188 21.1012560686 32.1213453509 0.0002 0.0002
150.968217 1.04112465897 2.29356519917 1.08814685174 -5.55440413188 21.1012560686 32.1213453509 0.0002 0.0002
153.973287 1.20808364635 2.35505085819 0.777110205681 -8.53422024355 15.4960280431 74.4586478027 0.0002 0.0002
154.283287 1.22824362806 2.3591017006 -0.398218242509 -2.95055742172 15.3794725584 78.0467525025 0.0002 0.0002
154.283287 1.22824362806 2.3591017006 -0.398218242509 -2.95055742172 15.3794725584 78.0467525025 0.0002 0.0002
154.483287 1.24113894489 2.36165319761 -1.16934517816 0.830077450163 15.6919787961 78.4722205114 0.0002 0.0002
154.483287 1.24113894489 2.36165319761 -1.16934517816 0.830077450163 15.6919787961 78.4722205114 0.0002 0.0002
154.993287 1.27182298182 2.36832870558 -3.41606078001 9.98997929878 17.9827325875 72.8353721769 0.0002 0.0002
155.304088 1.28814130289 2.37278585196 -3.63503107919 9.5598497835 20.1742189884 66.7592657483 0.0002 0.0002
155.304088 1.28814130289 2.37278585196 -3.63503107919 9.5598497835 20.1742189884 66.7592657483 0.0002 0.0002
155.960731 1.31723813821 2.38364228447 -4.09765930164 8.65109615883 25.2518359981 54.8011755719 0.0002 0.0002
156.270731 1.32896425781 2.38956875881 -3.39869182404 6.56736572324 27.5837031764 50.0995568953 0.0002 0.0002
156.270731 1.32896425781 2.38956875881 -3.39869182404 6.56736572324 27.5837031764 50.0995568953 0.0002 0.0002
156.470731 1.3360502878 2.39366226987 -2.87175991999 5.37176941956 28.8395858107 47.715130769 0.0002 0.0002
156.470731 1.3360502878 2.39366226987 -2.87175991999 5.37176941956 28.8395858107 47.715130769 0.0002 0.0002
156.980731 1.3530282036 2.40489098193 -1.32911453623 2.69602765053 31.0021313634 43.638305588 0.0002 0.0002
157.477206 1.3687073856 2.41662749746 -1.37341860798 2.60195580702 32.3438715062 41.0079892509 0.0002 0.0002
157.477206 1.3687073856 2.41662749746 -1.37341860798 2.60195580702 32.3438715062 41.0079892509 0.0002 0.0002
157.477206 1.3687073856 2.41662749746 -1.37341860798 2.60195580702 32.3438715062 41.0079892509 0.0002 0.0002
158.548502 1.40037768495 2.44464949863 -1.46901813436 2.39896715772 35.3889626185 35.6505204824 0.0002 0.0002
158.548502 1.40037768495 2.44464949863 -1.46901813436 2.39896715772 35.3889626185 35.6505204824 0.0002 0.0002
158.813005 1.40777054405 2.4522031333 -1.49262165899 2.34884925687 36.1723252287 34.3947087973 0.0002 0.0002
158.813005 1.40777054405 2.4522031333 -1.49262165899 2.34884925687 36.1723252287 34.3947087973 0.0002 0.0002
165.740498 1.55562215212 2.81731230003 -2.11081219619 1.03623122493 61.1350880364 10.9445874552 0.0002 0.0002
165.740498 1.55562215212 2.81731230003 -2.11081219619 1.03623122493 61.1350880364 10.9445874552 0.0002 0.0002
168.065698 1.59081490153 3.08328448377 -2.31830668764 0.595653450572 71.4336752651 7.15012920773 0.0002 0.0002
168.065698 1.59081490153 3.08328448377 -2.31830668764 0.595653450572 71.4336752651 7.15012920773 0.0002 0.0002
168.277698 1.59376240137 3.11345819719 -2.33722498809 0.555483792837 72.4206479804 6.90608811212 0.0002 0.0002
168.277698 1.59376240137 3.11345819719 -2.33722498809 0.555483792837 72.4206479804 6.90608811212 0.0002 0.0002
