0.0 0.0 0.0 -1.25287976099 0.789987518004 5.79735938488 9.99584375794 0.0002 0.0002
0.0 0.0 0.0 -1.25287976099 0.789987518004 5.79735938488 9.99584375794 0.0002 0.0002
0.0 0.0 0.0 -1.25287976099 0.789987518004 5.79735938488 9.99584375794 0.0002 0.0002
0.423 0.066753540216 0.0437532690482 -1.4403765648 0.721260357547 6.93660681069 9.35658590658 0.0002 0.0002
0.423 0.066753540216 0.0437532690482 -1.4403765648 0.721260357547 6.93660681069 9.35658590658 0.0002 0.0002
0.877 0.126493679056 0.0939926370906 -1.64161426913 0.647496454835 8.3358306493 8.73517031376 0.0002 0.0002
0.877 0.126493679056 0.0939926370906 -1.64161426913 0.647496454835 8.3358306493 8.73517031376 0.0002 0.0002
1.357 0.179054848887 0.150908639629 -1.85437659969 0.569508187651 10.0139062663 8.15100808537 0.0002 0.0002
1.357 0.179054848887 0.150908639629 -1.85437659969 0.569508187651 10.0139062663 8.15100808537 0.0002 0.0002
1.89 0.227461469232 0.218724550225 -2.09063143759 0.482908715965 12.1165955502 7.59006987574 0.0002 0.0002
1.89 0.227461469232 0.218724550225 -2.09063143759 0.482908715965 12.1165955502 7.59006987574 0.0002 0.0002
2.475 0.271287727347 0.298608182672 -2.34993552796 0.387860515334 14.714327225 7.08066987543 0.0002 0.0002
2.475 0.271287727347 0.298608182672 -2.34993552796 0.387860515334 14.714327225 7.08066987543 0.0002 0.0002
3.06 0.30763187344 0.383756269393 -2.60923961834 0.292812314703 17.6154446856 6.68247626986 0.0002 0.0002
3.06 0.30763187344 0.383756269393 -2.60923961834 0.292812314703 17.6154446856 6.68247626986 0.0002 0.0002
3.645 0.33818367368 0.473361134349 -2.86854370871 0.197764114072 20.819947932 6.39548905903 0.0002 0.0002
3.645 0.33818367368 0.473361134349 -2.86854370871 0.197764114072 20.819947932 6.39548905903 0.0002 0.0002
4.6635 0.381056842021 0.636334330528 -3.31999877888 0.0322827596395 27.1229784556 6.16118631815 0.0002 0.0002
5.0 0.393275533142 0.68962794033 2.9466501061 -1.50789321957 27.2519470949 6.64533124673 0.0002 0.0002
5.0 0.393275533142 0.68962794033 2.9466501061 -1.50789321957 27.2519470949 6.64533124673 0.0002 0.0002
5.3365 0.406442290767 0.735547309062 8.32634033917 -3.52593149772 23.3578332421 8.29691936867 0.0002 0.0002
5.7585 0.427704833722 0.778648441223 7.0557433696 -4.20912307319 16.866593917 11.5611123976 0.0002 0.0002
6.025 0.445141630862 0.800001877815 3.52089764915 -1.97658514091 14.0965294693 13.2392607424 0.0002 0.0002
6.025 0.445141630862 0.800001877815 3.52089764915 -1.97658514091 14.0965294693 13.2392607424 0.0002 0.0002
6.2915 0.465018789981 0.819693318601 0.743291012679 0.666344944999 12.9797214591 13.5947216436 0.0002 0.0002
6.973 0.519601798259 0.871509033735 0.661778002888 0.593956804405 12.022166925 12.7358260014 0.0002 0.0002
6.973 0.519601798259 0.871509033735 0.661778002888 0.593956804405 12.022166925 12.7358260014 0.0002 0.0002
7.482 0.563133200077 0.912423969958 0.600897413037 0.539891413998 11.3794651383 12.1586972582 0.0002 0.0002
7.482 0.563133200077 0.912423969958 0.600897413037 0.539891413998 11.3794651383 12.1586972582 0.0002 0.0002
7.992 0.609158621209 0.955314830879 0.539897214954 0.48571980475 10.797659878 11.6356355367 0.0002 0.0002
7.992 0.609158621209 0.955314830879 0.539897214954 0.48571980475 10.797659878 11.6356355367 0.0002 0.0002
8.498 0.657200049455 0.999711114139 0.479375449798 0.431973070868 10.2819079096 11.1712829416 0.0002 0.0002
8.498 0.657200049455 0.999711114139 0.479375449798 0.431973070868 10.2819079096 11.1712829416 0.0002 0.0002
8.9873 0.705861015825 1.04432598128 0.420851142108 0.380000191642 9.84142703819 10.7739844242 0.0002 0.0002
8.9873 0.705861015825 1.04432598128 0.420851142108 0.380000191642 9.84142703819 10.7739844242 0.0002 0.0002
9.4566 0.75448543446 1.0885888119 0.364718999049 0.330151689249 9.47275897095 10.4407101465 0.0002 0.0002
9.4566 0.75448543446 1.0885888119 0.364718999049 0.330151689249 9.47275897095 10.4407101465 0.0002 0.0002
9.9277 0.805092981339 1.1343606076 0.308371561173 0.280111992941 9.15566600803 10.1532149259 0.0002 0.0002
9.9277 0.805092981339 1.1343606076 0.308371561173 0.280111992941 9.15566600803 10.1532149259 0.0002 0.0002
16.240021 1.52426352844 1.77965505857 -0.446633990515 -0.390375431889 10.0284228443 10.8492331471 0.0002 0.0002
16.240021 1.52426352844 1.77965505857 -0.446633990515 -0.390375431889 10.0284228443 10.8492331471 0.0002 0.0002
17.480021 1.64187692492 1.88872657728 -0.384257937794 -0.522205025018 11.0678384446 11.9818486835 0.0002 0.0002
17.480021 1.64187692492 1.88872657728 -0.384257937794 -0.522205025018 11.0678384446 11.9818486835 0.0002 0.0002
17.480021 1.64187692492 1.88872657728 -0.384257937794 -0.522205025018 11.0678384446 11.9818486835 0.0002 0.0002
17.480021 1.64187692492 1.88872657728 -0.384257937794 -0.522205025018 11.0678384446 11.9818486835 0.0002 0.0002
18.720021 1.74977852503 1.98667943932 -0.285913571929 -0.654034618147 11.9061986433 13.4416950832 0.0002 0.0002
18.720021 1.74977852503 1.98667943932 -0.730698711653 -0.151887257365 11.9061986433 13.4416950832 0.0002 0.0002
20.0 1.84912574858 2.08027209005 -0.895603247829 -0.249308585053 13.9878309991 13.9552173364 0.0002 0.0002
20.0 1.84912574858 2.08027209005 -0.895603247829 -0.249308585053 13.9878309991 13.9552173364 0.0002 0.0002
22.328798 1.99300877461 2.23913320462 -1.195631103 -0.426557268883 18.8578933729 15.5291723853 0.0002 0.0002
22.595298 2.00671248327 2.25641467252 -4.46621585282 2.024498567 20.3455124189 15.0971098655 0.0002 0.0002
22.595298 2.00671248327 2.25641467252 -4.46621585282 2.024498567 20.3455124189 15.0971098655 0.0002 0.0002
22.861798 2.01892176798 2.27499619924 -8.51611981222 4.13227919439 23.7565494793 13.4323973281 0.0002 0.0002
23.218798 2.03224346402 2.30484388638 -9.62100139147 3.65187082566 30.2315017491 10.6534557709 0.0002 0.0002
23.355298 2.03658609395 2.31823262492 -7.37645205425 2.67215690268 32.560312643 9.79341884738 0.0002 0.0002
23.355298 2.03658609395 2.31823262492 -7.37645205425 2.67215690268 32.560312643 9.79341884738 0.0002 0.0002
23.555298 2.04250747847 2.33964956452 -3.52758953226 1.44169902635 34.7586829936 8.97714780245 0.0002 0.0002
23.555298 2.04250747847 2.33964956452 -3.52758953226 1.44169902635 34.7586829936 8.97714780245 0.0002 0.0002
23.891798 2.05207843963 2.37833601978 3.50019843333 -0.368960897343 34.7681140018 8.62410670828 0.0002 0.0002
27.336298 2.20259346535 2.71332197382 2.18737457241 -0.822736262327 15.1772687836 12.7289075748 0.0002 0.0002
27.336298 2.20259346535 2.71332197382 2.18737457241 -0.822736262327 15.1772687836 12.7289075748 0.0002 0.0002
28.003298 2.25117642619 2.7635144888 1.9331566844 -0.910606248811 12.4288744353 13.8850470297 0.0002 0.0002
28.003298 2.25117642619 2.7635144888 1.9331566844 -0.910606248811 12.4288744353 13.8850470297 0.0002 0.0002
28.805298 2.32476680989 2.81833331264 1.62748540077 -1.01626101517 9.57323948296 15.4303945754 0.0002 0.0002
28.855298 2.33003189809 2.82156455936 1.33893424376 -0.578920861897 9.42498918021 15.5101917204 0.0002 0.0002
28.855298 2.33003189809 2.82156455936 1.33893424376 -0.578920861897 9.42498918021 15.5101917204 0.0002 0.0002
29.055298 2.35169933933 2.83446085464 0.245460495365 1.17833911104 9.11050572738 15.3893850452 0.0002 0.0002
29.055298 2.35169933933 2.83446085464 0.245460495365 1.17833911104 9.11050572738 15.3893850452 0.0002 0.0002
29.305298 2.37899264545 2.85122552105 -1.101032978 3.20638805511 9.32188517453 14.2799470277 0.0002 0.0002
32.666098 2.63156295916 3.61577835318 -1.89861941447 0.551411078272 19.4031169352 1.6507357002 0.0002 0.0002
32.716098 2.63412865605 3.64655617499 -1.29271293247 0.461455138698 19.5627675447 1.6001190132 0.0002 0.0002
32.716098 2.63412865605 3.64655617499 -1.29271293247 0.461455138698 19.5627675447 1.6001190132 0.0002 0.0002
32.916098 2.64430311948 3.77727532781 1.17362008437 0.125350127928 19.5867886343 1.4837358791 0.0002 0.0002
32.916098 2.64430311948 3.77727532781 1.17362008437 0.125350127928 19.5867886343 1.4837358791 0.0002 0.0002
33.166098 2.65743598596 3.94552271711 4.06306948166 -0.280667353738 18.2601230354 1.52206246857 0.0002 0.0002
36.526898 3.28789754613 4.88342652806 0.840600517365 -2.66266170903 1.77986890271 11.4140027827 0.0002 0.0002
36.576898 3.31664020394 4.88775960415 0.720633359552 -2.20383382085 1.70186228825 11.6574995375 0.0002 0.0002
36.576898 3.31664020394 4.88775960415 0.720633359552 -2.20383382085 1.70186228825 11.6574995375 0.0002 0.0002
36.776898 3.44279603363 4.90447172214 0.29243112557 -0.222914926922 1.50150808905 12.1484086318 0.0002 0.0002
36.776898 3.44279603363 4.90447172214 0.29243112557 -0.222914926922 1.50150808905 12.1484086318 0.0002 0.0002
37.026898 3.61297693893 4.92532132188 -0.192683526336 2.26322978138 1.47700231019 11.6291296965 0.0002 0.0002
37.333412 3.80993521517 4.95334345734 -0.407912659763 2.1018640703 1.66109344957 10.2911673197 0.0002 0.0002
37.333412 3.80993521517 4.95334345734 -0.407912659763 2.1018640703 1.66109344957 10.2911673197 0.0002 0.0002
40.387698 4.62003966825 5.62129221303 -2.5525824922 0.493921097951 10.7032923453 2.36289702128 0.0002 0.0002
40.437698 4.62465937959 5.64265716849 -2.10854003108 0.366119553188 10.9365186833 2.31992634018 0.0002 0.0002
40.437698 4.62465937959 5.64265716849 -2.10854003108 0.366119553188 10.9365186833 2.31992634018 0.0002 0.0002
40.637698 4.64246655528 5.73039273183 -0.188932967562 -0.123838638145 11.4014542725 2.27202808315 0.0002 0.0002
40.637698 4.64246655528 5.73039273183 -0.188932967562 -0.123838638145 11.4014542725 2.27202808315 0.0002 0.0002
40.887698 4.66470501698 5.83663351661 2.21532726913 -0.769206347334 10.885407082 2.49130367264 0.0002 0.0002
41.194212 4.69472760618 5.94856033709 2.04897748969 -0.965036233478 9.57833797311 3.02287330306 0.0002 0.0002
41.194212 4.69472760618 5.94856033709 2.04897748969 -0.965036233478 9.57833797311 3.02287330306 0.0002 0.0002
44.248498 5.43843837323 0.138238903508 0.391370325134 -2.91640054189 2.12481780715 14.877891306 0.0002 0.0002
44.298498 5.46216715533 0.141569293915 0.275664336662 -2.30620861927 2.09148961543 15.1392063961 0.0002 0.0002
44.298498 5.46216715533 0.141569293915 0.275664336662 -2.30620861927 2.09148961543 15.1392063961 0.0002 0.0002
44.498498 5.5589538151 0.154531222457 -0.173340996173 0.276025237324 2.07125316849 15.5498957036 0.0002 0.0002
44.498498 5.5589538151 0.154531222457 -0.173340996173 0.276025237324 2.07125316849 15.5498957036 0.0002 0.0002
44.748498 5.674657522 0.170971394107 -0.775442760631 3.41097751464 2.3043468506 14.6115131717 0.0002 0.0002
44.854298 5.71896328103 0.178395489968 -0.848964137855 3.31949086319 2.47620910046 13.8994296173 0.0002 0.0002
44.854298 5.71896328103 0.178395489968 -0.848964137855 3.31949086319 2.47620910046 13.8994296173 0.0002 0.0002
45.055012 5.79465659037 0.193561828949 -0.988442112411 3.14593082767 2.84500225858 12.6017289681 0.0002 0.0002
45.055012 5.79465659037 0.193561828949 -0.988442112411 3.14593082767 2.84500225858 12.6017289681 0.0002 0.0002
48.109298 0.0 0.98906797338 -3.1108930874 0.504849554508 15.3655443687 1.45120155772 0.0002 0.0002
48.159298 0.0 1.02409173727 -2.45990950249 0.400105082221 15.6442880208 1.40598682945 0.0002 0.0002
48.159298 0.0 1.02409173727 -2.45990950249 0.400105082221 15.6442880208 1.40598682945 0.0002 0.0002
48.359298 0.00742304561014 1.17199611534 0.299861695447 0.00743573978861 16.0814154512 1.32541756938 0.0002 0.0002
48.359298 0.00742304561014 1.17199611534 0.299861695447 0.00743573978861 16.0814154512 1.32541756938 0.0002 0.0002
48.609298 0.0233332371903 1.35541768368 3.64613339189 -0.488319627763 15.0765089308 1.44349141228 0.0002 0.0002
48.715098 0.030534924319 1.42606179449 3.54582265334 -0.579091661398 14.3155999812 1.55642352667 0.0002 0.0002
48.715098 0.030534924319 1.42606179449 3.54582265334 -0.579091661398 14.3155999812 1.55642352667 0.0002 0.0002
48.915812 0.0452880012082 1.54548798606 3.35552237377 -0.751295989933 12.9304034154 1.82345095372 0.0002 0.0002
48.915812 0.0452880012082 1.54548798606 3.35552237377 -0.751295989933 12.9304034154 1.82345095372 0.0002 0.0002
51.970098 0.895554908879 2.18363609575 0.459703050355 -3.37174732757 1.27761381568 14.4164044358 0.0002 0.0002
52.020098 0.935357664323 2.1870666594 0.359956189086 -2.79017897857 1.23665977784 14.724718562 0.0002 0.0002
52.020098 0.935357664323 2.1870666594 0.359956189086 -2.79017897857 1.23665977784 14.724718562 0.0002 0.0002
52.220098 1.10344740793 2.20029693399 -0.0166126600995 -0.279570303479 1.16875676446 15.345702526 0.0002 0.0002
52.220098 1.10344740793 2.20029693399 -0.0166126600995 -0.279570303479 1.16875676446 15.345702526 0.0002 0.0002
52.470098 1.30993393561 2.2168040105 -0.496511322937 2.8708109352 1.29481944813 14.6862049929 0.0002 0.0002
52.575898 1.38829762451 2.22416005353 -0.598365049212 2.80423440542 1.4106573683 14.0857851958 0.0002 0.0002
52.575898 1.38829762451 2.22416005353 -0.598365049212 2.80423440542 1.4106573683 14.0857851958 0.0002 0.0002
55.830898 2.15807172146 2.80510121601 -3.73195558818 0.755967822928 15.505851043 2.49732694255 0.0002 0.0002
55.880898 2.16126025615 2.82541247103 -3.08571999359 0.618259852655 15.846983814 2.42866565983 0.0002 0.0002
55.880898 2.16126025615 2.82541247103 -3.08571999359 0.618259852655 15.846983814 2.42866565983 0.0002 0.0002
56.080898 2.1735456657 2.91091874811 -0.290529583829 0.110194623129 16.5302304566 2.28465244289 0.0002 0.0002
56.080898 2.1735456657 2.91091874811 -0.290529583829 0.110194623129 16.5302304566 2.28465244289 0.0002 0.0002
56.330898 2.18888173005 3.01925311142 3.21335208983 -0.511009478577 15.7858947843 2.3830671216 0.0002 0.0002
56.436698 2.19573132727 3.06263755497 3.13744560209 -0.566999352088 15.1139803885 2.49712045588 0.0002 0.0002
56.436698 2.19573132727 3.06263755497 3.13744560209 -0.566999352088 15.1139803885 2.49712045588 0.0002 0.0002
59.691698 2.78193377747 3.70583979523 0.802137307253 -2.28956115054 2.29063801859 11.795224892 0.0002 0.0002
59.741698 2.80413115435 3.71004096657 0.672427017517 -1.80725044079 2.21696182078 12.0002102405 0.0002 0.0002
59.741698 2.80413115435 3.71004096657 0.672427017517 -1.80725044079 2.21696182078 12.0002102405 0.0002 0.0002
59.941698 2.89874840802 3.72639839328 0.200278572013 0.232455551147 2.04436633822 12.3187766216 0.0002 0.0002
59.941698 2.89874840802 3.72639839328 0.200278572013 0.232455551147 2.04436633822 12.3187766216 0.0002 0.0002
60.191698 3.02126857404 3.7471553565 -0.358398395281 2.70609155705 2.08321292413 11.5708901633 0.0002 0.0002
60.498212 3.16013401829 3.77568328019 -0.52443305183 2.4856162959 2.35381312231 9.97955902243 0.0002 0.0002
60.498212 3.16013401829 3.77568328019 -0.52443305183 2.4856162959 2.35381312231 9.97955902243 0.0002 0.0002
62.097498 3.62453816219 4.03599435919 -1.39074552609 1.33525122776 5.41673140947 3.86889908397 0.0002 0.0002
62.097498 3.62453816219 4.03599435919 -1.39074552609 1.33525122776 5.41673140947 3.86889908397 0.0002 0.0002
63.552498 3.81765848071 4.68294833835 -2.17890014636 0.288670957477 10.6105658629 1.50609230444 0.0002 0.0002
63.602498 3.82232528168 4.71643765904 -1.86276183093 0.205750075037 10.8127558875 1.48138431658 0.0002 0.0002
63.602498 3.82232528168 4.71643765904 -1.86276183093 0.205750075037 10.8127558875 1.48138431658 0.0002 0.0002
63.802498 3.84035162526 4.85324793408 -0.50116554631 -0.118030657524 11.2895824027 1.4639873717 0.0002 0.0002
63.802498 3.84035162526 4.85324793408 -0.50116554631 -0.118030657524 11.2895824027 1.4639873717 0.0002 0.0002
64.052498 3.86254015328 5.01702450843 1.25502581711 -0.543704852943 11.0985857439 1.62726843233 0.0002 0.0002
68.445984 4.52912341833 5.84727719382 0.235650803648 -4.041754779 4.54931888012 21.7734211288 0.0002 0.0002
68.445984 4.52912341833 5.84727719382 0.235650803648 -4.041754779 4.54931888012 21.7734211288 0.0002 0.0002
68.646698 4.5736770086 5.8561641434 0.189081214841 -4.20156127272 4.46406921776 23.4279700668 0.0002 0.0002
68.646698 4.5736770086 5.8561641434 0.189081214841 -4.20156127272 4.46406921776 23.4279700668 0.0002 0.0002
68.752498 4.59747954799 5.86059599295 0.164533537569 -4.28579818213 4.42665677695 24.3259326972 0.0002 0.0002
68.802498 4.60879006438 5.86263439557 0.0304909936255 -3.63963065388 4.41691005542 24.7223874179 0.0002 0.0002
68.802498 4.60879006438 5.86263439557 0.0304909936255 -3.63963065388 4.41691005542 24.7223874179 0.0002 0.0002
69.002498 4.65376996651 5.87054963205 -0.511436536499 -0.890544059819 4.51239400414 25.6351834359 0.0002 0.0002
69.002498 4.65376996651 5.87054963205 -0.511436536499 -0.890544059819 4.51239400414 25.6351834359 0.0002 0.0002
69.252498 4.70699864635 5.88032988936 -1.25915378618 2.62678619753 4.9499961731 25.1960362166 0.0002 0.0002
69.7 4.78798633318 5.89895770377 -1.49289178831 2.48647570057 6.18154207177 22.9078412907 0.0002 0.0002
69.7 4.78798633318 5.89895770377 -1.49289178831 2.48647570057 6.18154207177 22.9078412907 0.0002 0.0002
70.002498 4.8335588085 5.91261014437 -1.65089170377 2.39162999103 7.13253029056 21.4322240752 0.0002 0.0002
70.002498 4.8335588085 5.91261014437 -1.65089170377 2.39162999103 7.13253029056 21.4322240752 0.0002 0.0002
70.251298 4.86652988954 5.92454976861 -1.78084422896 2.31362083879 7.98634619062 20.2615576687 0.0002 0.0002
70.251298 4.86652988954 5.92454976861 -1.78084422896 2.31362083879 7.98634619062 20.2615576687 0.0002 0.0002
71.491298 4.98837517208 5.99579796526 -2.19319041118 1.92448012396 12.9565711052 15.0015934645 0.0002 0.0002
71.491298 4.98837517208 5.99579796526 -2.19319041118 1.92448012396 12.9565711052 15.0015934645 0.0002 0.0002
71.491298 4.98837517208 5.99579796526 -2.19319041118 1.92448012396 12.9565711052 15.0015934645 0.0002 0.0002
71.491298 4.98837517208 5.99579796526 -2.19319041118 1.92448012396 12.9565711052 15.0015934645 0.0002 0.0002
72.731298 5.06787044412 6.09388102397 -2.40617152372 1.53533940913 18.7088770991 10.7075648282 0.0002 0.0002
72.731298 5.06787044412 6.09388102397 -2.40617152372 1.53533940913 18.7088770991 10.7075648282 0.0002 0.0002
73.630098 5.11090727067 6.18994361378 -2.73235612771 1.25352821125 23.3273857522 8.20093061104 0.0002 0.0002
73.680098 5.11303894638 6.19608515502 -2.24621818795 1.06504403979 23.5764032157 8.08504329389 0.0002 0.0002
73.680098 5.11303894638 6.19608515502 -2.24621818795 1.06504403979 23.5764032157 8.08504329389 0.0002 0.0002
73.880098 5.12141008167 6.22133842822 -0.226986473013 0.34887812745 24.0738839545 7.80386030172 0.0002 0.0002
73.880098 5.12141008167 6.22133842822 -0.226986473013 0.34887812745 24.0738839545 7.80386030172 0.0002 0.0002
74.130098 5.1318630548 6.2534361366 2.30243485535 -0.518139940946 23.5503492728 7.84580274729 0.0002 0.0002
74.436612 5.14527958782 0.00852426691225 2.22042299581 -0.567695546548 22.1640300214 8.1786265259 0.0002 0.0002
74.436612 5.14527958782 0.00852426691225 2.22042299581 -0.567695546548 22.1640300214 8.1786265259 0.0002 0.0002
75.985612 5.22781707021 0.177895210301 1.80596763515 -0.818129892377 15.9271509341 10.3252701308 0.0002 0.0002
75.985612 5.22781707021 0.177895210301 1.80596763515 -0.818129892377 15.9271509341 10.3252701308 0.0002 0.0002
78.030098 5.39339038676 0.346677308915 1.25893846634 -1.14867186395 9.66099331826 14.3463687864 0.0002 0.0002
78.080098 5.39859793798 0.350149785224 1.04947145056 -0.859777020213 9.54561233734 14.4468256391 0.0002 0.0002
78.080098 5.39859793798 0.350149785224 1.04947145056 -0.859777020213 9.54561233734 14.4468256391 0.0002 0.0002
78.280098 5.41989857538 0.363904524114 0.246384435695 0.319069327426 9.28785212783 14.5555637111 0.0002 0.0002
78.280098 5.41989857538 0.363904524114 0.246384435695 0.319069327426 9.28785212783 14.5555637111 0.0002 0.0002
78.530098 5.44675752334 0.381323209903 -0.740636310509 1.75430618772 9.41036785697 14.0327354702 0.0002 0.0002
78.635898 5.45790713422 0.388963633747 -0.758046443818 1.72356314092 9.56892849238 13.6647768952 0.0002 0.0002
78.635898 5.45790713422 0.388963633747 -0.758046443818 1.72356314092 9.56892849238 13.6647768952 0.0002 0.0002
78.836612 5.47855149732 0.4040324313 -0.791075342657 1.66524026858 9.87985892263 12.9845966077 0.0002 0.0002
78.836612 5.47855149732 0.4040324313 -0.791075342657 1.66524026858 9.87985892263 12.9845966077 0.0002 0.0002
83.821298 5.82464252483 1.22053052652 -1.61134044442 0.216805155687 21.8551472626 3.60319112998 0.0002 0.0002
83.871298 5.82692258622 1.23444392901 -1.22584698738 0.138143182471 21.9970489556 3.58544900393 0.0002 0.0002
83.871298 5.82692258622 1.23444392901 -1.22584698738 0.138143182471 21.9970489556 3.58544900393 0.0002 0.0002
84.071298 5.83595692448 1.29033109617 0.345986393308 -0.174354863047 22.1738655835 3.59265697906 0.0002 0.0002
84.071298 5.83595692448 1.29033109617 0.345986393308 -0.174354863047 22.1738655835 3.59265697906 0.0002 0.0002
84.271298 5.84504809478 1.34515100176 1.89810311261 -0.496884111281 21.7228937571 3.72626784047 0.0002 0.0002
84.271298 5.84504809478 1.34515100176 1.89810311261 -0.496884111281 21.7228937571 3.72626784047 0.0002 0.0002
84.321298 5.84736060261 1.35847564624 2.27258862573 -0.581230710023 21.5142969573 3.78015751116 0.0002 0.0002
84.427098 5.85233380175 1.38600892395 2.24227292776 -0.618674208716 21.036624605 3.90710745156 0.0002 0.0002
84.427098 5.85233380175 1.38600892395 2.24227292776 -0.618674208716 21.036624605 3.90710745156 0.0002 0.0002
84.627812 5.86208324763 1.43575694252 2.18476078217 -0.689708560292 20.1480569609 4.16971819066 0.0002 0.0002
84.627812 5.86208324763 1.43575694252 2.18476078217 -0.689708560292 20.1480569609 4.16971819066 0.0002 0.0002
89.612498 0.072819628375 2.01579021437 0.756459881552 -2.45383033465 5.48699549557 19.8392725107 0.0002 0.0002
89.662498 0.0819917022926 2.01829588253 0.623418002767 -2.03157517804 5.41802679618 20.063624756 0.0002 0.0002
89.662498 0.0819917022926 2.01829588253 0.623418002767 -2.03157517804 5.41802679618 20.063624756 0.0002 0.0002
89.862498 0.119532907245 2.02812235752 0.112921375177 -0.272562914717 5.27161375793 20.5271651055 0.0002 0.0002
89.862498 0.119532907245 2.02812235752 0.112921375177 -0.272562914717 5.27161375793 20.5271651055 0.0002 0.0002
90.112498 0.166743889111 2.04037215471 -0.518127451868 1.93830566586 5.37200008237 20.106883804 0.0002 0.0002
90.218298 0.186237190594 2.04568820373 -0.543109329885 1.91327475317 5.48427893388 19.6993865957 0.0002 0.0002
90.218298 0.186237190594 2.04568820373 -0.543109329885 1.91327475317 5.48427893388 19.6993865957 0.0002 0.0002
90.419012 0.222106591801 2.05607924579 -0.590502644293 1.86578841473 5.71181072767 18.940875711 0.0002 0.0002
90.419012 0.222106591801 2.05607924579 -0.590502644293 1.86578841473 5.71181072767 18.940875711 0.0002 0.0002
95.297898 0.738503441152 2.51646334709 -1.74252282303 0.711507039998 17.0943760178 6.36654499906 0.0002 0.0002
95.297898 0.738503441152 2.51646334709 -1.74252282303 0.711507039998 17.0943760178 6.36654499906 0.0002 0.0002
95.403698 0.744626498089 2.53327872285 -1.76750470105 0.686476127317 17.4657369299 6.21863837996 0.0002 0.0002
95.453698 0.747476015731 2.54136010725 -1.33544393715 0.519652800043 17.6209495034 6.1583572289 0.0002 0.0002
95.453698 0.747476015731 2.54136010725 -1.33544393715 0.519652800043 17.6209495034 6.1583572289 0.0002 0.0002
95.653698 0.758730741358 2.57415823882 0.437832635942 -0.129692073357 17.8016869611 6.08088457775 0.0002 0.0002
95.653698 0.758730741358 2.57415823882 0.437832635942 -0.129692073357 17.8016869611 6.08088457775 0.0002 0.0002
95.903698 0.773011346774 2.61460907083 2.58862395984 -0.96236016509 17.0370336194 6.35106894633 0.0002 0.0002
101.194898 1.78072165971 3.04772011682 0.19692863495 -2.56706271874 2.29811772992 25.0259513093 0.0002 0.0002
101.244898 1.80255958741 3.04970867152 0.117193779006 -1.94948818706 2.28241816243 25.251873173 0.0002 0.0002
101.244898 1.80255958741 3.04970867152 0.117193779006 -1.94948818706 2.28241816243 25.251873173 0.0002 0.0002
101.444898 1.890276787 3.05755999663 -0.199836175546 0.586864000506 2.29883712296 25.5262329579 0.0002 0.0002
101.444898 1.890276787 3.05755999663 -0.199836175546 0.586864000506 2.29883712296 25.5262329579 0.0002 0.0002
101.694898 1.99525300339 3.06751484463 -0.621889620388 3.66805898422 2.50215116174 24.4512600948 0.0002 0.0002
101.800698 2.03642994113 3.07191157526 -0.680526285949 3.60551404076 2.63994676463 23.6817160688 0.0002 0.0002
101.800698 2.03642994113 3.07191157526 -0.680526285949 3.60551404076 2.63994676463 23.6817160688 0.0002 0.0002
102.001412 2.10859371899 3.08065399822 -0.791766358647 3.48685954378 2.9354565105 22.2581773971 0.0002 0.0002
102.001412 2.10859371899 3.08065399822 -0.791766358647 3.48685954378 2.9354565105 22.2581773971 0.0002 0.0002
104.444898 2.57362394675 3.25667545777 -2.14599954754 2.04236338395 10.1138463736 8.74759858234 0.0002 0.0002
104.444898 2.57362394675 3.25667545777 -2.14599954754 2.04236338395 10.1138463736 8.74759858234 0.0002 0.0002
106.986098 2.73543675436 3.87694292477 -3.55438796459 0.540102416889 24.5996711194 2.18503648925 0.0002 0.0002
107.036098 2.73745556158 3.9000982104 -2.9542436507 0.456815838015 24.9252393387 2.13521148417 0.0002 0.0002
107.036098 2.73745556158 3.9000982104 -2.9542436507 0.456815838015 24.9252393387 2.13521148417 0.0002 0.0002
107.236098 2.74534541047 3.99696795935 -0.436195396322 0.142649566434 25.6079171674 2.01611699344 0.0002 0.0002
107.236098 2.74534541047 3.99696795935 -0.436195396322 0.142649566434 25.6079171674 2.01611699344 0.0002 0.0002
107.486098 2.75516915076 4.1212268858 2.73633921465 -0.236654894186 25.0267713286 2.03937482784 0.0002 0.0002
107.792612 2.76784060039 4.26535623279 2.63238838653 -0.395370436491 23.3811811566 2.23309944005 0.0002 0.0002
107.792612 2.76784060039 4.26535623279 2.63238838653 -0.395370436491 23.3811811566 2.23309944005 0.0002 0.0002
112.046858 3.10381485303 5.09224470994 1.18960797598 -2.59825500616 7.12146841942 14.9687185049 0.0002 0.0002
112.046858 3.10381485303 5.09224470994 1.18960797598 -2.59825500616 7.12146841942 14.9687185049 0.0002 0.0002
112.777298 3.22011079814 5.1355245881 0.94188734039 -2.97648301767 5.56453898053 19.040730147 0.0002 0.0002
112.827298 3.22916890323 5.13813124622 0.787785631025 -2.51838700785 5.4780914163 19.3155883969 0.0002 0.0002
112.827298 3.22916890323 5.13813124622 0.787785631025 -2.51838700785 5.4780914163 19.3155883969 0.0002 0.0002
113.027298 3.26648538131 5.14828829542 0.203409884776 -0.583714410877 5.28116585825 19.9401860565 0.0002 0.0002
113.027298 3.26648538131 5.14828829542 0.203409884776 -0.583714410877 5.28116585825 19.9401860565 0.0002 0.0002
113.227298 3.30437682134 5.15832632144 -0.364553373432 1.39743125239 5.31318100655 19.7763469145 0.0002 0.0002
113.227298 3.30437682134 5.15832632144 -0.364553373432 1.39743125239 5.31318100655 19.7763469145 0.0002 0.0002
113.277298 3.31375103149 5.16086461653 -0.509326694922 1.88139559379 5.35685677912 19.6123371009 0.0002 0.0002
113.383098 3.33330222961 5.16631443865 -0.534200603833 1.85690616644 5.46726196733 19.2168247747 0.0002 0.0002
113.383098 3.33330222961 5.16631443865 -0.534200603833 1.85690616644 5.46726196733 19.2168247747 0.0002 0.0002
113.583812 3.36929252908 5.17696531726 -0.581389089213 1.81044708403 5.69117643698 18.4807356344 0.0002 0.0002
113.583812 3.36929252908 5.17696531726 -0.581389089213 1.81044708403 5.69117643698 18.4807356344 0.0002 0.0002
115.622798 3.65754431571 5.31397098627 -1.06076103661 1.33848489596 9.03949755343 12.0601074123 0.0002 0.0002
115.622798 3.65754431571 5.31397098627 -1.06076103661 1.33848489596 9.03949755343 12.0601074123 0.0002 0.0002
117.267498 3.80888922326 5.47927590019 -1.44743511965 0.957787720634 13.1647277716 8.28342783975 0.0002 0.0002
117.267498 3.80888922326 5.47927590019 -1.44743511965 0.957787720634 13.1647277716 8.28342783975 0.0002 0.0002
118.462698 3.88896095313 5.64516321143 -1.72843035529 0.681135891154 16.9605221873 6.32458633894 0.0002 0.0002
118.462698 3.88896095313 5.64516321143 -1.72843035529 0.681135891154 16.9605221873 6.32458633894 0.0002 0.0002
118.568498 3.89513234957 5.66208276824 -1.7533042642 0.656646463812 17.32888971 6.18304896578 0.0002 0.0002
118.618498 3.8980043728 5.67020895608 -1.32467110372 0.490900984652 17.4828530957 6.12569566007 0.0002 0.0002
118.618498 3.8980043728 5.67020895608 -1.32467110372 0.490900984652 17.4828530957 6.12569566007 0.0002 0.0002
118.818498 3.90934803097 5.703153609 0.434528877627 -0.155537519062 17.6620866267 6.05906972829 0.0002 0.0002
118.818498 3.90934803097 5.703153609 0.434528877627 -0.155537519062 17.6620866267 6.05906972829 0.0002 0.0002
119.068498 3.92374152099 5.74370662738 2.56822759478 -0.987509543362 16.9034212706 6.34187071339 0.0002 0.0002
122.440498 4.31203085639 6.07917304617 1.05297139228 -2.03771865866 4.69273828629 16.5429402106 0.0002 0.0002
122.440498 4.31203085639 6.07917304617 1.05297139228 -2.03771865866 4.69273828629 16.5429402106 0.0002 0.0002
124.359698 4.93493137353 6.17273041536 0.190551551287 -2.63545333662 2.30616905299 25.5116919039 0.0002 0.0002
124.409698 4.95668973882 6.17468103759 0.110731475123 -2.00595972253 2.29111118702 25.7438594829 0.0002 0.0002
124.409698 4.95668973882 6.17468103759 0.110731475123 -2.00595972253 2.29111118702 25.7438594829 0.0002 0.0002
124.609698 5.04402322228 6.18238122699 -0.206969940369 0.580280265446 2.31023134361 26.0309152338 0.0002 0.0002
124.609698 5.04402322228 6.18238122699 -0.206969940369 0.580280265446 2.31023134361 26.0309152338 0.0002 0.0002
124.859698 5.1484187047 6.19214135201 -0.630682821688 3.72409807311 2.51748608356 24.9434478641 0.0002 0.0002
124.965498 5.18933676155 6.19645099624 -0.689425190072 3.66103019605 2.65715351121 24.1621012932 0.0002 0.0002
124.965498 5.18933676155 6.19645099624 -0.689425190072 3.66103019605 2.65715351121 24.1621012932 0.0002 0.0002
125.166212 5.26101194068 6.20501831939 -0.800865792414 3.54138363768 2.95627577547 22.716476003 0.0002 0.0002
125.166212 5.26101194068 6.20501831939 -0.800865792414 3.54138363768 2.95627577547 22.716476003 0.0002 0.0002
129.341898 5.846305765 0.406572551543 -3.11929381952 1.05223759537 19.3256313848 3.53495613085 0.0002 0.0002
129.341898 5.846305765 0.406572551543 -3.11929381952 1.05223759537 19.3256313848 3.53495613085 0.0002 0.0002
130.150898 5.88331548691 0.699359044038 -3.56846750594 0.569988894624 24.7360302971 2.22257490045 0.0002 0.0002
130.200898 5.885323188 0.722134064658 -2.96490710109 0.485584269625 25.0628361854 2.16981838004 0.0002 0.0002
130.200898 5.885323188 0.722134064658 -2.96490710109 0.485584269625 25.0628361854 2.16981838004 0.0002 0.0002
130.400898 5.89317007038 0.817662215122 -0.432833191721 0.168349648475 25.7469841478 2.03990274792 0.0002 0.0002
130.400898 5.89317007038 0.817662215122 -0.432833191721 0.168349648475 25.7469841478 2.03990274792 0.0002 0.0002
130.650898 5.9029413003 0.940848422435 2.75672429543 -0.211871551159 25.1598384076 2.05067049088 0.0002 0.0002
130.756698 5.90719570792 0.991839198088 2.72056229245 -0.265780414297 24.5803414866 2.10120606882 0.0002 0.0002
130.756698 5.90719570792 0.991839198088 2.72056229245 -0.265780414297 24.5803414866 2.10120606882 0.0002 0.0002
135.061658 6.23002876226 1.91666222447 1.24914474677 -2.45931065488 7.49091147101 13.832614118 0.0002 0.0002
135.061658 6.23002876226 1.91666222447 1.24914474677 -2.45931065488 7.49091147101 13.832614118 0.0002 0.0002
135.792098 0.0574251603599 1.96336445725 0.999483371972 -2.83149581547 5.84842354795 17.6972307962 0.0002 0.0002
135.842098 0.0660443130696 1.96616848949 0.838276664634 -2.40697187914 5.75657388537 17.9592635751 0.0002 0.0002
135.842098 0.0660443130696 1.96616848949 0.838276664634 -2.40697187914 5.75657388537 17.9592635751 0.0002 0.0002
136.042098 0.1015702794 1.97708476197 0.227673197458 -0.610448641223 5.54479652349 18.5668110214 0.0002 0.0002
136.042098 0.1015702794 1.97708476197 0.227673197458 -0.610448641223 5.54479652349 18.5668110214 0.0002 0.0002
136.242098 0.137680131369 1.98785746529 -0.364560053173 1.23467613821 5.5719924904 18.4411249199 0.0002 0.0002
136.242098 0.137680131369 1.98785746529 -0.364560053173 1.23467613821 5.5719924904 18.4411249199 0.0002 0.0002
136.292098 0.146620364501 1.99057903693 -0.515325655856 1.68625318059 5.61596841972 18.2950174566 0.0002 0.0002
136.397898 0.16527619986 1.99641891461 -0.539167724443 1.66402652851 5.72753381936 17.9405578634 0.0002 0.0002
136.397898 0.16527619986 1.99641891461 -0.539167724443 1.66402652851 5.72753381936 17.9405578634 0.0002 0.0002
139.002498 0.515433513279 2.18555502141 -1.12611528437 1.1168475305 10.0649299441 10.6974932893 0.0002 0.0002
139.002498 0.515433513279 2.18555502141 -1.12611528437 1.1168475305 10.0649299441 10.6974932893 0.0002 0.0002
141.496798 0.706812402331 2.49095749681 -1.68820669906 0.59284055256 17.0846932674 6.43301830368 0.0002 0.0002
141.633298 0.714714347889 2.51239079884 -0.792283009468 0.229648526416 17.4240999118 6.32101880569 0.0002 0.0002
141.633298 0.714714347889 2.51239079884 -0.792283009468 0.229648526416 17.4240999118 6.32101880569 0.0002 0.0002
141.833298 0.726147546314 2.54408687378 0.55434716693 -0.2933554417 17.4719352631 6.33369455969 0.0002 0.0002
141.833298 0.726147546314 2.54408687378 0.55434716693 -0.2933554417 17.4719352631 6.33369455969 0.0002 0.0002
142.169798 0.745906197923 2.59561160821 2.7007256259 -1.23196215643 16.3602447505 6.83956363006 0.0002 0.0002
147.464298 1.94543711105 2.97286380118 0.0166488092356 -3.18093524926 1.97310580372 30.2036489445 0.0002 0.0002
147.774298 2.10036161461 2.98288652528 -0.309977378557 -0.651106497373 2.06326110466 31.401939081 0.0002 0.0002
147.774298 2.10036161461 2.98288652528 -0.309977378557 -0.651106497373 2.06326110466 31.401939081 0.0002 0.0002
147.974298 2.19386768036 2.98925195314 -0.535644316235 1.03340763851 2.23178065353 31.3252030634 0.0002 0.0002
147.974298 2.19386768036 2.98925195314 -0.535644316235 1.03340763851 2.23178065353 31.3252030634 0.0002 0.0002
148.484298 2.39074898021 3.00621459841 -1.24158399208 4.96485020924 3.11757688783 28.1925910487 0.0002 0.0002
148.795099 2.47922987839 3.0178766103 -1.49495715512 4.68208215567 3.96809661292 25.1943148227 0.0002 0.0002
148.795099 2.47922987839 3.0178766103 -1.49495715512 4.68208215567 3.96809661292 25.1943148227 0.0002 0.0002
149.451742 2.61112160616 3.04755357319 -2.03026982753 4.08466559974 6.28291223449 19.4376912764 0.0002 0.0002
149.761742 2.65647178017 3.06438002872 -1.35682028455 1.62512734093 7.3466728428 17.690148343 0.0002 0.0002
149.761742 2.65647178017 3.06438002872 -1.35682028455 1.62512734093 7.3466728428 17.690148343 0.0002 0.0002
149.961742 2.6828559847 3.07583425628 -0.804270449483 0.195552275794 7.78122758467 17.3279557448 0.0002 0.0002
149.961742 2.6828559847 3.07583425628 -0.804270449483 0.195552275794 7.78122758467 17.3279557448 0.0002 0.0002
150.471742 2.74717961723 3.10443115595 0.747201245352 -3.60869927475 7.81139391015 19.0103087716 0.0002 0.0002
150.968217 2.81380752815 3.12829339276 0.648158511401 -3.97491769115 7.11863267492 22.7753850047 0.0002 0.0002
150.968217 2.81380752815 3.12829339276 0.648158511401 -3.97491769115 7.11863267492 22.7753850047 0.0002 0.0002
150.968217 2.81380752815 3.12829339276 0.648158511401 -3.97491769115 7.11863267492 22.7753850047 0.0002 0.0002
153.973287 3.34025406316 3.21462907032 0.0486714304503 -6.19156903622 5.02460992156 53.3263892745 0.0002 0.0002
154.283287 3.40154858401 3.22028575517 -0.422641173786 -1.89211531857 5.13958653563 55.8533685912 0.0002 0.0002
154.283287 3.40154858401 3.22028575517 -0.422641173786 -1.89211531857 5.13958653563 55.8533685912 0.0002 0.0002
154.483287 3.43968431914 3.22385471877 -0.746172965341 1.00900046146 5.37254403035 56.0306051169 0.0002 0.0002
154.483287 3.43968431914 3.22385471877 -0.746172965341 1.00900046146 5.37254403035 56.0306051169 0.0002 0.0002
154.993287 3.52629914482 3.23325537768 -1.74700809769 7.94327635219 6.61621546023 51.3593907498 0.0002 0.0002
155.304088 3.56968479085 3.23961236111 -1.93735517003 7.55540203222 7.7613192482 46.5423860093 0.0002 0.0002
155.304088 3.56968479085 3.23961236111 -1.93735517003 7.55540203222 7.7613192482 46.5423860093 0.0002 0.0002
155.960731 3.64224717543 3.25540287878 -2.33950983691 6.73592282498 10.569692717 37.1580875811 0.0002 0.0002
156.270731 3.66978940867 3.26420482365 -2.06568878407 5.05734038361 11.940797333 33.5167409386 0.0002 0.0002
156.270731 3.66978940867 3.26420482365 -2.06568878407 5.05734038361 11.940797333 33.5167409386 0.0002 0.0002
156.470731 3.68600328466 3.27034704497 -1.83555239241 4.10838193124 12.7223482344 31.6866447939 0.0002 0.0002
156.470731 3.68600328466 3.27034704497 -1.83555239241 4.10838193124 12.7223482344 31.6866447939 0.0002 0.0002
156.980731 3.72370635626 3.28738291369 -1.09552050192 2.02080379739 14.2336048077 28.59419306 0.0002 0.0002
157.477206 3.75729040075 3.30537512001 -1.17226332411 1.9325374795 15.3595027827 26.6314579496 0.0002 0.0002
157.477206 3.75729040075 3.30537512001 -1.17226332411 1.9325374795 15.3595027827 26.6314579496 0.0002 0.0002
157.477206 3.75729040075 3.30537512001 -1.17226332411 1.9325374795 15.3595027827 26.6314579496 0.0002 0.0002
158.548502 3.82167758267 3.34896501337 -1.33785933285 1.74207601961 18.0485871446 22.6948592064 0.0002 0.0002
158.548502 3.82167758267 3.34896501337 -1.33785933285 1.74207601961 18.0485871446 22.6948592064 0.0002 0.0002
158.813005 3.83604983835 3.36086074211 -1.37874499013 1.69505108204 18.7671371379 21.7857287767 0.0002 0.0002
158.813005 3.83604983835 3.36086074211 -1.37874499013 1.69505108204 18.7671371379 21.7857287767 0.0002 0.0002
165.740498 4.07596692898 3.96468408951 -2.44956499819 0.463439622521 45.2877277838 6.83279953027 0.0002 0.0002
165.740498 4.07596692898 3.96468408951 -2.44956499819 0.463439622521 45.2877277838 6.83279953027 0.0002 0.0002
168.065698 4.12154229877 4.34864821054 -2.80898372048 0.0500515518779 57.5149052645 5.63882985156 0.0002 0.0002
168.065698 4.12154229877 4.34864821054 -2.80898372048 0.0500515518779 57.5149052645 5.63882985156 0.0002 0.0002
168.277698 4.12519051017 4.38629774485 -2.84175370549 0.0123609140935 58.7128615988 5.62559840878 0.0002 0.0002
168.277698 4.12519051017 4.38629774485 -2.84175370549 0.0123609140935 58.7128615988 5.62559840878 0.0002 0.0002
