0.0 0.0 0.0 -1.25287976099 0.789987518004 5.79735938488 9.99584375794 0.0002 0.0002
0.0 0.0 0.0 -1.25287976099 0.789987518004 5.79735938488 9.99584375794 0.0002 0.0002
0.0 0.0 0.0 -1.25287976099 0.789987518004 5.79735938488 9.99584375794 0.0002 0.0002
0.423 0.066753540216 0.0437532690482 -1.4403765648 0.721260357547 6.93660681069 9.35658590658 0.0002 0.0002
0.423 0.066753540216 0.0437532690482 -1.4403765648 0.721260357547 6.93660681069 9.35658590658 0.0002 0.0002
0.877 0.126493679056 0.0939926370906 -1.64161426913 0.647496454835 8.3358306493 8.73517031376 0.0002 0.0002
0.877 0.126493679056 0.0939926370906 -1.64161426913 0.647496454835 8.3358306493 8.73517031376 0.0002 0.0002
1.357 0.179054848887 0.150908639629 -1.85437659969 0.569508187651 10.0139062663 8.15100808537 0.0002 0.0002
1.357 0.179054848887 0.150908639629 -1.85437659969 0.569508187651 10.0139062663 8.15100808537 0.0002 0.0002
1.89 0.227461469232 0.218724550225 -2.09063143759 0.482908715965 12.1165955502 7.59006987574 0.0002 0.0002
1.89 0.227461469232 0.218724550225 -2.09063143759 0.482908715965 12.1165955502 7.59006987574 0.0002 0.0002
2.475 0.271287727347 0.298608182672 -2.34993552796 0.387860515334 14.714327225 7.08066987543 0.0002 0.0002
2.475 0.271287727347 0.298608182672 -2.34993552796 0.387860515334 14.714327225 7.08066987543 0.0002 0.0002
3.06 0.30763187344 0.383756269393 -2.60923961834 0.292812314703 17.6154446856 6.68247626986 0.0002 0.0002
3.06 0.30763187344 0.383756269393 -2.60923961834 0.292812314703 17.6154446856 6.68247626986 0.0002 0.0002
3.645 0.33818367368 0.473361134349 -2.86854370871 0.197764114072 20.819947932 6.39548905903 0.0002 0.0002
3.645 0.33818367368 0.473361134349 -2.86854370871 0.197764114072 20.819947932 6.39548905903 0.0002 0.0002
4.6635 0.381056842021 0.636334330528 -3.31999877888 0.0322827596395 27.1229784556 6.16118631815 0.0002 0.0002
5.0 0.393275533142 0.68962794033 2.9466501061 -1.50789321957 27.2519470949 6.64533124673 0.0002 0.0002
5.0 0.393275533142 0.68962794033 2.9466501061 -1.50789321957 27.2519470949 6.64533124673 0.0002 0.0002
5.3365 0.406442290767 0.735547309062 8.32634033917 -3.52593149772 23.3578332421 8.29691936867 0.0002 0.0002
5.7585 0.427704833722 0.778648441223 7.0557433696 -4.20912307319 16.866593917 11.5611123976 0.0002 0.0002
6.025 0.445141630862 0.800001877815 3.52089764915 -1.97658514091 14.0965294693 13.2392607424 0.0002 0.0002
6.025 0.445141630862 0.800001877815 3.52089764915 -1.97658514091 14.0965294693 13.2392607424 0.0002 0.0002
6.2915 0.465018789981 0.819693318601 0.743291012679 0.666344944999 12.9797214591 13.5947216436 0.0002 0.0002
6.973 0.519601798259 0.871509033735 0.661778002888 0.593956804405 12.022166925 12.7358260014 0.0002 0.0002
6.973 0.519601798259 0.871509033735 0.661778002888 0.593956804405 12.022166925 12.7358260014 0.0002 0.0002
7.482 0.563133200077 0.912423969958 0.600897413037 0.539891413998 11.3794651383 12.1586972582 0.0002 0.0002
7.482 0.563133200077 0.912423969958 0.600897413037 0.539891413998 11.3794651383 12.1586972582 0.0002 0.0002
7.992 0.609158621209 0.955314830879 0.539897214954 0.48571980475 10.797659878 11.6356355367 0.0002 0.0002
7.992 0.609158621209 0.955314830879 0.539897214954 0.48571980475 10.797659878 11.6356355367 0.0002 0.0002
8.498 0.657200049455 0.999711114139 0.479375449798 0.431973070868 10.2819079096 11.1712829416 0.0002 0.0002
8.498 0.657200049455 0.999711114139 0.479375449798 0.431973070868 10.2819079096 11.1712829416 0.0002 0.0002
8.9873 0.705861015825 1.04432598128 0.420851142108 0.380000191642 9.84142703819 10.7739844242 0.0002 0.0002
8.9873 0.705861015825 1.04432598128 0.420851142108 0.380000191642 9.84142703819 10.7739844242 0.0002 0.0002
9.4566 0.75448543446 1.0885888119 0.364718999049 0.330151689249 9.47275897095 10.4407101465 0.0002 0.0002
9.4566 0.75448543446 1.0885888119 0.364718999049 0.330151689249 9.47275897095 10.4407101465 0.0002 0.0002
9.9277 0.805092981339 1.1343606076 0.308371561173 0.280111992941 9.15566600803 10.1532149259 0.0002 0.0002
9.9277 0.805092981339 1.1343606076 0.308371561173 0.280111992941 9.15566600803 10.1532149259 0.0002 0.0002
16.240021 1.52426352844 1.77965505857 -0.446633990515 -0.390375431889 10.0284228443 10.8492331471 0.0002 0.0002
16.240021 1.52426352844 1.77965505857 -0.446633990515 -0.390375431889 10.0284228443 10.8492331471 0.0002 0.0002
17.480021 1.64187692492 1.88872657728 -0.384257937794 -0.522205025018 11.0678384446 11.9818486835 0.0002 0.0002
17.480021 1.64187692492 1.88872657728 -0.384257937794 -0.522205025018 11.0678384446 11.9818486835 0.0002 0.0002
17.480021 1.64187692492 1.88872657728 -0.384257937794 -0.522205025018 11.0678384446 11.9818486835 0.0002 0.0002
17.480021 1.64187692492 1.88872657728 -0.384257937794 -0.522205025018 11.0678384446 11.9818486835 0.0002 0.0002
18.720021 1.74977852503 1.98667943932 -0.285913571929 -0.654034618147 11.9061986433 13.4416950832 0.0002 0.0002
18.720021 1.74977852503 1.98667943932 -0.730698711653 -0.151887257365 11.9061986433 13.4416950832 0.0002 0.0002
20.0 1.84912574858 2.08027209005 -0.895603247829 -0.249308585053 13.9878309991 13.9552173364 0.0002 0.0002
20.0 1.84912574858 2.08027209005 -0.895603247829 -0.249308585053 13.9878309991 13.9552173364 0.0002 0.0002
22.328798 1.99300877461 2.23913320462 -1.195631103 -0.426557268883 18.8578933729 15.5291723853 0.0002 0.0002
22.595298 2.00671248327 2.25641467252 -4.46621585282 2.024498567 20.3455124189 15.0971098655 0.0002 0.0002
22.595298 2.00671248327 2.25641467252 -4.46621585282 2.024498567 20.3455124189 15.0971098655 0.0002 0.0002
22.861798 2.01892176798 2.27499619924 -8.51611981222 4.13227919439 23.7565494793 13.4323973281 0.0002 0.0002
23.218798 2.03224346402 2.30484388638 -9.62100139147 3.65187082566 30.2315017491 10.6534557709 0.0002 0.0002
23.355298 2.03658609395 2.31823262492 -7.37645205425 2.67215690268 32.560312643 9.79341884738 0.0002 0.0002
23.355298 2.03658609395 2.31823262492 -7.37645205425 2.67215690268 32.560312643 9.79341884738 0.0002 0.0002
23.555298 2.04250747847 2.33964956452 -3.52758953226 1.44169902635 34.7586829936 8.97714780245 0.0002 0.0002
23.555298 2.04250747847 2.33964956452 -3.52758953226 1.44169902635 34.7586829936 8.97714780245 0.0002 0.0002
23.891798 2.05207843963 2.37833601978 3.50019843333 -0.368960897343 34.7681140018 8.62410670828 0.0002 0.0002
27.336298 2.20259346535 2.71332197382 2.18737457241 -0.822736262327 15.1772687836 12.7289075748 0.0002 0.0002
27.336298 2.20259346535 2.71332197382 2.18737457241 -0.822736262327 15.1772687836 12.7289075748 0.0002 0.0002
28.003298 2.25117642619 2.7635144888 1.9331566844 -0.910606248811 12.4288744353 13.8850470297 0.0002 0.0002
28.003298 2.25117642619 2.7635144888 1.9331566844 -0.910606248811 12.4288744353 13.8850470297 0.0002 0.0002
28.805298 2.32476680989 2.81833331264 1.62748540077 -1.01626101517 9.57323948296 15.4303945754 0.0002 0.0002
28.855298 2.33003189809 2.82156455936 1.33893424376 -0.578920861897 9.42498918021 15.5101917204 0.0002 0.0002
28.855298 2.33003189809 2.82156455936 1.33893424376 -0.578920861897 9.42498918021 15.5101917204 0.0002 0.0002
29.055298 2.35169933933 2.83446085464 0.245460495365 1.17833911104 9.11050572738 15.3893850452 0.0002 0.0002
29.055298 2.35169933933 2.83446085464 0.245460495365 1.17833911104 9.11050572738 15.3893850452 0.0002 0.0002
29.305298 2.37899264545 2.85122552105 -1.101032978 3.20638805511 9.32188517453 14.2799470277 0.0002 0.0002
32.666098 2.63156295916 3.61577835318 -1.89861941447 0.551411078272 19.4031169352 1.6507357002 0.0002 0.0002
32.716098 2.63412865605 3.64655617499 -1.29271293247 0.461455138698 19.5627675447 1.6001190132 0.0002 0.0002
32.716098 2.63412865605 3.64655617499 -1.29271293247 0.461455138698 19.5627675447 1.6001190132 0.0002 0.0002
32.916098 2.64430311948 3.77727532781 1.17362008437 0.125350127928 19.5867886343 1.4837358791 0.0002 0.0002
32.916098 2.64430311948 3.77727532781 1.17362008437 0.125350127928 19.5867886343 1.4837358791 0.0002 0.0002
33.166098 2.65743598596 3.94552271711 4.06306948166 -0.280667353738 18.2601230354 1.52206246857 0.0002 0.0002
36.526898 3.28789754613 4.88342652806 0.840600517365 -2.66266170903 1.77986890271 11.4140027827 0.0002 0.0002
36.576898 3.31664020394 4.88775960415 0.720633359552 -2.20383382085 1.70186228825 11.6574995375 0.0002 0.0002
36.576898 3.31664020394 4.88775960415 0.720633359552 -2.20383382085 1.70186228825 11.6574995375 0.0002 0.0002
36.776898 3.44279603363 4.90447172214 0.29243112557 -0.222914926922 1.50150808905 12.1484086318 0.0002 0.0002
36.776898 3.44279603363 4.90447172214 0.29243112557 -0.222914926922 1.50150808905 12.1484086318 0.0002 0.0002
37.026898 3.61297693893 4.92532132188 -0.192683526336 2.26322978138 1.47700231019 11.6291296965 0.0002 0.0002
37.333412 3.80993521517 4.95334345734 -0.407912659763 2.1018640703 1.66109344957 10.2911673197 0.0002 0.0002
37.333412 3.80993521517 4.95334345734 -0.407912659763 2.1018640703 1.66109344957 10.2911673197 0.0002 0.0002
40.387698 4.62003966825 5.62129221303 -2.5525824922 0.493921097951 10.7032923453 2.36289702128 0.0002 0.0002
40.437698 4.62465937959 5.64265716849 -2.10854003108 0.366119553188 10.9365186833 2.31992634018 0.0002 0.0002
40.437698 4.62465937959 5.64265716849 -2.10854003108 0.366119553188 10.9365186833 2.31992634018 0.0002 0.0002
40.637698 4.64246655528 5.73039273183 -0.188932967562 -0.123838638145 11.4014542725 2.27202808315 0.0002 0.0002
40.637698 4.64246655528 5.73039273183 -0.188932967562 -0.123838638145 11.4014542725 2.27202808315 0.0002 0.0002
40.887698 4.66470501698 5.83663351661 2.21532726913 -0.769206347334 10.885407082 2.49130367264 0.0002 0.0002
41.194212 4.69472760618 5.94856033709 2.04897748969 -0.965036233478 9.57833797311 3.02287330306 0.0002 0.0002
41.194212 4.69472760618 5.94856033709 2.04897748969 -0.965036233478 9.57833797311 3.02287330306 0.0002 0.0002
44.248498 5.43843837323 0.138238903508 0.391370325134 -2.91640054189 2.12481780715 14.877891306 0.0002 0.0002
44.298498 5.46216715533 0.141569293915 0.275664336662 -2.30620861927 2.09148961543 15.1392063961 0.0002 0.0002
44.298498 5.46216715533 0.141569293915 0.275664336662 -2.30620861927 2.09148961543 15.1392063961 0.0002 0.0002
44.498498 5.5589538151 0.154531222457 -0.173340996173 0.276025237324 2.07125316849 15.5498957036 0.0002 0.0002
44.498498 5.5589538151 0.154531222457 -0.173340996173 0.276025237324 2.07125316849 15.5498957036 0.0002 0.0002
44.748498 5.674657522 0.170971394107 -0.775442760631 3.41097751464 2.3043468506 14.6115131717 0.0002 0.0002
44.854298 5.71896328103 0.178395489968 -0.848964137855 3.31949086319 2.47620910046 13.8994296173 0.0002 0.0002
44.854298 5.71896328103 0.178395489968 -0.848964137855 3.31949086319 2.47620910046 13.8994296173 0.0002 0.0002
45.055012 5.79465659037 0.193561828949 -0.988442112411 3.14593082767 2.84500225858 12.6017289681 0.0002 0.0002
45.055012 5.79465659037 0.193561828949 -0.988442112411 3.14593082767 2.84500225858 12.6017289681 0.0002 0.0002
48.109298 0.0 0.98906797338 -3.1108930874 0.504849554508 15.3655443687 1.45120155772 0.0002 0.0002
48.159298 0.0 1.02409173727 -2.45990950249 0.400105082221 15.6442880208 1.40598682945 0.0002 0.0002
48.159298 0.0 1.02409173727 -2.45990950249 0.400105082221 15.6442880208 1.40598682945 0.0002 0.0002
48.359298 0.00742304561014 1.17199611534 0.299861695447 0.00743573978861 16.0814154512 1.32541756938 0.0002 0.0002
48.359298 0.00742304561014 1.17199611534 0.299861695447 0.00743573978861 16.0814154512 1.32541756938 0.0002 0.0002
48.609298 0.0233332371903 1.35541768368 3.64613339189 -0.488319627763 15.0765089308 1.44349141228 0.0002 0.0002
48.715098 0.030534924319 1.42606179449 3.54582265334 -0.579091661398 14.3155999812 1.55642352667 0.0002 0.0002
48.715098 0.030534924319 1.42606179449 3.54582265334 -0.579091661398 14.3155999812 1.55642352667 0.0002 0.0002
48.915812 0.0452880012082 1.54548798606 3.35552237377 -0.751295989933 12.9304034154 1.82345095372 0.0002 0.0002
48.915812 0.0452880012082 1.54548798606 3.35552237377 -0.751295989933 12.9304034154 1.82345095372 0.0002 0.0002
51.970098 0.895554908879 2.18363609575 0.459703050355 -3.37174732757 1.27761381568 14.4164044358 0.0002 0.0002
52.020098 0.935357664323 2.1870666594 0.359956189086 -2.79017897857 1.23665977784 14.724718562 0.0002 0.0002
52.020098 0.935357664323 2.1870666594 0.359956189086 -2.79017897857 1.23665977784 14.724718562 0.0002 0.0002
52.220098 1.10344740793 2.20029693399 -0.0166126600995 -0.279570303479 1.16875676446 15.345702526 0.0002 0.0002
52.220098 1.10344740793 2.20029693399 -0.0166126600995 -0.279570303479 1.16875676446 15.345702526 0.0002 0.0002
52.470098 1.30993393561 2.2168040105 -0.496511322937 2.8708109352 1.29481944813 14.6862049929 0.0002 0.0002
52.575898 1.38829762451 2.22416005353 -0.598365049212 2.80423440542 1.4106573683 14.0857851958 0.0002 0.0002
52.575898 1.38829762451 2.22416005353 -0.598365049212 2.80423440542 1.4106573683 14.0857851958 0.0002 0.0002
55.830898 2.15807172146 2.80510121601 -3.73195558818 0.755967822928 15.505851043 2.49732694255 0.0002 0.0002
55.880898 2.16126025615 2.82541247103 -3.08571999359 0.618259852655 15.846983814 2.42866565983 0.0002 0.0002
55.880898 2.16126025615 2.82541247103 -3.08571999359 0.618259852655 15.846983814 2.42866565983 0.0002 0.0002
56.080898 2.1735456657 2.91091874811 -0.290529583829 0.110194623129 16.5302304566 2.28465244289 0.0002 0.0002
56.080898 2.1735456657 2.91091874811 -0.290529583829 0.110194623129 16.5302304566 2.28465244289 0.0002 0.0002
56.330898 2.18888173005 3.01925311142 3.21335208983 -0.511009478577 15.7858947843 2.3830671216 0.0002 0.0002
56.436698 2.19573132727 3.06263755497 3.13744560209 -0.566999352088 15.1139803885 2.49712045588 0.0002 0.0002
56.436698 2.19573132727 3.06263755497 3.13744560209 -0.566999352088 15.1139803885 2.49712045588 0.0002 0.0002
59.691698 2.78193377747 3.70583979523 0.802137307253 -2.28956115054 2.29063801859 11.795224892 0.0002 0.0002
59.741698 2.80413115435 3.71004096657 0.672427017517 -1.80725044079 2.21696182078 12.0002102405 0.0002 0.0002
59.741698 2.80413115435 3.71004096657 0.672427017517 -1.80725044079 2.21696182078 12.0002102405 0.0002 0.0002
59.941698 2.89874840802 3.72639839328 0.200278572013 0.232455551147 2.04436633822 12.3187766216 0.0002 0.0002
59.941698 2.89874840802 3.72639839328 0.200278572013 0.232455551147 2.04436633822 12.3187766216 0.0002 0.0002
60.191698 3.02126857404 3.7471553565 -0.358398395281 2.70609155705 2.08321292413 11.5708901633 0.0002 0.0002
60.498212 3.16013401829 3.77568328019 -0.52443305183 2.4856162959 2.35381312231 9.97955902243 0.0002 0.0002
60.498212 3.16013401829 3.77568328019 -0.52443305183 2.4856162959 2.35381312231 9.97955902243 0.0002 0.0002
62.097498 3.62453816219 4.03599435919 -1.39074552609 1.33525122776 5.41673140947 3.86889908397 0.0002 0.0002
62.097498 3.62453816219 4.03599435919 -1.39074552609 1.33525122776 5.41673140947 3.86889908397 0.0002 0.0002
63.552498 3.81765848071 4.68294833835 -2.17890014636 0.288670957477 10.6105658629 1.50609230444 0.0002 0.0002
63.602498 3.82232528168 4.71643765904 -1.86276183093 0.205750075037 10.8127558875 1.48138431658 0.0002 0.0002
63.602498 3.82232528168 4.71643765904 -1.86276183093 0.205750075037 10.8127558875 1.48138431658 0.0002 0.0002
63.802498 3.84035162526 4.85324793408 -0.50116554631 -0.118030657524 11.2895824027 1.4639873717 0.0002 0.0002
63.802498 3.84035162526 4.85324793408 -0.50116554631 -0.118030657524 11.2895824027 1.4639873717 0.0002 0.0002
64.052498 3.86254015328 5.01702450843 1.25502581711 -0.543704852943 11.0985857439 1.62726843233 0.0002 0.0002
68.445984 4.52912341833 5.84727719382 0.235650803648 -4.041754779 4.54931888012 21.7734211288 0.0002 0.0002
68.445984 4.52912341833 5.84727719382 0.235650803648 -4.041754779 4.54931888012 21.7734211288 0.0002 0.0002
68.646698 4.5736770086 5.8561641434 0.189081214841 -4.20156127272 4.46406921776 23.4279700668 0.0002 0.0002
68.646698 4.5736770086 5.8561641434 0.189081214841 -4.20156127272 4.46406921776 23.4279700668 0.0002 0.0002
68.752498 4.59747954799 5.86059599295 0.164533537569 -4.28579818213 4.42665677695 24.3259326972 0.0002 0.0002
68.802498 4.60879006438 5.86263439557 0.0304909936255 -3.63963065388 4.41691005542 24.7223874179 0.0002 0.0002
68.802498 4.60879006438 5.86263439557 0.0304909936255 -3.63963065388 4.41691005542 24.7223874179 0.0002 0.0002
69.002498 4.65376996651 5.87054963205 -0.511436536499 -0.890544059819 4.51239400414 25.6351834359 0.0002 0.0002
69.002498 4.65376996651 5.87054963205 -0.511436536499 -0.890544059819 4.51239400414 25.6351834359 0.0002 0.0002
69.252498 4.70699864635 5.88032988936 -1.25915378618 2.62678619753 4.9499961731 25.1960362166 0.0002 0.0002
69.7 4.78798633318 5.89895770377 -1.49289178831 2.48647570057 6.18154207177 22.9078412907 0.0002 0.0002
69.7 4.78798633318 5.89895770377 -1.49289178831 2.48647570057 6.18154207177 22.9078412907 0.0002 0.0002
70.002498 4.8335588085 5.91261014437 -1.65089170377 2.39162999103 7.13253029056 21.4322240752 0.0002 0.0002
70.002498 4.8335588085 5.91261014437 -1.65089170377 2.39162999103 7.13253029056 21.4322240752 0.0002 0.0002
70.251298 4.86652988954 5.92454976861 -1.78084422896 2.31362083879 7.98634619062 20.2615576687 0.0002 0.0002
70.251298 4.86652988954 5.92454976861 -1.78084422896 2.31362083879 7.98634619062 20.2615576687 0.0002 0.0002
71.491298 4.98837517208 5.99579796526 -2.19319041118 1.92448012396 12.9565711052 15.0015934645 0.0002 0.0002
71.491298 4.98837517208 5.99579796526 -2.19319041118 1.92448012396 12.9565711052 15.0015934645 0.0002 0.0002
71.491298 4.98837517208 5.99579796526 -2.19319041118 1.92448012396 12.9565711052 15.0015934645 0.0002 0.0002
71.491298 4.98837517208 5.99579796526 -2.19319041118 1.92448012396 12.9565711052 15.0015934645 0.0002 0.0002
72.731298 5.06787044412 6.09388102397 -2.40617152372 1.53533940913 18.7088770991 10.7075648282 0.0002 0.0002
72.731298 5.06787044412 6.09388102397 -2.40617152372 1.53533940913 18.7088770991 10.7075648282 0.0002 0.0002
73.630098 5.11090727067 6.18994361378 -2.73235612771 1.25352821125 23.3273857522 8.20093061104 0.0002 0.0002
73.680098 5.11303894638 6.19608515502 -2.24621818795 1.06504403979 23.5764032157 8.08504329389 0.0002 0.0002
73.680098 5.11303894638 6.19608515502 -2.24621818795 1.06504403979 23.5764032157 8.08504329389 0.0002 0.0002
73.880098 5.12141008167 6.22133842822 -0.226986473013 0.34887812745 24.0738839545 7.80386030172 0.0002 0.0002
73.880098 5.12141008167 6.22133842822 -0.226986473013 0.34887812745 24.0738839545 7.80386030172 0.0002 0.0002
74.130098 5.1318630548 6.2534361366 2.30243485535 -0.518139940946 23.5503492728 7.84580274729 0.0002 0.0002
74.436612 5.14527958782 0.00852426691225 2.22042299581 -0.567695546548 22.1640300214 8.1786265259 0.0002 0.0002
74.436612 5.14527958782 0.00852426691225 2.22042299581 -0.567695546548 22.1640300214 8.1786265259 0.0002 0.0002
75.985612 5.22781707021 0.177895210301 1.80596763515 -0.818129892377 15.9271509341 10.3252701308 0.0002 0.0002
75.985612 5.22781707021 0.177895210301 1.80596763515 -0.818129892377 15.9271509341 10.3252701308 0.0002 0.0002
78.030098 5.39339038676 0.346677308915 1.25893846634 -1.14867186395 9.66099331826 14.3463687864 0.0002 0.0002
78.080098 5.39859793798 0.350149785224 1.04947145056 -0.859777020213 9.54561233734 14.4468256391 0.0002 0.0002
78.080098 5.39859793798 0.350149785224 1.04947145056 -0.859777020213 9.54561233734 14.4468256391 0.0002 0.0002
78.280098 5.41989857538 0.363904524114 0.246384435695 0.319069327426 9.28785212783 14.5555637111 0.0002 0.0002
78.280098 5.41989857538 0.363904524114 0.246384435695 0.319069327426 9.28785212783 14.5555637111 0.0002 0.0002
78.530098 5.44675752334 0.381323209903 -0.740636310509 1.75430618772 9.41036785697 14.0327354702 0.0002 0.0002
78.635898 5.45790713422 0.388963633747 -0.758046443818 1.72356314092 9.56892849238 13.6647768952 0.0002 0.0002
78.635898 5.45790713422 0.388963633747 -0.758046443818 1.72356314092 9.56892849238 13.6647768952 0.0002 0.0002
78.836612 5.47855149732 0.4040324313 -0.791075342657 1.66524026858 9.87985892263 12.9845966077 0.0002 0.0002
78.836612 5.47855149732 0.4040324313 -0.791075342657 1.66524026858 9.87985892263 12.9845966077 0.0002 0.0002
83.821298 5.82464252483 1.22053052652 -1.61134044442 0.216805155687 21.8551472626 3.60319112998 0.0002 0.0002
83.871298 5.82692258622 1.23444392901 -1.22584698738 0.138143182471 21.9970489556 3.58544900393 0.0002 0.0002
83.871298 5.82692258622 1.23444392901 -1.22584698738 0.138143182471 21.9970489556 3.58544900393 0.0002 0.0002
84.071298 5.83595692448 1.29033109617 0.345986393308 -0.174354863047 22.1738655835 3.59265697906 0.0002 0.0002
84.071298 5.83595692448 1.29033109617 0.345986393308 -0.174354863047 22.1738655835 3.59265697906 0.0002 0.0002
84.271298 5.84504809478 1.34515100176 1.89810311261 -0.496884111281 21.7228937571 3.72626784047 0.0002 0.0002
84.271298 5.84504809478 1.34515100176 1.89810311261 -0.496884111281 21.7228937571 3.72626784047 0.0002 0.0002
84.321298 5.84736060261 1.35847564624 2.27258862573 -0.581230710023 21.5142969573 3.78015751116 0.0002 0.0002
84.427098 5.85233380175 1.38600892395 2.24227292776 -0.618674208716 21.036624605 3.90710745156 0.0002 0.0002
84.427098 5.85233380175 1.38600892395 2.24227292776 -0.618674208716 21.036624605 3.90710745156 0.0002 0.0002
84.627812 5.86208324763 1.43575694252 2.18476078217 -0.689708560292 20.1480569609 4.16971819066 0.0002 0.0002
84.627812 5.86208324763 1.43575694252 2.18476078217 -0.689708560292 20.1480569609 4.16971819066 0.0002 0.0002
89.612498 0.072819628375 2.01579021437 0.756459881552 -2.45383033465 5.48699549557 19.8392725107 0.0002 0.0002
89.662498 0.0819917022926 2.01829588253 0.623418002767 -2.03157517804 5.41802679618 20.063624756 0.0002 0.0002
89.662498 0.0819917022926 2.01829588253 0.623418002767 -2.03157517804 5.41802679618 20.063624756 0.0002 0.0002
89.862498 0.119532907245 2.02812235752 0.112921375177 -0.272562914717 5.27161375793 20.5271651055 0.0002 0.0002
89.862498 0.119532907245 2.02812235752 0.112921375177 -0.272562914717 5.27161375793 20.5271651055 0.0002 0.0002
90.112498 0.166743889111 2.04037215471 -0.518127451868 1.93830566586 5.37200008237 20.106883804 0.0002 0.0002
90.218298 0.186237190594 2.04568820373 -0.543109329885 1.91327475317 5.48427893388 19.6993865957 0.0002 0.0002
90.218298 0.186237190594 2.04568820373 -0.543109329885 1.91327475317 5.48427893388 19.6993865957 0.0002 0.0002
90.419012 0.222106591801 2.05607924579 -0.590502644293 1.86578841473 5.71181072767 18.940875711 0.0002 0.0002
90.419012 0.222106591801 2.05607924579 -0.590502644293 1.86578841473 5.71181072767 18.940875711 0.0002 0.0002
95.297898 0.738503441152 2.51646334709 -1.74252282303 0.711507039998 17.0943760178 6.36654499906 0.0002 0.0002
95.297898 0.738503441152 2.51646334709 -1.74252282303 0.711507039998 17.0943760178 6.36654499906 0.0002 0.0002
95.403698 0.744626498089 2.53327872285 -1.76750470105 0.686476127317 17.4657369299 6.21863837996 0.0002 0.0002
95.453698 0.747475992059 2.54136017502 -1.34426295691 0.52273738704 17.6213893398 6.1582025602 0.0002 0.0002
95.453698 0.747475992059 2.54136017502 -1.34426295691 0.52273738704 17.6213893398 6.1582025602 0.0002 0.0002
95.653698 0.758727830675 2.57416687207 0.393716695656 -0.11432336453 17.8127596608 6.07705309867 0.0002 0.0002
95.653698 0.758727830675 2.57416687207 0.393716695656 -0.11432336453 17.8127596608 6.07705309867 0.0002 0.0002
95.903698 0.772987489912 2.61467650813 2.50685342804 -0.929375299251 17.0800674539 6.33532742417 0.0002 0.0002
101.194898 1.71899687325 3.05420960704 0.250260301507 -2.48595039155 2.49162728809 24.4064987193 0.0002 0.0002
101.244898 1.73915485136 3.05624863799 0.172013665217 -1.93271134973 2.47052169821 24.6275167313 0.0002 0.0002
101.244898 1.73915485136 3.05624863799 0.172013665217 -1.93271134973 2.47052169821 24.6275167313 0.0002 0.0002
101.444898 1.82056429628 3.06429271547 -0.136603002065 0.343278028847 2.46348278377 24.9473721086 0.0002 0.0002
101.444898 1.82056429628 3.06429271547 -0.136603002065 0.343278028847 2.46348278377 24.9473721086 0.0002 0.0002
101.694898 1.91939835439 3.07444610957 -0.539363602351 3.1333172934 2.63086970139 24.0697774153 0.0002 0.0002
101.800698 1.95873912604 3.0789030177 -0.59127746393 3.08576761172 2.7504915262 23.4117982323 0.0002 0.0002
101.800698 1.95873912604 3.0789030177 -0.59127746393 3.08576761172 2.7504915262 23.4117982323 0.0002 0.0002
102.001412 2.02858078718 3.08770895506 -0.689763653087 2.99556074207 3.00761441296 22.1911904931 0.0002 0.0002
102.001412 2.02858078718 3.08770895506 -0.689763653087 2.99556074207 3.00761441296 22.1911904931 0.0002 0.0002
104.444898 2.50862057098 3.25055964432 -1.88873146001 1.8973851136 9.30813112288 10.235345796 0.0002 0.0002
104.444898 2.50862057098 3.25055964432 -1.88873146001 1.8973851136 9.30813112288 10.235345796 0.0002 0.0002
106.986098 2.68683711956 3.68942960949 -3.13564549633 0.755293893493 22.0760778443 3.49435790317 0.0002 0.0002
107.036098 2.68908695813 3.70388770001 -2.60806218519 0.648361311119 22.3633814097 3.42420399574 0.0002 0.0002
107.036098 2.68908695813 3.70388770001 -2.60806218519 0.648361311119 22.3633814097 3.42420399574 0.0002 0.0002
107.236098 2.69788272419 3.76410957106 -0.395957027666 0.247587554142 22.9681706182 3.24618423156 0.0002 0.0002
107.236098 2.69788272419 3.76410957106 -0.395957027666 0.247587554142 22.9681706182 3.24618423156 0.0002 0.0002
107.486098 2.70883255267 3.84165147499 2.39208971732 -0.229252588378 22.463941862 3.24164704944 0.0002 0.0002
107.792612 2.72293670999 3.93393742875 2.30036869647 -0.32877711234 21.0256376637 3.41269096513 0.0002 0.0002
107.792612 2.72293670999 3.93393742875 2.30036869647 -0.32877711234 21.0256376637 3.41269096513 0.0002 0.0002
112.046858 3.08478554265 4.65795613065 1.02733129501 -1.71012285174 6.86878328579 12.0866729817 0.0002 0.0002
112.046858 3.08478554265 4.65795613065 1.02733129501 -1.71012285174 6.86878328579 12.0866729817 0.0002 0.0002
112.777298 3.20360771557 4.71267426006 0.808754973956 -1.94729535702 5.52763243149 14.7581975381 0.0002 0.0002
112.827298 3.21271606279 4.71604127529 0.668120770384 -1.61907263299 5.45381700308 14.9365844818 0.0002 0.0002
112.827298 3.21271606279 4.71604127529 0.668120770384 -1.61907263299 5.45381700308 14.9365844818 0.0002 0.0002
113.027298 3.25005618909 4.72922576179 0.13010918282 -0.247161901428 5.2951452402 15.3121429549 0.0002 0.0002
113.027298 3.25005618909 4.72922576179 0.13010918282 -0.247161901428 5.2951452402 15.3121429549 0.0002 0.0002
113.227298 3.28776252031 4.74232488093 -0.398245197353 1.14286997096 5.3484451871 15.1318918939 0.0002 0.0002
113.227298 3.28776252031 4.74232488093 -0.398245197353 1.14286997096 5.3484451871 15.1318918939 0.0002 0.0002
113.277298 3.29707252355 4.74564295348 -0.533395035634 1.4811879428 5.39500930949 15.0006385649 0.0002 0.0002
113.383098 3.31647779462 4.75277032584 -0.558585202719 1.45866113546 5.51054081871 14.6896025324 0.0002 0.0002
113.383098 3.31647779462 4.75277032584 -0.558585202719 1.45866113546 5.51054081871 14.6896025324 0.0002 0.0002
113.583812 3.35216000313 4.76671096513 -0.606373663933 1.41592535466 5.74436437267 14.1126327796 0.0002 0.0002
113.583812 3.35216000313 4.76671096513 -0.606373663933 1.41592535466 5.74436437267 14.1126327796 0.0002 0.0002
115.622798 3.63634133604 4.94638952199 -1.09184056399 0.981786935017 9.2069994084 9.22373098893 0.0002 0.0002
115.622798 3.63634133604 4.94638952199 -1.09184056399 0.981786935017 9.2069994084 9.22373098893 0.0002 0.0002
117.267498 3.78472348685 5.15926683072 -1.48343099693 0.631599411032 13.4425485446 6.57019446558 0.0002 0.0002
117.267498 3.78472348685 5.15926683072 -1.48343099693 0.631599411032 13.4425485446 6.57019446558 0.0002 0.0002
118.462698 3.86311376422 5.36197069698 -1.76799893362 0.377118880439 17.3286575976 5.36457436361 0.0002 0.0002
118.462698 3.86311376422 5.36197069698 -1.76799893362 0.377118880439 17.3286575976 5.36457436361 0.0002 0.0002
118.568498 3.86915398194 5.38183783931 -1.7931891007 0.354592073095 17.7054312917 5.28715934473 0.0002 0.0002
118.618498 3.87196488867 5.39132233368 -1.36407185927 0.214224987222 17.8633593028 5.25873018402 0.0002 0.0002
118.618498 3.87196488867 5.39132233368 -1.36407185927 0.214224987222 17.8633593028 5.25873018402 0.0002 0.0002
118.818498 3.88306416065 5.42939591765 0.398090859007 -0.343538438641 18.0578370485 5.28442400542 0.0002 0.0002
118.818498 3.88306416065 5.42939591765 0.398090859007 -0.343538438641 18.0578370485 5.28442400542 0.0002 0.0002
119.068498 3.89713011001 5.47545022136 2.54075193733 -1.08449713333 17.3154770563 5.63780658311 0.0002 0.0002
122.440498 4.26503674248 5.82347013516 1.08889025712 -2.3860536604 5.0763235766 17.3405038596 0.0002 0.0002
122.440498 4.26503674248 5.82347013516 1.08889025712 -2.3860536604 5.0763235766 17.3405038596 0.0002 0.0002
124.359698 4.83620618139 5.91080289769 0.262551901055 -3.1268446707 2.48263578663 27.9208583366 0.0002 0.0002
124.409698 4.85644254809 5.91258438083 0.184336716089 -2.49576168153 2.46029993688 28.2020967185 0.0002 0.0002
124.409698 4.85644254809 5.91258438083 0.184336716089 -2.49576168153 2.46029993688 28.2020967185 0.0002 0.0002
124.609698 4.93827572396 5.91959500453 -0.123580368072 0.113796617958 2.44822281949 28.6814400946 0.0002 0.0002
124.609698 4.93827572396 5.91959500453 -0.123580368072 0.113796617958 2.44822281949 28.6814400946 0.0002 0.0002
124.859698 5.03784194872 5.92840473942 -0.524094413219 3.34144670701 2.60860394565 27.809235272 0.0002 0.0002
124.965498 5.07753501219 5.93225819924 -0.575792797849 3.29516405521 2.72497201258 27.1070818533 0.0002 0.0002
124.965498 5.07753501219 5.93225819924 -0.575792797849 3.29516405521 2.72497201258 27.1070818533 0.0002 0.0002
125.166212 5.1480782292 5.93984771944 -0.673870204018 3.20736087776 2.97579687234 25.801934064 0.0002 0.0002
125.166212 5.1480782292 5.93984771944 -0.673870204018 3.20736087776 2.97579687234 25.801934064 0.0002 0.0002
129.341898 5.77291136046 6.26444967126 -2.71428817115 1.3806896002 17.1236823653 6.64367591584 0.0002 0.0002
129.341898 5.77291136046 6.26444967126 -2.71428817115 1.3806896002 17.1236823653 6.64367591584 0.0002 0.0002
130.150898 5.81476161033 0.126612447199 -3.10960001582 1.02678917197 21.8352079086 4.69602558915 0.0002 0.0002
130.200898 5.81703622512 0.137372547479 -2.58791868643 0.891446104245 22.1202010746 4.60015325558 0.0002 0.0002
130.200898 5.81703622512 0.137372547479 -2.58791868643 0.891446104245 22.1202010746 4.60015325558 0.0002 0.0002
130.400898 5.82592803344 0.18226500768 -0.400117615742 0.387715498629 22.7217724968 4.3459913768 0.0002 0.0002
130.400898 5.82592803344 0.18226500768 -0.400117615742 0.387715498629 22.7217724968 4.3459913768 0.0002 0.0002
130.650898 5.83699556378 0.240424727869 2.35823119374 -0.203022534675 22.2271474756 4.30028714018 0.0002 0.0002
130.756698 5.84180950881 0.264900567016 2.32699998369 -0.228639633403 21.731450017 4.34595699756 0.0002 0.0002
130.756698 5.84180950881 0.264900567016 2.32699998369 -0.228639633403 21.731450017 4.34595699756 0.0002 0.0002
135.061658 6.19399886985 0.944287685942 1.05621444478 -1.27098921126 7.16684723096 10.8017991887 0.0002 0.0002
135.061658 6.19399886985 0.944287685942 1.05621444478 -1.27098921126 7.16684723096 10.8017991887 0.0002 0.0002
135.792098 0.0245350816868 1.00647752834 0.840595115209 -1.44784888607 5.78134165596 12.7877472885 0.0002 0.0002
135.842098 0.0332433371363 1.01036697746 0.694383680346 -1.16204141789 5.70462219068 12.9182919648 0.0002 0.0002
135.842098 0.0332433371363 1.01036697746 0.694383680346 -1.16204141789 5.70462219068 12.9182919648 0.0002 0.0002
136.042098 0.0689375382078 1.02566661159 0.135024949947 0.0212393408287 5.53975274549 13.1478654071 0.0002 0.0002
136.042098 0.0689375382078 1.02566661159 0.135024949947 0.0212393408287 5.53975274549 13.1478654071 0.0002 0.0002
136.242098 0.104979001758 1.04097619477 -0.414311705787 1.20296289722 5.59526923134 12.901508631 0.0002 0.0002
136.242098 0.104979001758 1.04097619477 -0.414311705787 1.20296289722 5.59526923134 12.901508631 0.0002 0.0002
136.292098 0.113878518231 1.04487134721 -0.554831565829 1.48790285141 5.64370778553 12.7669136262 0.0002 0.0002
136.397898 0.132429952044 1.05326165387 -0.579349005904 1.46126948818 5.76370409002 12.4548911926 0.0002 0.0002
136.397898 0.132429952044 1.05326165387 -0.579349005904 1.46126948818 5.76370409002 12.4548911926 0.0002 0.0002
139.002498 0.476333525045 1.34577243871 -1.1829229607 0.80560542518 10.3537176542 6.5505887933 0.0002 0.0002
139.002498 0.476333525045 1.34577243871 -1.1829229607 0.80560542518 10.3537176542 6.5505887933 0.0002 0.0002
141.496798 0.661663108082 1.84805046594 -1.76093667316 0.17770752441 17.696586739 4.09791130314 0.0002 0.0002
141.633298 0.669291181069 1.88146463625 -0.829616532383 -0.0733852549178 18.0510560348 4.08370569638 0.0002 0.0002
141.633298 0.669291181069 1.88146463625 -0.829616532383 -0.0733852549178 18.0510560348 4.08370569638 0.0002 0.0002
141.833298 0.680326408751 1.92997506375 0.570637581779 -0.447205275997 18.1031227827 4.18728588614 0.0002 0.0002
141.833298 0.680326408751 1.92997506375 0.570637581779 -0.447205275997 18.1031227827 4.18728588614 0.0002 0.0002
142.169798 0.699395839374 2.0063173892 2.80291387661 -1.15226177199 16.9509163556 4.71772333725 0.0002 0.0002
147.464298 1.89081159518 2.46144820925 0.0367024175659 -3.76454842867 1.91656788613 30.7497749446 0.0002 0.0002
147.774298 2.05054593891 2.47125468151 -0.314189401125 -0.795098265607 2.00174453138 32.1774739264 0.0002 0.0002
147.774298 2.05054593891 2.47125468151 -0.314189401125 -0.795098265607 2.00174453138 32.1774739264 0.0002 0.0002
147.974298 2.14673365785 2.4774651342 -0.557861698949 1.19341157587 2.1754372761 32.0974802865 0.0002 0.0002
147.974298 2.14673365785 2.4774651342 -0.557861698949 1.19341157587 2.1754372761 32.0974802865 0.0002 0.0002
148.484298 2.34656305907 2.49411865961 -1.33727425789 5.77663196034 3.1167861239 28.4440127954 0.0002 0.0002
148.795099 2.43432254526 2.50578105693 -1.61531938272 5.40108481664 4.03445517999 24.9699672434 0.0002 0.0002
148.795099 2.43432254526 2.50578105693 -1.61531938272 5.40108481664 4.03445517999 24.9699672434 0.0002 0.0002
149.451742 2.56249232299 2.53642222565 -2.20275759852 4.60764977918 6.54156870318 18.3978017322 0.0002 0.0002
149.761742 2.60590661796 2.55442602457 -1.46651786397 2.13569418695 7.69462692789 16.3350914085 0.0002 0.0002
149.761742 2.60590661796 2.55442602457 -1.46651786397 2.13569418695 7.69462692789 16.3350914085 0.0002 0.0002
149.961742 2.6310752681 2.56692577293 -0.858153438609 0.749072066282 8.16218712015 15.7613531887 0.0002 0.0002
149.961742 2.6310752681 2.56692577293 -0.858153438609 0.749072066282 8.16218712015 15.7613531887 0.0002 0.0002
150.471742 2.69244459658 2.59888954887 0.848596989837 -2.76946690076 8.16724684149 16.7557425134 0.0002 0.0002
150.968217 2.75645191244 2.62626579979 0.744033600208 -3.02635864345 7.3765455693 19.6332250005 0.0002 0.0002
150.968217 2.75645191244 2.62626579979 0.744033600208 -3.02635864345 7.3765455693 19.6332250005 0.0002 0.0002
150.968217 2.75645191244 2.62626579979 0.744033600208 -3.02635864345 7.3765455693 19.6332250005 0.0002 0.0002
153.973287 3.28544668332 2.73049225633 0.111131026521 -4.58127615029 4.80671600445 42.4947000901 0.0002 0.0002
154.283287 3.34983451504 2.73760243136 -0.300847298583 -1.5269306739 4.86509502421 44.4024368941 0.0002 0.0002
154.283287 3.34983451504 2.73760243136 -0.300847298583 -1.5269306739 4.86509502421 44.4024368941 0.0002 0.0002
154.483287 3.39029580874 2.74208967959 -0.578593128332 0.533056215446 5.04044127744 44.6018286828 0.0002 0.0002
154.483287 3.39029580874 2.74208967959 -0.578593128332 0.533056215446 5.04044127744 44.6018286828 0.0002 0.0002
154.993287 3.48383310907 2.75383228366 -1.4107421543 5.52134465059 6.03508433022 41.4504679905 0.0002 0.0002
155.304088 3.5318072182 2.76165408135 -1.56473422072 5.28526417551 6.95986536305 38.0917631607 0.0002 0.0002
155.304088 3.5318072182 2.76165408135 -1.56473422072 5.28526417551 6.95986536305 38.0917631607 0.0002 0.0002
155.960731 3.6138332598 2.78061829066 -1.89008006086 4.78648652874 9.22844497735 31.478218563 0.0002 0.0002
156.270731 3.64550057146 2.79091999204 -1.73532345446 3.69645967544 10.3557854837 28.8565542734 0.0002 0.0002
156.270731 3.64550057146 2.79091999204 -1.73532345446 3.69645967544 10.3557854837 28.8565542734 0.0002 0.0002
156.470731 3.66420815435 2.79802362055 -1.60117722186 3.0680620851 11.0239402095 27.5053772348 0.0002 0.0002
156.470731 3.66420815435 2.79802362055 -1.60117722186 3.0680620851 11.0239402095 27.5053772348 0.0002 0.0002
156.980731 3.70758988042 2.81750987141 -1.1538372788 1.65831428151 12.4407980919 25.1147696664 0.0002 0.0002
157.477206 3.74572171634 2.83794528068 -1.246874096 1.58418322712 13.6326912717 23.5049507158 0.0002 0.0002
157.477206 3.74572171634 2.83794528068 -1.246874096 1.58418322712 13.6326912717 23.5049507158 0.0002 0.0002
157.477206 3.74572171634 2.83794528068 -1.246874096 1.58418322712 13.6326912717 23.5049507158 0.0002 0.0002
158.548502 3.81717009898 2.88703021519 -1.44762936084 1.42422290275 16.519302047 20.2820572625 0.0002 0.0002
158.548502 3.81717009898 2.88703021519 -1.44762936084 1.42422290275 16.519302047 20.2820572625 0.0002 0.0002
158.813005 3.83281784564 2.90031747145 -1.49719583903 1.38472869604 17.2982171469 19.5390811378 0.0002 0.0002
158.813005 3.83281784564 2.90031747145 -1.49719583903 1.38472869604 17.2982171469 19.5390811378 0.0002 0.0002
165.740498 4.07813612246 3.50867956947 -2.79537177912 0.350351616922 47.0349492736 7.5193244153 0.0002 0.0002
165.740498 4.07813612246 3.50867956947 -2.79537177912 0.350351616922 47.0349492736 7.5193244153 0.0002 0.0002
168.065698 4.12154231402 3.84250271433 -3.23110209252 0.00316489520944 61.04770632 6.69732782129 0.0002 0.0002
168.065698 4.12154231402 3.84250271433 -3.23110209252 0.00316489520944 61.04770632 6.69732782129 0.0002 0.0002
168.277698 4.12497646102 3.87414973232 -3.27082978323 -0.0284898377181 62.4261158776 6.7026967091 0.0002 0.0002
168.277698 4.12497646102 3.87414973232 -3.27082978323 -0.0284898377181 62.4261158776 6.7026967091 0.0002 0.0002
