0.0 0.0 0.0 -1.25287976099 0.789987518004 5.79735938488 9.99584375794 0.0002 0.0002
0.0 0.0 0.0 -1.25287976099 0.789987518004 5.79735938488 9.99584375794 0.0002 0.0002
0.0 0.0 0.0 -1.25287976099 0.789987518004 5.79735938488 9.99584375794 0.0002 0.0002
0.423 0.066753540216 0.0437532690482 -1.4403765648 0.721260357547 6.93660681069 9.35658590658 0.0002 0.0002
0.423 0.066753540216 0.0437532690482 -1.4403765648 0.721260357547 6.93660681069 9.35658590658 0.0002 0.0002
0.877 0.126493679056 0.0939926370906 -1.64161426913 0.647496454835 8.3358306493 8.73517031376 0.0002 0.0002
0.877 0.126493679056 0.0939926370906 -1.64161426913 0.647496454835 8.3358306493 8.73517031376 0.0002 0.0002
1.357 0.179054848887 0.150908639629 -1.85437659969 0.569508187651 10.0139062663 8.15100808537 0.0002 0.0002
1.357 0.179054848887 0.150908639629 -1.85437659969 0.569508187651 10.0139062663 8.15100808537 0.0002 0.0002
1.89 0.227461469232 0.218724550225 -2.09063143759 0.482908715965 12.1165955502 7.59006987574 0.0002 0.0002
1.89 0.227461469232 0.218724550225 -2.09063143759 0.482908715965 12.1165955502 7.59006987574 0.0002 0.0002
2.475 0.271287727347 0.298608182672 -2.34993552796 0.387860515334 14.714327225 7.08066987543 0.0002 0.0002
2.475 0.271287727347 0.298608182672 -2.34993552796 0.387860515334 14.714327225 7.08066987543 0.0002 0.0002
3.06 0.30763187344 0.383756269393 -2.60923961834 0.292812314703 17.6154446856 6.68247626986 0.0002 0.0002
3.06 0.30763187344 0.383756269393 -2.60923961834 0.292812314703 17.6154446856 6.68247626986 0.0002 0.0002
3.645 0.33818367368 0.473361134349 -2.86854370871 0.197764114072 20.819947932 6.39548905903 0.0002 0.0002
3.645 0.33818367368 0.473361134349 -2.86854370871 0.197764114072 20.819947932 6.39548905903 0.0002 0.0002
4.6635 0.381056842021 0.636334330528 -3.31999877888 0.0322827596395 27.1229784556 6.16118631815 0.0002 0.0002
5.0 0.393275533142 0.68962794033 2.9466501061 -1.50789321957 27.2519470949 6.64533124673 0.0002 0.0002
5.0 0.393275533142 0.68962794033 2.9466501061 -1.50789321957 27.2519470949 6.64533124673 0.0002 0.0002
5.3365 0.406442290767 0.735547309062 8.32634033917 -3.52593149772 23.3578332421 8.29691936867 0.0002 0.0002
5.7585 0.427704833722 0.778648441223 7.0557433696 -4.20912307319 16.866593917 11.5611123976 0.0002 0.0002
6.025 0.445141630862 0.800001877815 3.52089764915 -1.97658514091 14.0965294693 13.2392607424 0.0002 0.0002
6.025 0.445141630862 0.800001877815 3.52089764915 -1.97658514091 14.0965294693 13.2392607424 0.0002 0.0002
6.2915 0.465018789981 0.819693318601 0.743291012679 0.666344944999 12.9797214591 13.5947216436 0.0002 0.0002
6.973 0.519601798259 0.871509033735 0.661778002888 0.593956804405 12.022166925 12.7358260014 0.0002 0.0002
6.973 0.519601798259 0.871509033735 0.661778002888 0.593956804405 12.022166925 12.7358260014 0.0002 0.0002
7.482 0.563133200077 0.912423969958 0.600897413037 0.539891413998 11.3794651383 12.1586972582 0.0002 0.0002
7.482 0.563133200077 0.912423969958 0.600897413037 0.539891413998 11.3794651383 12.1586972582 0.0002 0.0002
7.992 0.609158621209 0.955314830879 0.539897214954 0.48571980475 10.797659878 11.6356355367 0.0002 0.0002
7.992 0.609158621209 0.955314830879 0.539897214954 0.48571980475 10.797659878 11.6356355367 0.0002 0.0002
8.498 0.657200049455 0.999711114139 0.479375449798 0.431973070868 10.2819079096 11.1712829416 0.0002 0.0002
8.498 0.657200049455 0.999711114139 0.479375449798 0.431973070868 10.2819079096 11.1712829416 0.0002 0.0002
8.9873 0.705861015825 1.04432598128 0.420851142108 0.380000191642 9.84142703819 10.7739844242 0.0002 0.0002
8.9873 0.705861015825 1.04432598128 0.420851142108 0.380000191642 9.84142703819 10.7739844242 0.0002 0.0002
9.4566 0.75448543446 1.0885888119 0.364718999049 0.330151689249 9.47275897095 10.4407101465 0.0002 0.0002
9.4566 0.75448543446 1.0885888119 0.364718999049 0.330151689249 9.47275897095 10.4407101465 0.0002 0.0002
9.9277 0.805092981339 1.1343606076 0.308371561173 0.280111992941 9.15566600803 10.1532149259 0.0002 0.0002
9.9277 0.805092981339 1.1343606076 0.308371561173 0.280111992941 9.15566600803 10.1532149259 0.0002 0.0002
16.240021 1.52426352844 1.77965505857 -0.446633990515 -0.390375431889 10.0284228443 10.8492331471 0.0002 0.0002
16.240021 1.52426352844 1.77965505857 -0.446633990515 -0.390375431889 10.0284228443 10.8492331471 0.0002 0.0002
17.480021 1.64187692492 1.88872657728 -0.384257937794 -0.522205025018 11.0678384446 11.9818486835 0.0002 0.0002
17.480021 1.64187692492 1.88872657728 -0.384257937794 -0.522205025018 11.0678384446 11.9818486835 0.0002 0.0002
17.480021 1.64187692492 1.88872657728 -0.384257937794 -0.522205025018 11.0678384446 11.9818486835 0.0002 0.0002
17.480021 1.64187692492 1.88872657728 -0.384257937794 -0.522205025018 11.0678384446 11.9818486835 0.0002 0.0002
18.720021 1.74977852503 1.98667943932 -0.285913571929 -0.654034618147 11.9061986433 13.4416950832 0.0002 0.0002
18.720021 1.74977852503 1.98667943932 -0.730698711653 -0.151887257365 11.9061986433 13.4416950832 0.0002 0.0002
20.0 1.84912574858 2.08027209005 -0.895603247829 -0.249308585053 13.9878309991 13.9552173364 0.0002 0.0002
20.0 1.84912574858 2.08027209005 -0.895603247829 -0.249308585053 13.9878309991 13.9552173364 0.0002 0.0002
22.328798 1.99300877461 2.23913320462 -1.195631103 -0.426557268883 18.8578933729 15.5291723853 0.0002 0.0002
22.595298 2.00671248327 2.25641467252 -4.46621585282 2.024498567 20.3455124189 15.0971098655 0.0002 0.0002
22.595298 2.00671248327 2.25641467252 -4.46621585282 2.024498567 20.3455124189 15.0971098655 0.0002 0.0002
22.861798 2.01892176798 2.27499619924 -8.51611981222 4.13227919439 23.7565494793 13.4323973281 0.0002 0.0002
23.218798 2.03224346402 2.30484388638 -9.62100139147 3.65187082566 30.2315017491 10.6534557709 0.0002 0.0002
23.355298 2.03658609395 2.31823262492 -7.37645205425 2.67215690268 32.560312643 9.79341884738 0.0002 0.0002
23.355298 2.03658609395 2.31823262492 -7.37645205425 2.67215690268 32.560312643 9.79341884738 0.0002 0.0002
23.555298 2.04250747847 2.33964956452 -3.52758953226 1.44169902635 34.7586829936 8.97714780245 0.0002 0.0002
23.555298 2.04250747847 2.33964956452 -3.52758953226 1.44169902635 34.7586829936 8.97714780245 0.0002 0.0002
23.891798 2.05207843963 2.37833601978 3.50019843333 -0.368960897343 34.7681140018 8.62410670828 0.0002 0.0002
27.336298 2.20259346535 2.71332197382 2.18737457241 -0.822736262327 15.1772687836 12.7289075748 0.0002 0.0002
27.336298 2.20259346535 2.71332197382 2.18737457241 -0.822736262327 15.1772687836 12.7289075748 0.0002 0.0002
28.003298 2.25117642619 2.7635144888 1.9331566844 -0.910606248811 12.4288744353 13.8850470297 0.0002 0.0002
28.003298 2.25117642619 2.7635144888 1.9331566844 -0.910606248811 12.4288744353 13.8850470297 0.0002 0.0002
28.805298 2.32476680989 2.81833331264 1.62748540077 -1.01626101517 9.57323948296 15.4303945754 0.0002 0.0002
28.855298 2.33003189809 2.82156455936 1.33893424376 -0.578920861897 9.42498918021 15.5101917204 0.0002 0.0002
28.855298 2.33003189809 2.82156455936 1.33893424376 -0.578920861897 9.42498918021 15.5101917204 0.0002 0.0002
29.055298 2.35169933933 2.83446085464 0.245460495365 1.17833911104 9.11050572738 15.3893850452 0.0002 0.0002
29.055298 2.35169933933 2.83446085464 0.245460495365 1.17833911104 9.11050572738 15.3893850452 0.0002 0.0002
29.305298 2.37899264545 2.85122552105 -1.101032978 3.20638805511 9.32188517453 14.2799470277 0.0002 0.0002
32.666098 2.63156295916 3.61577835318 -1.89861941447 0.551411078272 19.4031169352 1.6507357002 0.0002 0.0002
32.716098 2.63412865605 3.64655617499 -1.29271293247 0.461455138698 19.5627675447 1.6001190132 0.0002 0.0002
32.716098 2.63412865605 3.64655617499 -1.29271293247 0.461455138698 19.5627675447 1.6001190132 0.0002 0.0002
32.916098 2.64430311948 3.77727532781 1.17362008437 0.125350127928 19.5867886343 1.4837358791 0.0002 0.0002
32.916098 2.64430311948 3.77727532781 1.17362008437 0.125350127928 19.5867886343 1.4837358791 0.0002 0.0002
33.166098 2.65743598596 3.94552271711 4.06306948166 -0.280667353738 18.2601230354 1.52206246857 0.0002 0.0002
36.526898 3.28789754613 4.88342652806 0.840600517365 -2.66266170903 1.77986890271 11.4140027827 0.0002 0.0002
36.576898 3.31664020394 4.88775960415 0.720633359552 -2.20383382085 1.70186228825 11.6574995375 0.0002 0.0002
36.576898 3.31664020394 4.88775960415 0.720633359552 -2.20383382085 1.70186228825 11.6574995375 0.0002 0.0002
36.776898 3.44279603363 4.90447172214 0.29243112557 -0.222914926922 1.50150808905 12.1484086318 0.0002 0.0002
36.776898 3.44279603363 4.90447172214 0.29243112557 -0.222914926922 1.50150808905 12.1484086318 0.0002 0.0002
37.026898 3.61297693893 4.92532132188 -0.192683526336 2.26322978138 1.47700231019 11.6291296965 0.0002 0.0002
37.333412 3.80993521517 4.95334345734 -0.407912659763 2.1018640703 1.66109344957 10.2911673197 0.0002 0.0002
37.333412 3.80993521517 4.95334345734 -0.407912659763 2.1018640703 1.66109344957 10.2911673197 0.0002 0.0002
40.387698 4.62003966825 5.62129221303 -2.5525824922 0.493921097951 10.7032923453 2.36289702128 0.0002 0.0002
40.437698 4.62465937959 5.64265716849 -2.10854003108 0.366119553188 10.9365186833 2.31992634018 0.0002 0.0002
40.437698 4.62465937959 5.64265716849 -2.10854003108 0.366119553188 10.9365186833 2.31992634018 0.0002 0.0002
40.637698 4.64246655528 5.73039273183 -0.188932967562 -0.123838638145 11.4014542725 2.27202808315 0.0002 0.0002
40.637698 4.64246655528 5.73039273183 -0.188932967562 -0.123838638145 11.4014542725 2.27202808315 0.0002 0.0002
40.887698 4.66470501698 5.83663351661 2.21532726913 -0.769206347334 10.885407082 2.49130367264 0.0002 0.0002
41.194212 4.69472760618 5.94856033709 2.04897748969 -0.965036233478 9.57833797311 3.02287330306 0.0002 0.0002
41.194212 4.69472760618 5.94856033709 2.04897748969 -0.965036233478 9.57833797311 3.02287330306 0.0002 0.0002
44.248498 5.43843837323 0.138238903508 0.391370325134 -2.91640054189 2.12481780715 14.877891306 0.0002 0.0002
44.298498 5.46216715533 0.141569293915 0.275664336662 -2.30620861927 2.09148961543 15.1392063961 0.0002 0.0002
44.298498 5.46216715533 0.141569293915 0.275664336662 -2.30620861927 2.09148961543 15.1392063961 0.0002 0.0002
44.498498 5.5589538151 0.154531222457 -0.173340996173 0.276025237324 2.07125316849 15.5498957036 0.0002 0.0002
44.498498 5.5589538151 0.154531222457 -0.173340996173 0.276025237324 2.07125316849 15.5498957036 0.0002 0.0002
44.748498 5.674657522 0.170971394107 -0.775442760631 3.41097751464 2.3043468506 14.6115131717 0.0002 0.0002
44.854298 5.71896328103 0.178395489968 -0.848964137855 3.31949086319 2.47620910046 13.8994296173 0.0002 0.0002
44.854298 5.71896328103 0.178395489968 -0.848964137855 3.31949086319 2.47620910046 13.8994296173 0.0002 0.0002
45.055012 5.79465659037 0.193561828949 -0.988442112411 3.14593082767 2.84500225858 12.6017289681 0.0002 0.0002
45.055012 5.79465659037 0.193561828949 -0.988442112411 3.14593082767 2.84500225858 12.6017289681 0.0002 0.0002
48.109298 0.0 0.98906797338 -3.1108930874 0.504849554508 15.3655443687 1.45120155772 0.0002 0.0002
48.159298 0.0 1.02409173727 -2.45990950249 0.400105082221 15.6442880208 1.40598682945 0.0002 0.0002
48.159298 0.0 1.02409173727 -2.45990950249 0.400105082221 15.6442880208 1.40598682945 0.0002 0.0002
48.359298 0.00742304561014 1.17199611534 0.299861695447 0.00743573978861 16.0814154512 1.32541756938 0.0002 0.0002
48.359298 0.00742304561014 1.17199611534 0.299861695447 0.00743573978861 16.0814154512 1.32541756938 0.0002 0.0002
48.609298 0.0233332371903 1.35541768368 3.64613339189 -0.488319627763 15.0765089308 1.44349141228 0.0002 0.0002
48.715098 0.030534924319 1.42606179449 3.54582265334 -0.579091661398 14.3155999812 1.55642352667 0.0002 0.0002
48.715098 0.030534924319 1.42606179449 3.54582265334 -0.579091661398 14.3155999812 1.55642352667 0.0002 0.0002
48.915812 0.0452880012082 1.54548798606 3.35552237377 -0.751295989933 12.9304034154 1.82345095372 0.0002 0.0002
48.915812 0.0452880012082 1.54548798606 3.35552237377 -0.751295989933 12.9304034154 1.82345095372 0.0002 0.0002
51.970098 0.895554908879 2.18363609575 0.459703050355 -3.37174732757 1.27761381568 14.4164044358 0.0002 0.0002
52.020098 0.935357664323 2.1870666594 0.359956189086 -2.79017897857 1.23665977784 14.724718562 0.0002 0.0002
52.020098 0.935357664323 2.1870666594 0.359956189086 -2.79017897857 1.23665977784 14.724718562 0.0002 0.0002
52.220098 1.10344740793 2.20029693399 -0.0166126600995 -0.279570303479 1.16875676446 15.345702526 0.0002 0.0002
52.220098 1.10344740793 2.20029693399 -0.0166126600995 -0.279570303479 1.16875676446 15.345702526 0.0002 0.0002
52.470098 1.30993393561 2.2168040105 -0.496511322937 2.8708109352 1.29481944813 14.6862049929 0.0002 0.0002
52.575898 1.38829762451 2.22416005353 -0.598365049212 2.80423440542 1.4106573683 14.0857851958 0.0002 0.0002
52.575898 1.38829762451 2.22416005353 -0.598365049212 2.80423440542 1.4106573683 14.0857851958 0.0002 0.0002
55.830898 2.15807172146 2.80510121601 -3.73195558818 0.755967822928 15.505851043 2.49732694255 0.0002 0.0002
55.880898 2.16126025615 2.82541247103 -3.08571999359 0.618259852655 15.846983814 2.42866565983 0.0002 0.0002
55.880898 2.16126025615 2.82541247103 -3.08571999359 0.618259852655 15.846983814 2.42866565983 0.0002 0.0002
56.080898 2.1735456657 2.91091874811 -0.290529583829 0.110194623129 16.5302304566 2.28465244289 0.0002 0.0002
56.080898 2.1735456657 2.91091874811 -0.290529583829 0.110194623129 16.5302304566 2.28465244289 0.0002 0.0002
56.330898 2.18888173005 3.01925311142 3.21335208983 -0.511009478577 15.7858947843 2.3830671216 0.0002 0.0002
56.436698 2.19573132727 3.06263755497 3.13744560209 -0.566999352088 15.1139803885 2.49712045588 0.0002 0.0002
56.436698 2.19573132727 3.06263755497 3.13744560209 -0.566999352088 15.1139803885 2.49712045588 0.0002 0.0002
59.691698 2.78193377747 3.70583979523 0.802137307253 -2.28956115054 2.29063801859 11.795224892 0.0002 0.0002
59.741698 2.80413115435 3.71004096657 0.672427017517 -1.80725044079 2.21696182078 12.0002102405 0.0002 0.0002
59.741698 2.80413115435 3.71004096657 0.672427017517 -1.80725044079 2.21696182078 12.0002102405 0.0002 0.0002
59.941698 2.89874840802 3.72639839328 0.200278572013 0.232455551147 2.04436633822 12.3187766216 0.0002 0.0002
59.941698 2.89874840802 3.72639839328 0.200278572013 0.232455551147 2.04436633822 12.3187766216 0.0002 0.0002
60.191698 3.02126857404 3.7471553565 -0.358398395281 2.70609155705 2.08321292413 11.5708901633 0.0002 0.0002
60.498212 3.16013401829 3.77568328019 -0.52443305183 2.4856162959 2.35381312231 9.97955902243 0.0002 0.0002
60.498212 3.16013401829 3.77568328019 -0.52443305183 2.4856162959 2.35381312231 9.97955902243 0.0002 0.0002
62.097498 3.62453816219 4.03599435919 -1.39074552609 1.33525122776 5.41673140947 3.86889908397 0.0002 0.0002
62.097498 3.62453816219 4.03599435919 -1.39074552609 1.33525122776 5.41673140947 3.86889908397 0.0002 0.0002
63.552498 3.81765848071 4.68294833835 -2.17890014636 0.288670957477 10.6105658629 1.50609230444 0.0002 0.0002
63.602498 3.82232528168 4.71643765904 -1.86276183093 0.205750075037 10.8127558875 1.48138431658 0.0002 0.0002
63.602498 3.82232528168 4.71643765904 -1.86276183093 0.205750075037 10.8127558875 1.48138431658 0.0002 0.0002
63.802498 3.84035162526 4.85324793408 -0.50116554631 -0.118030657524 11.2895824027 1.4639873717 0.0002 0.0002
63.802498 3.84035162526 4.85324793408 -0.50116554631 -0.118030657524 11.2895824027 1.4639873717 0.0002 0.0002
64.052498 3.86254015328 5.01702450843 1.25502581711 -0.543704852943 11.0985857439 1.62726843233 0.0002 0.0002
68.445984 4.52912341833 5.84727719382 0.235650803648 -4.041754779 4.54931888012 21.7734211288 0.0002 0.0002
68.445984 4.52912341833 5.84727719382 0.235650803648 -4.041754779 4.54931888012 21.7734211288 0.0002 0.0002
68.646698 4.5736770086 5.8561641434 0.189081214841 -4.20156127272 4.46406921776 23.4279700668 0.0002 0.0002
68.646698 4.5736770086 5.8561641434 0.189081214841 -4.20156127272 4.46406921776 23.4279700668 0.0002 0.0002
68.752498 4.59747954799 5.86059599295 0.164533537569 -4.28579818213 4.42665677695 24.3259326972 0.0002 0.0002
68.802498 4.60879006438 5.86263439557 0.0304909936255 -3.63963065388 4.41691005542 24.7223874179 0.0002 0.0002
68.802498 4.60879006438 5.86263439557 0.0304909936255 -3.63963065388 4.41691005542 24.7223874179 0.0002 0.0002
69.002498 4.65376996651 5.87054963205 -0.511436536499 -0.890544059819 4.51239400414 25.6351834359 0.0002 0.0002
69.002498 4.65376996651 5.87054963205 -0.511436536499 -0.890544059819 4.51239400414 25.6351834359 0.0002 0.0002
69.252498 4.70699864635 5.88032988936 -1.25915378618 2.62678619753 4.9499961731 25.1960362166 0.0002 0.0002
69.7 4.78798633318 5.89895770377 -1.49289178831 2.48647570057 6.18154207177 22.9078412907 0.0002 0.0002
69.7 4.78798633318 5.89895770377 -1.49289178831 2.48647570057 6.18154207177 22.9078412907 0.0002 0.0002
70.002498 4.8335588085 5.91261014437 -1.65089170377 2.39162999103 7.13253029056 21.4322240752 0.0002 0.0002
70.002498 4.8335588085 5.91261014437 -1.65089170377 2.39162999103 7.13253029056 21.4322240752 0.0002 0.0002
70.251298 4.86652988954 5.92454976861 -1.78084422896 2.31362083879 7.98634619062 20.2615576687 0.0002 0.0002
70.251298 4.86652988954 5.92454976861 -1.78084422896 2.31362083879 7.98634619062 20.2615576687 0.0002 0.0002
71.491298 4.98837517208 5.99579796526 -2.19319041118 1.92448012396 12.9565711052 15.0015934645 0.0002 0.0002
71.491298 4.98837517208 5.99579796526 -2.19319041118 1.92448012396 12.9565711052 15.0015934645 0.0002 0.0002
71.491298 4.98837517208 5.99579796526 -2.19319041118 1.92448012396 12.9565711052 15.0015934645 0.0002 0.0002
71.491298 4.98837517208 5.99579796526 -2.19319041118 1.92448012396 12.9565711052 15.0015934645 0.0002 0.0002
72.731298 5.06787044412 6.09388102397 -2.40617152372 1.53533940913 18.7088770991 10.7075648282 0.0002 0.0002
72.731298 5.06787044412 6.09388102397 -2.40617152372 1.53533940913 18.7088770991 10.7075648282 0.0002 0.0002
73.630098 5.11090727067 6.18994361378 -2.73235612771 1.25352821125 23.3273857522 8.20093061104 0.0002 0.0002
73.680098 5.11303894638 6.19608515502 -2.24621818795 1.06504403979 23.5764032157 8.08504329389 0.0002 0.0002
73.680098 5.11303894638 6.19608515502 -2.24621818795 1.06504403979 23.5764032157 8.08504329389 0.0002 0.0002
73.880098 5.12141008167 6.22133842822 -0.226986473013 0.34887812745 24.0738839545 7.80386030172 0.0002 0.0002
73.880098 5.12141008167 6.22133842822 -0.226986473013 0.34887812745 24.0738839545 7.80386030172 0.0002 0.0002
74.130098 5.1318630548 6.2534361366 2.30243485535 -0.518139940946 23.5503492728 7.84580274729 0.0002 0.0002
74.436612 5.14527958782 0.00852426691225 2.22042299581 -0.567695546548 22.1640300214 8.1786265259 0.0002 0.0002
74.436612 5.14527958782 0.00852426691225 2.22042299581 -0.567695546548 22.1640300214 8.1786265259 0.0002 0.0002
75.985612 5.22781707021 0.177895210301 1.80596763515 -0.818129892377 15.9271509341 10.3252701308 0.0002 0.0002
75.985612 5.22781707021 0.177895210301 1.80596763515 -0.818129892377 15.9271509341 10.3252701308 0.0002 0.0002
78.030098 5.39339038676 0.346677308915 1.25893846634 -1.14867186395 9.66099331826 14.3463687864 0.0002 0.0002
78.080098 5.39859793798 0.350149785224 1.04947145056 -0.859777020213 9.54561233734 14.4468256391 0.0002 0.0002
78.080098 5.39859793798 0.350149785224 1.04947145056 -0.859777020213 9.54561233734 14.4468256391 0.0002 0.0002
78.280098 5.41989857538 0.363904524114 0.246384435695 0.319069327426 9.28785212783 14.5555637111 0.0002 0.0002
78.280098 5.41989857538 0.363904524114 0.246384435695 0.319069327426 9.28785212783 14.5555637111 0.0002 0.0002
78.530098 5.44675752334 0.381323209903 -0.740636310509 1.75430618772 9.41036785697 14.0327354702 0.0002 0.0002
78.635898 5.45790713422 0.388963633747 -0.758046443818 1.72356314092 9.56892849238 13.6647768952 0.0002 0.0002
78.635898 5.45790713422 0.388963633747 -0.758046443818 1.72356314092 9.56892849238 13.6647768952 0.0002 0.0002
78.836612 5.47855149732 0.4040324313 -0.791075342657 1.66524026858 9.87985892263 12.9845966077 0.0002 0.0002
78.836612 5.47855149732 0.4040324313 -0.791075342657 1.66524026858 9.87985892263 12.9845966077 0.0002 0.0002
83.821298 5.82464252483 1.22053052652 -1.61134044442 0.216805155687 21.8551472626 3.60319112998 0.0002 0.0002
83.871298 5.82692258622 1.23444392901 -1.22584698738 0.138143182471 21.9970489556 3.58544900393 0.0002 0.0002
83.871298 5.82692258622 1.23444392901 -1.22584698738 0.138143182471 21.9970489556 3.58544900393 0.0002 0.0002
84.071298 5.83595692448 1.29033109617 0.345986393308 -0.174354863047 22.1738655835 3.59265697906 0.0002 0.0002
84.071298 5.83595692448 1.29033109617 0.345986393308 -0.174354863047 22.1738655835 3.59265697906 0.0002 0.0002
84.271298 5.84504809478 1.34515100176 1.89810311261 -0.496884111281 21.7228937571 3.72626784047 0.0002 0.0002
84.271298 5.84504809478 1.34515100176 1.89810311261 -0.496884111281 21.7228937571 3.72626784047 0.0002 0.0002
84.321298 5.84736060261 1.35847564624 2.27258862573 -0.581230710023 21.5142969573 3.78015751116 0.0002 0.0002
84.427098 5.85233380175 1.38600892395 2.24227292776 -0.618674208716 21.036624605 3.90710745156 0.0002 0.0002
84.427098 5.85233380175 1.38600892395 2.24227292776 -0.618674208716 21.036624605 3.90710745156 0.0002 0.0002
84.627812 5.86208324763 1.43575694252 2.18476078217 -0.689708560292 20.1480569609 4.16971819066 0.0002 0.0002
84.627812 5.86208324763 1.43575694252 2.18476078217 -0.689708560292 20.1480569609 4.16971819066 0.0002 0.0002
89.612498 0.072819628375 2.01579021437 0.756459881552 -2.45383033465 5.48699549557 19.8392725107 0.0002 0.0002
89.662498 0.0819917022926 2.01829588253 0.623418002767 -2.03157517804 5.41802679618 20.063624756 0.0002 0.0002
89.662498 0.0819917022926 2.01829588253 0.623418002767 -2.03157517804 5.41802679618 20.063624756 0.0002 0.0002
89.862498 0.119532907245 2.02812235752 0.112921375177 -0.272562914717 5.27161375793 20.5271651055 0.0002 0.0002
89.862498 0.119532907245 2.02812235752 0.112921375177 -0.272562914717 5.27161375793 20.5271651055 0.0002 0.0002
90.112498 0.166743889111 2.04037215471 -0.518127451868 1.93830566586 5.37200008237 20.106883804 0.0002 0.0002
90.218298 0.186237190594 2.04568820373 -0.543109329885 1.91327475317 5.48427893388 19.6993865957 0.0002 0.0002
90.218298 0.186237190594 2.04568820373 -0.543109329885 1.91327475317 5.48427893388 19.6993865957 0.0002 0.0002
90.419012 0.222106591801 2.05607924579 -0.590502644293 1.86578841473 5.71181072767 18.940875711 0.0002 0.0002
90.419012 0.222106591801 2.05607924579 -0.590502644293 1.86578841473 5.71181072767 18.940875711 0.0002 0.0002
95.297898 0.738503441152 2.51646334709 -1.74252282303 0.711507039998 17.0943760178 6.36654499906 0.0002 0.0002
95.297898 0.738503441152 2.51646334709 -1.74252282303 0.711507039998 17.0943760178 6.36654499906 0.0002 0.0002
95.403698 0.744626498089 2.53327872285 -1.76750470105 0.686476127317 17.4657369299 6.21863837996 0.0002 0.0002
95.453698 0.747475757537 2.54136084655 -1.43165742933 0.553293809564 17.6257476245 6.15667024649 0.0002 0.0002
95.453698 0.747475757537 2.54136084655 -1.43165742933 0.553293809564 17.6257476245 6.15667024649 0.0002 0.0002
95.653698 0.758699069611 2.57425264641 -0.0453701926027 0.0372543833066 17.9227162879 6.03917774791 0.0002 0.0002
95.653698 0.758699069611 2.57425264641 -0.0453701926027 0.0372543833066 17.9227162879 6.03917774791 0.0002 0.0002
95.903698 0.772753695255 2.61535197236 1.68120071594 -0.608264190917 17.510365284 6.18076882287 0.0002 0.0002
101.194898 1.32354834382 3.12807603088 0.524946290247 -1.78107400866 5.83720024483 18.8232351045 0.0002 0.0002
101.244898 1.33214975491 3.13072066678 0.40075445631 -1.42060787479 5.79093029525 18.9833714229 0.0002 0.0002
101.244898 1.33214975491 3.13072066678 0.40075445631 -1.42060787479 5.79093029525 18.9833714229 0.0002 0.0002
101.444898 1.3669730334 3.14115415923 -0.0851059699497 0.0624364586076 5.7281279364 19.2564319254 0.0002 0.0002
101.444898 1.3669730334 3.14115415923 -0.0851059699497 0.0624364586076 5.7281279364 19.2564319254 0.0002 0.0002
101.694898 1.41007930599 3.15425367925 -0.703552304673 1.8998883601 5.92370068087 18.7618117112 0.0002 0.0002
101.800698 1.42771628864 3.15995380177 -0.730253434754 1.87389443557 6.07539732811 18.3625454915 0.0002 0.0002
101.800698 1.42771628864 3.15995380177 -0.730253434754 1.87389443557 6.07539732811 18.3625454915 0.0002 0.0002
102.001412 1.45996402348 3.17111253 -0.780908355579 1.82458115989 6.37870865569 17.6202096608 0.0002 0.0002
102.001412 1.45996402348 3.17111253 -0.780908355579 1.82458115989 6.37870865569 17.6202096608 0.0002 0.0002
104.444898 1.74670148587 3.35467158363 -1.39757978789 1.22424287381 11.7018139354 10.170450818 0.0002 0.0002
104.444898 1.74670148587 3.35467158363 -1.39757978789 1.22424287381 11.7018139354 10.170450818 0.0002 0.0002
106.986098 1.91178484742 3.70020387198 -2.03891165711 0.599897306624 20.4346259955 5.53494579146 0.0002 0.0002
107.036098 1.91422032003 3.70928335563 -1.64483952314 0.479578666408 20.6188741083 5.48098972334 0.0002 0.0002
107.036098 1.91422032003 3.70928335563 -1.64483952314 0.479578666408 20.6188741083 5.48098972334 0.0002 0.0002
107.236098 1.92381727145 3.74620875963 -0.0195881576348 0.0125773957416 20.953521109 5.38307282827 0.0002 0.0002
107.236098 1.92381727145 3.74620875963 -0.0195881576348 0.0125773957416 20.953521109 5.38307282827 0.0002 0.0002
107.486098 1.9358440265 3.79226691013 2.00165071622 -0.573492293616 20.4538938712 5.52216070784 0.0002 0.0002
107.792612 1.9512918117 3.84600889935 1.92662369616 -0.647254079352 19.249822768 5.8963365616 0.0002 0.0002
107.792612 1.9512918117 3.84600889935 1.92662369616 -0.647254079352 19.249822768 5.8963365616 0.0002 0.0002
112.046858 2.31869441861 4.30309530782 0.88528985832 -1.6710271596 7.2872507765 15.7588752493 0.0002 0.0002
112.046858 2.31869441861 4.30309530782 0.88528985832 -1.6710271596 7.2872507765 15.7588752493 0.0002 0.0002
112.777298 2.42825008257 4.34608783481 0.706496274566 -1.84680561922 6.12454651359 18.3284410242 0.0002 0.0002
112.827298 2.43645843606 4.34880303489 0.575720442894 -1.49683491509 6.06045657623 18.4956775907 0.0002 0.0002
112.827298 2.43645843606 4.34880303489 0.575720442894 -1.49683491509 6.06045657623 18.4956775907 0.0002 0.0002
113.027298 2.46990811327 4.35949870648 0.0701550281426 -0.0523981889879 5.93195127729 18.8071510653 0.0002 0.0002
113.027298 2.46990811327 4.35949870648 0.0701550281426 -0.0523981889879 5.93195127729 18.8071510653 0.0002 0.0002
113.227298 2.50351546163 4.37018240351 -0.430994899172 1.39530219136 6.00374504803 18.5371600778 0.0002 0.0002
113.227298 2.50351546163 4.37018240351 -0.430994899172 1.39530219136 6.00374504803 18.5371600778 0.0002 0.0002
113.277298 2.51181092512 4.37289075793 -0.559266767917 1.74709373645 6.05324199137 18.3799890242 0.0002 0.0002
113.383098 2.52911823829 4.37870542986 -0.582211836363 1.72376743285 6.17401042771 18.0127719125 0.0002 0.0002
113.383098 2.52911823829 4.37870542986 -0.582211836363 1.72376743285 6.17401042771 18.0127719125 0.0002 0.0002
113.583812 2.56101302912 4.39006603309 -0.625741103547 1.67951492149 6.41646349409 17.3296854981 0.0002 0.0002
113.583812 2.56101302912 4.39006603309 -0.625741103547 1.67951492149 6.41646349409 17.3296854981 0.0002 0.0002
115.622798 2.8201213974 4.53566342857 -1.06794028436 1.22996854642 9.8698561325 11.3972894398 0.0002 0.0002
115.622798 2.8201213974 4.53566342857 -1.06794028436 1.22996854642 9.8698561325 11.3972894398 0.0002 0.0002
117.267498 2.96065269131 4.70934243083 -1.42462983137 0.867352558341 13.9693862018 7.94782541875 0.0002 0.0002
117.267498 2.96065269131 4.70934243083 -1.42462983137 0.867352558341 13.9693862018 7.94782541875 0.0002 0.0002
118.462698 3.03676825074 4.88058622703 -1.68383536829 0.603840289261 17.6846238085 6.18945572729 0.0002 0.0002
118.462698 3.03676825074 4.88058622703 -1.68383536829 0.603840289261 17.6846238085 6.18945572729 0.0002 0.0002
118.568498 3.04269111386 4.89785637351 -1.70678043674 0.580513985656 18.0433509607 6.06415104501 0.0002 0.0002
118.618498 3.04545006852 4.90613828154 -1.35870905572 0.450976945749 18.1966758261 6.0125934408 0.0002 0.0002
118.618498 3.04545006852 4.90613828154 -1.35870905572 0.450976945749 18.1966758261 6.0125934408 0.0002 0.0002
118.818498 3.05633539237 4.93971663349 0.0731349874483 -0.054397432214 18.4551511634 5.93369197519 0.0002 0.0002
118.818498 3.05633539237 4.93971663349 0.0731349874483 -0.054397432214 18.4551511634 5.93369197519 0.0002 0.0002
119.068498 3.07000695419 4.98138722834 1.84589910707 -0.694716077625 17.9714117881 6.11944673056 0.0002 0.0002
122.440498 3.34954203967 5.36058772906 1.01894335631 -1.51169022988 8.31116300156 13.5594487995 0.0002 0.0002
122.440498 3.34954203967 5.36058772906 1.01894335631 -1.51169022988 8.31116300156 13.5594487995 0.0002 0.0002
124.359698 3.64280481454 5.47665664133 0.548275065422 -1.97667741641 5.30335740658 20.2543239862 0.0002 0.0002
124.409698 3.65227840345 5.47911405516 0.433244181826 -1.58887683778 5.25429744174 20.4326598584 0.0002 0.0002
124.409698 3.65227840345 5.47911405516 0.433244181826 -1.58887683778 5.25429744174 20.4326598584 0.0002 0.0002
124.609698 3.69075769721 5.48880193141 -0.0143337017176 0.00898251674561 5.17094977041 20.7502977738 0.0002 0.0002
124.609698 3.69075769721 5.48880193141 -0.0143337017176 0.00898251674561 5.17094977041 20.7502977738 0.0002 0.0002
124.859698 3.73864480058 5.50094987192 -0.578356214104 1.99377082506 5.3179259668 20.2454872157 0.0002 0.0002
124.965498 3.75831092397 5.5062307011 -0.604905975835 1.96777155357 5.4431151065 19.826356032 0.0002 0.0002
124.965498 3.75831092397 5.5062307011 -0.604905975835 1.96777155357 5.4431151065 19.826356032 0.0002 0.0002
125.166212 3.79436555668 5.51655969931 -0.655273734587 1.91844813413 5.69605081689 19.0463373336 0.0002 0.0002
125.166212 3.79436555668 5.51655969931 -0.655273734587 1.91844813413 5.69605081689 19.0463373336 0.0002 0.0002
129.341898 4.25416834995 5.87829617678 -1.70313260379 0.89231586614 15.5440151464 7.30946944837 0.0002 0.0002
129.341898 4.25416834995 5.87829617678 -1.70313260379 0.89231586614 15.5440151464 7.30946944837 0.0002 0.0002
130.150898 4.30193998955 6.00049108147 -1.90614543215 0.693512363002 18.4639210774 6.026534411 0.0002 0.0002
130.200898 4.30463494172 6.00883278681 -1.55109617751 0.563676367222 18.6368399884 5.96369562397 0.0002 0.0002
130.200898 4.30463494172 6.00883278681 -1.55109617751 0.563676367222 18.6368399884 5.96369562397 0.0002 0.0002
130.400898 4.31524520773 6.04282008564 -0.0840753905355 0.0615665574294 18.9656048048 5.83930043604 0.0002 0.0002
130.400898 4.31524520773 6.04282008564 -0.0840753905355 0.0615665574294 18.9656048048 5.83930043604 0.0002 0.0002
130.650898 4.32852072656 6.08537073502 1.74621573302 -0.564259393374 18.5466217689 5.96395121798 0.0002 0.0002
130.756698 4.33428260249 6.10293303109 1.72311650199 -0.587647498918 18.1795664184 6.08582296718 0.0002 0.0002
130.756698 4.33428260249 6.10293303109 1.72311650199 -0.587647498918 18.1795664184 6.08582296718 0.0002 0.0002
135.061658 4.71481401077 0.283130572049 0.783217961208 -1.53930022901 7.38989680776 15.242247858 0.0002 0.0002
135.061658 4.71481401077 0.283130572049 0.783217961208 -1.53930022901 7.38989680776 15.242247858 0.0002 0.0002
135.792098 4.82154404231 0.327730853746 0.623741568831 -1.7007710023 6.36219728864 17.6089254882 0.0002 0.0002
135.842098 4.82943892494 0.330557586057 0.489473985635 -1.36417614737 6.30655465492 17.7622228396 0.0002 0.0002
135.842098 4.82943892494 0.330557586057 0.489473985635 -1.36417614737 6.30655465492 17.7622228396 0.0002 0.0002
136.042098 4.86147138524 0.341703977046 -0.0335914217018 0.0221200612655 6.21585090817 18.0320433534 0.0002 0.0002
136.042098 4.86147138524 0.341703977046 -0.0335914217018 0.0221200612655 6.21585090817 18.0320433534 0.0002 0.0002
136.242098 4.89343508212 0.352855867002 -0.558771039587 1.40703850793 6.33370910001 17.7447108764 0.0002 0.0002
136.242098 4.89343508212 0.352855867002 -0.558771039587 1.40703850793 6.33370910001 17.7447108764 0.0002 0.0002
136.292098 4.90129196874 0.355685742929 -0.694237562856 1.74286468909 6.39633910767 17.5871643369 0.0002 0.0002
136.397898 4.91764343914 0.361765160235 -0.71875033154 1.71857562959 6.5458332269 17.2209439512 0.0002 0.0002
136.397898 4.91764343914 0.361765160235 -0.71875033154 1.71857562959 6.5458332269 17.2209439512 0.0002 0.0002
139.002498 5.21771297525 0.563355859447 -1.32220928536 1.12062398157 11.8617166451 9.82596464396 0.0002 0.0002
139.002498 5.21771297525 0.563355859447 -1.32220928536 1.12062398157 11.8617166451 9.82596464396 0.0002 0.0002
141.496798 5.38078677028 0.904271996214 -1.90011286692 0.547994481583 19.8991547895 5.66392961132 0.0002 0.0002
141.633298 5.38757807963 0.928615769783 -0.595970569619 0.15141784774 20.2408939325 5.56874463437 0.0002 0.0002
141.633298 5.38757807963 0.928615769783 -0.595970569619 0.15141784774 20.2408939325 5.56874463437 0.0002 0.0002
141.833298 5.39746415093 0.964479923878 1.34010224171 -0.423733935538 20.0911035958 5.62286047408 0.0002 0.0002
141.833298 5.39746415093 0.964479923878 1.34010224171 -0.423733935538 20.0911035958 5.62286047408 0.0002 0.0002
142.169798 5.41492179126 1.02176812149 4.29300892633 -1.48967463158 18.160302794 6.25525781602 0.0002 0.0002
147.464298 1.41451274899 1.37998834045 -1.37164008729 -4.21437231404 2.69311547573 36.4553343696 0.0002 0.0002
147.774298 1.51289729312 1.38826419809 -1.99883823353 -1.2712054554 3.72934317608 38.1701772198 0.0002 0.0002
147.774298 1.51289729312 1.38826419809 -1.99883823353 -1.2712054554 3.72934317608 38.1701772198 0.0002 0.0002
147.974298 1.56114524033 1.39348718275 -2.50571391666 0.713692022604 4.62714175816 38.2820682689 0.0002 0.0002
147.974298 1.56114524033 1.39348718275 -2.50571391666 0.713692022604 4.62714175816 38.2820682689 0.0002 0.0002
148.484298 1.6458157464 1.40725121444 -4.33338384406 5.45291558409 8.03848743457 35.0641933929 0.0002 0.0002
148.795099 1.6789193461 1.41656489135 -5.0980910378 5.1804938731 10.9697992593 31.7593191002 0.0002 0.0002
148.795099 1.6789193461 1.41656489135 -5.0980910378 5.1804938731 10.9697992593 31.7593191002 0.0002 0.0002
149.451742 1.72475043487 1.43971657007 -6.71372170121 4.60493649209 18.7259434117 25.3337847489 0.0002 0.0002
149.761742 1.73981351474 1.45251834871 -4.81952604042 1.60788236987 22.3454422315 23.4309307533 0.0002 0.0002
149.761742 1.73981351474 1.45251834871 -4.81952604042 1.60788236987 22.3454422315 23.4309307533 0.0002 0.0002
149.961742 1.74843549573 1.46112842684 -3.2062734696 -0.173769980613 23.9587894258 23.1455535523 0.0002 0.0002
149.961742 1.74843549573 1.46112842684 -3.2062734696 -0.173769980613 23.9587894258 23.1455535523 0.0002 0.0002
150.471742 1.76899799848 1.48238214855 1.52824633917 -5.02351231433 24.8439569516 25.7121136727 0.0002 0.0002
150.968217 1.78960834299 1.49998198145 1.4615898612 -5.53009677464 23.359578024 30.9517167452 0.0002 0.0002
150.968217 1.78960834299 1.49998198145 1.4615898612 -5.53009677464 23.359578024 30.9517167452 0.0002 0.0002
150.968217 1.78960834299 1.49998198145 1.4615898612 -5.53009677464 23.359578024 30.9517167452 0.0002 0.0002
153.973287 1.9467357686 1.56306962801 1.05813070971 -8.59635744061 15.7876413279 73.4027005138 0.0002 0.0002
154.283287 1.96662894854 1.56717552839 -0.131191321772 -3.11962388858 15.5024856135 77.0629228875 0.0002 0.0002
154.283287 1.96662894854 1.56717552839 -0.131191321772 -3.11962388858 15.5024856135 77.0629228875 0.0002 0.0002
154.483287 1.97946649154 1.56975818913 -0.898094169708 0.598976191113 15.7076845201 77.5686767565 0.0002 0.0002
154.483287 1.97946649154 1.56975818913 -0.898094169708 0.598976191113 15.7076845201 77.5686767565 0.0002 0.0002
154.993287 2.01038038293 1.57650077493 -3.08397865396 9.64740227315 17.6971916139 72.2311583959 0.0002 0.0002
155.304088 2.02703868732 1.58098996501 -3.26857324198 9.24262146235 19.6715710957 66.3601201289 0.0002 0.0002
155.304088 2.02703868732 1.58098996501 -3.26857324198 9.24262146235 19.6715710957 66.3601201289 0.0002 0.0002
155.960731 2.05712619084 1.5918807588 -3.65857438119 8.3874231652 24.2202340924 54.7834747345 0.0002 0.0002
156.270731 2.06938981462 1.59780137718 -3.02524483595 6.43333620794 26.2988821702 50.2037032157 0.0002 0.0002
156.270731 2.06938981462 1.59780137718 -3.02524483595 6.43333620794 26.2988821702 50.2037032157 0.0002 0.0002
156.470731 2.07683324097 1.60188432295 -2.55339638174 5.30862448725 27.4161007148 47.8584378486 0.0002 0.0002
156.470731 2.07683324097 1.60188432295 -2.55339638174 5.30862448725 27.4161007148 47.8584378486 0.0002 0.0002
156.980731 2.09473851906 1.6130765756 -1.18480941488 2.78704544233 29.3392918548 43.7650808233 0.0002 0.0002
157.477206 2.11132624373 1.62479049957 -1.22548569908 2.68758474905 30.5359431215 41.047063799 0.0002 0.0002
157.477206 2.11132624373 1.62479049957 -1.22548569908 2.68758474905 30.5359431215 41.047063799 0.0002 0.0002
157.477206 2.11132624373 1.62479049957 -1.22548569908 2.68758474905 30.5359431215 41.047063799 0.0002 0.0002
158.548502 2.14495049965 1.65285114184 -1.31325716907 2.47296801534 33.2556882012 35.5185842647 0.0002 0.0002
158.548502 2.14495049965 1.65285114184 -1.31325716907 2.47296801534 33.2556882012 35.5185842647 0.0002 0.0002
158.813005 2.15282173598 1.66043760088 -1.33492794645 2.41997914026 33.9561411088 34.2243850632 0.0002 0.0002
158.813005 2.15282173598 1.66043760088 -1.33492794645 2.41997914026 33.9561411088 34.2243850632 0.0002 0.0002
165.740498 2.31181274693 2.0381509636 -1.90249866817 1.03216856272 56.3833913196 10.3096560159 0.0002 0.0002
165.740498 2.31181274693 2.0381509636 -1.90249866817 1.03216856272 56.3833913196 10.3096560159 0.0002 0.0002
168.065698 2.35003309282 2.3240662677 -2.09300271374 0.566352551803 65.6737311328 6.5927747204 0.0002 0.0002
168.065698 2.35003309282 2.3240662677 -2.09300271374 0.566352551803 65.6737311328 6.5927747204 0.0002 0.0002
168.277698 2.35323949719 2.35680746992 -2.11037191108 0.523881799045 66.5648465533 6.36164503802 0.0002 0.0002
168.277698 2.35323949719 2.35680746992 -2.11037191108 0.523881799045 66.5648465533 6.36164503802 0.0002 0.0002
