0.0 0.0 0.0 -1.25287976099 0.789987518004 5.79735938488 9.99584375794 0.0002 0.0002
0.0 0.0 0.0 -1.25287976099 0.789987518004 5.79735938488 9.99584375794 0.0002 0.0002
0.0 0.0 0.0 -1.25287976099 0.789987518004 5.79735938488 9.99584375794 0.0002 0.0002
0.423 0.066753540216 0.0437532690482 -1.4403765648 0.721260357547 6.93660681069 9.35658590658 0.0002 0.0002
0.423 0.066753540216 0.0437532690482 -1.4403765648 0.721260357547 6.93660681069 9.35658590658 0.0002 0.0002
0.877 0.126493679056 0.0939926370906 -1.64161426913 0.647496454835 8.3358306493 8.73517031376 0.0002 0.0002
0.877 0.126493679056 0.0939926370906 -1.64161426913 0.647496454835 8.3358306493 8.73517031376 0.0002 0.0002
1.357 0.179054848887 0.150908639629 -1.85437659969 0.569508187651 10.0139062663 8.15100808537 0.0002 0.0002
1.357 0.179054848887 0.150908639629 -1.85437659969 0.569508187651 10.0139062663 8.15100808537 0.0002 0.0002
1.89 0.227461469232 0.218724550225 -2.09063143759 0.482908715965 12.1165955502 7.59006987574 0.0002 0.0002
1.89 0.227461469232 0.218724550225 -2.09063143759 0.482908715965 12.1165955502 7.59006987574 0.0002 0.0002
2.475 0.271287727347 0.298608182672 -2.34993552796 0.387860515334 14.714327225 7.08066987543 0.0002 0.0002
2.475 0.271287727347 0.298608182672 -2.34993552796 0.387860515334 14.714327225 7.08066987543 0.0002 0.0002
3.06 0.30763187344 0.383756269393 -2.60923961834 0.292812314703 17.6154446856 6.68247626986 0.0002 0.0002
3.06 0.30763187344 0.383756269393 -2.60923961834 0.292812314703 17.6154446856 6.68247626986 0.0002 0.0002
3.645 0.33818367368 0.473361134349 -2.86854370871 0.197764114072 20.819947932 6.39548905903 0.0002 0.0002
3.645 0.33818367368 0.473361134349 -2.86854370871 0.197764114072 20.819947932 6.39548905903 0.0002 0.0002
4.6635 0.381056842021 0.636334330528 -3.31999877888 0.0322827596395 27.1229784556 6.16118631815 0.0002 0.0002
5.0 0.393275533142 0.68962794033 2.9466501061 -1.50789321957 27.2519470949 6.64533124673 0.0002 0.0002
5.0 0.393275533142 0.68962794033 2.9466501061 -1.50789321957 27.2519470949 6.64533124673 0.0002 0.0002
5.3365 0.406442290767 0.735547309062 8.32634033917 -3.52593149772 23.3578332421 8.29691936867 0.0002 0.0002
5.7585 0.427704833722 0.778648441223 7.0557433696 -4.20912307319 16.866593917 11.5611123976 0.0002 0.0002
6.025 0.445141630862 0.800001877815 3.52089764915 -1.97658514091 14.0965294693 13.2392607424 0.0002 0.0002
6.025 0.445141630862 0.800001877815 3.52089764915 -1.97658514091 14.0965294693 13.2392607424 0.0002 0.0002
6.2915 0.465018789981 0.819693318601 0.743291012679 0.666344944999 12.9797214591 13.5947216436 0.0002 0.0002
6.973 0.519601798259 0.871509033735 0.661778002888 0.593956804405 12.022166925 12.7358260014 0.0002 0.0002
6.973 0.519601798259 0.871509033735 0.661778002888 0.593956804405 12.022166925 12.7358260014 0.0002 0.0002
7.482 0.563133200077 0.912423969958 0.600897413037 0.539891413998 11.3794651383 12.1586972582 0.0002 0.0002
7.482 0.563133200077 0.912423969958 0.600897413037 0.539891413998 11.3794651383 12.1586972582 0.0002 0.0002
7.992 0.609158621209 0.955314830879 0.539897214954 0.48571980475 10.797659878 11.6356355367 0.0002 0.0002
7.992 0.609158621209 0.955314830879 0.539897214954 0.48571980475 10.797659878 11.6356355367 0.0002 0.0002
8.498 0.657200049455 0.999711114139 0.479375449798 0.431973070868 10.2819079096 11.1712829416 0.0002 0.0002
8.498 0.657200049455 0.999711114139 0.479375449798 0.431973070868 10.2819079096 11.1712829416 0.0002 0.0002
8.9873 0.705861015825 1.04432598128 0.420851142108 0.380000191642 9.84142703819 10.7739844242 0.0002 0.0002
8.9873 0.705861015825 1.04432598128 0.420851142108 0.380000191642 9.84142703819 10.7739844242 0.0002 0.0002
9.4566 0.75448543446 1.0885888119 0.364718999049 0.330151689249 9.47275897095 10.4407101465 0.0002 0.0002
9.4566 0.75448543446 1.0885888119 0.364718999049 0.330151689249 9.47275897095 10.4407101465 0.0002 0.0002
9.9277 0.805092981339 1.1343606076 0.308371561173 0.280111992941 9.15566600803 10.1532149259 0.0002 0.0002
9.9277 0.805092981339 1.1343606076 0.308371561173 0.280111992941 9.15566600803 10.1532149259 0.0002 0.0002
16.240021 1.52426352844 1.77965505857 -0.446633990515 -0.390375431889 10.0284228443 10.8492331471 0.0002 0.0002
16.240021 1.52426352844 1.77965505857 -0.446633990515 -0.390375431889 10.0284228443 10.8492331471 0.0002 0.0002
17.480021 1.64187692492 1.88872657728 -0.384257937794 -0.522205025018 11.0678384446 11.9818486835 0.0002 0.0002
17.480021 1.64187692492 1.88872657728 -0.384257937794 -0.522205025018 11.0678384446 11.9818486835 0.0002 0.0002
17.480021 1.64187692492 1.88872657728 -0.384257937794 -0.522205025018 11.0678384446 11.9818486835 0.0002 0.0002
17.480021 1.64187692492 1.88872657728 -0.384257937794 -0.522205025018 11.0678384446 11.9818486835 0.0002 0.0002
18.720021 1.74977852503 1.98667943932 -0.285913571929 -0.654034618147 11.9061986433 13.4416950832 0.0002 0.0002
18.720021 1.74977852503 1.98667943932 -0.730698711653 -0.151887257365 11.9061986433 13.4416950832 0.0002 0.0002
20.0 1.84912574858 2.08027209005 -0.895603247829 -0.249308585053 13.9878309991 13.9552173364 0.0002 0.0002
20.0 1.84912574858 2.08027209005 -0.895603247829 -0.249308585053 13.9878309991 13.9552173364 0.0002 0.0002
22.328798 1.99300877461 2.23913320462 -1.195631103 -0.426557268883 18.8578933729 15.5291723853 0.0002 0.0002
22.595298 2.00671248327 2.25641467252 -4.46621585282 2.024498567 20.3455124189 15.0971098655 0.0002 0.0002
22.595298 2.00671248327 2.25641467252 -4.46621585282 2.024498567 20.3455124189 15.0971098655 0.0002 0.0002
22.861798 2.01892176798 2.27499619924 -8.51611981222 4.13227919439 23.7565494793 13.4323973281 0.0002 0.0002
23.218798 2.03224346402 2.30484388638 -9.62100139147 3.65187082566 30.2315017491 10.6534557709 0.0002 0.0002
23.355298 2.03658609395 2.31823262492 -7.37645205425 2.67215690268 32.560312643 9.79341884738 0.0002 0.0002
23.355298 2.03658609395 2.31823262492 -7.37645205425 2.67215690268 32.560312643 9.79341884738 0.0002 0.0002
23.555298 2.04250747847 2.33964956452 -3.52758953226 1.44169902635 34.7586829936 8.97714780245 0.0002 0.0002
23.555298 2.04250747847 2.33964956452 -3.52758953226 1.44169902635 34.7586829936 8.97714780245 0.0002 0.0002
23.891798 2.05207843963 2.37833601978 3.50019843333 -0.368960897343 34.7681140018 8.62410670828 0.0002 0.0002
27.336298 2.20259346535 2.71332197382 2.18737457241 -0.822736262327 15.1772687836 12.7289075748 0.0002 0.0002
27.336298 2.20259346535 2.71332197382 2.18737457241 -0.822736262327 15.1772687836 12.7289075748 0.0002 0.0002
28.003298 2.25117642619 2.7635144888 1.9331566844 -0.910606248811 12.4288744353 13.8850470297 0.0002 0.0002
28.003298 2.25117642619 2.7635144888 1.9331566844 -0.910606248811 12.4288744353 13.8850470297 0.0002 0.0002
28.805298 2.32476680989 2.81833331264 1.62748540077 -1.01626101517 9.57323948296 15.4303945754 0.0002 0.0002
28.855298 2.33003189809 2.82156455936 1.33893424376 -0.578920861897 9.42498918021 15.5101917204 0.0002 0.0002
28.855298 2.33003189809 2.82156455936 1.33893424376 -0.578920861897 9.42498918021 15.5101917204 0.0002 0.0002
29.055298 2.35169933933 2.83446085464 0.245460495365 1.17833911104 9.11050572738 15.3893850452 0.0002 0.0002
29.055298 2.35169933933 2.83446085464 0.245460495365 1.17833911104 9.11050572738 15.3893850452 0.0002 0.0002
29.305298 2.37899264545 2.85122552105 -1.101032978 3.20638805511 9.32188517453 14.2799470277 0.0002 0.0002
32.666098 2.63156295916 3.61577835318 -1.89861941447 0.551411078272 19.4031169352 1.6507357002 0.0002 0.0002
32.716098 2.63412865605 3.64655617499 -1.29271293247 0.461455138698 19.5627675447 1.6001190132 0.0002 0.0002
32.716098 2.63412865605 3.64655617499 -1.29271293247 0.461455138698 19.5627675447 1.6001190132 0.0002 0.0002
32.916098 2.64430311948 3.77727532781 1.17362008437 0.125350127928 19.5867886343 1.4837358791 0.0002 0.0002
32.916098 2.64430311948 3.77727532781 1.17362008437 0.125350127928 19.5867886343 1.4837358791 0.0002 0.0002
33.166098 2.65743598596 3.94552271711 4.06306948166 -0.280667353738 18.2601230354 1.52206246857 0.0002 0.0002
36.526898 3.28789754613 4.88342652806 0.840600517365 -2.66266170903 1.77986890271 11.4140027827 0.0002 0.0002
36.576898 3.31664020394 4.88775960415 0.720633359552 -2.20383382085 1.70186228825 11.6574995375 0.0002 0.0002
36.576898 3.31664020394 4.88775960415 0.720633359552 -2.20383382085 1.70186228825 11.6574995375 0.0002 0.0002
36.776898 3.44279603363 4.90447172214 0.29243112557 -0.222914926922 1.50150808905 12.1484086318 0.0002 0.0002
36.776898 3.44279603363 4.90447172214 0.29243112557 -0.222914926922 1.50150808905 12.1484086318 0.0002 0.0002
37.026898 3.61297693893 4.92532132188 -0.192683526336 2.26322978138 1.47700231019 11.6291296965 0.0002 0.0002
37.333412 3.80993521517 4.95334345734 -0.407912659763 2.1018640703 1.66109344957 10.2911673197 0.0002 0.0002
37.333412 3.80993521517 4.95334345734 -0.407912659763 2.1018640703 1.66109344957 10.2911673197 0.0002 0.0002
40.387698 4.62003966825 5.62129221303 -2.5525824922 0.493921097951 10.7032923453 2.36289702128 0.0002 0.0002
40.437698 4.62465937959 5.64265716849 -2.10854003108 0.366119553188 10.9365186833 2.31992634018 0.0002 0.0002
40.437698 4.62465937959 5.64265716849 -2.10854003108 0.366119553188 10.9365186833 2.31992634018 0.0002 0.0002
40.637698 4.64246655528 5.73039273183 -0.188932967562 -0.123838638145 11.4014542725 2.27202808315 0.0002 0.0002
40.637698 4.64246655528 5.73039273183 -0.188932967562 -0.123838638145 11.4014542725 2.27202808315 0.0002 0.0002
40.887698 4.66470501698 5.83663351661 2.21532726913 -0.769206347334 10.885407082 2.49130367264 0.0002 0.0002
41.194212 4.69472760618 5.94856033709 2.04897748969 -0.965036233478 9.57833797311 3.02287330306 0.0002 0.0002
41.194212 4.69472760618 5.94856033709 2.04897748969 -0.965036233478 9.57833797311 3.02287330306 0.0002 0.0002
44.248498 5.43843837323 0.138238903508 0.391370325134 -2.91640054189 2.12481780715 14.877891306 0.0002 0.0002
44.298498 5.46216715533 0.141569293915 0.275664336662 -2.30620861927 2.09148961543 15.1392063961 0.0002 0.0002
44.298498 5.46216715533 0.141569293915 0.275664336662 -2.30620861927 2.09148961543 15.1392063961 0.0002 0.0002
44.498498 5.5589538151 0.154531222457 -0.173340996173 0.276025237324 2.07125316849 15.5498957036 0.0002 0.0002
44.498498 5.5589538151 0.154531222457 -0.173340996173 0.276025237324 2.07125316849 15.5498957036 0.0002 0.0002
44.748498 5.674657522 0.170971394107 -0.775442760631 3.41097751464 2.3043468506 14.6115131717 0.0002 0.0002
44.854298 5.71896328103 0.178395489968 -0.848964137855 3.31949086319 2.47620910046 13.8994296173 0.0002 0.0002
44.854298 5.71896328103 0.178395489968 -0.848964137855 3.31949086319 2.47620910046 13.8994296173 0.0002 0.0002
45.055012 5.79465659037 0.193561828949 -0.988442112411 3.14593082767 2.84500225858 12.6017289681 0.0002 0.0002
45.055012 5.79465659037 0.193561828949 -0.988442112411 3.14593082767 2.84500225858 12.6017289681 0.0002 0.0002
48.109298 0.0 0.98906797338 -3.1108930874 0.504849554508 15.3655443687 1.45120155772 0.0002 0.0002
48.159298 0.0 1.02409173727 -2.45990950249 0.400105082221 15.6442880208 1.40598682945 0.0002 0.0002
48.159298 0.0 1.02409173727 -2.45990950249 0.400105082221 15.6442880208 1.40598682945 0.0002 0.0002
48.359298 0.00742304561014 1.17199611534 0.299861695447 0.00743573978861 16.0814154512 1.32541756938 0.0002 0.0002
48.359298 0.00742304561014 1.17199611534 0.299861695447 0.00743573978861 16.0814154512 1.32541756938 0.0002 0.0002
48.609298 0.0233332371903 1.35541768368 3.64613339189 -0.488319627763 15.0765089308 1.44349141228 0.0002 0.0002
48.715098 0.030534924319 1.42606179449 3.54582265334 -0.579091661398 14.3155999812 1.55642352667 0.0002 0.0002
48.715098 0.030534924319 1.42606179449 3.54582265334 -0.579091661398 14.3155999812 1.55642352667 0.0002 0.0002
48.915812 0.0452880012082 1.54548798606 3.35552237377 -0.751295989933 12.9304034154 1.82345095372 0.0002 0.0002
48.915812 0.0452880012082 1.54548798606 3.35552237377 -0.751295989933 12.9304034154 1.82345095372 0.0002 0.0002
51.970098 0.895554908879 2.18363609575 0.459703050355 -3.37174732757 1.27761381568 14.4164044358 0.0002 0.0002
52.020098 0.935357664323 2.1870666594 0.359956189086 -2.79017897857 1.23665977784 14.724718562 0.0002 0.0002
52.020098 0.935357664323 2.1870666594 0.359956189086 -2.79017897857 1.23665977784 14.724718562 0.0002 0.0002
52.220098 1.10344740793 2.20029693399 -0.0166126600995 -0.279570303479 1.16875676446 15.345702526 0.0002 0.0002
52.220098 1.10344740793 2.20029693399 -0.0166126600995 -0.279570303479 1.16875676446 15.345702526 0.0002 0.0002
52.470098 1.30993393561 2.2168040105 -0.496511322937 2.8708109352 1.29481944813 14.6862049929 0.0002 0.0002
52.575898 1.38829762451 2.22416005353 -0.598365049212 2.80423440542 1.4106573683 14.0857851958 0.0002 0.0002
52.575898 1.38829762451 2.22416005353 -0.598365049212 2.80423440542 1.4106573683 14.0857851958 0.0002 0.0002
55.830898 2.15807172146 2.80510121601 -3.73195558818 0.755967822928 15.505851043 2.49732694255 0.0002 0.0002
55.880898 2.16126025615 2.82541247103 -3.08571999359 0.618259852655 15.846983814 2.42866565983 0.0002 0.0002
55.880898 2.16126025615 2.82541247103 -3.08571999359 0.618259852655 15.846983814 2.42866565983 0.0002 0.0002
56.080898 2.1735456657 2.91091874811 -0.290529583829 0.110194623129 16.5302304566 2.28465244289 0.0002 0.0002
56.080898 2.1735456657 2.91091874811 -0.290529583829 0.110194623129 16.5302304566 2.28465244289 0.0002 0.0002
56.330898 2.18888173005 3.01925311142 3.21335208983 -0.511009478577 15.7858947843 2.3830671216 0.0002 0.0002
56.436698 2.19573132727 3.06263755497 3.13744560209 -0.566999352088 15.1139803885 2.49712045588 0.0002 0.0002
56.436698 2.19573132727 3.06263755497 3.13744560209 -0.566999352088 15.1139803885 2.49712045588 0.0002 0.0002
59.691698 2.78193377747 3.70583979523 0.802137307253 -2.28956115054 2.29063801859 11.795224892 0.0002 0.0002
59.741698 2.80413115435 3.71004096657 0.672427017517 -1.80725044079 2.21696182078 12.0002102405 0.0002 0.0002
59.741698 2.80413115435 3.71004096657 0.672427017517 -1.80725044079 2.21696182078 12.0002102405 0.0002 0.0002
59.941698 2.89874840802 3.72639839328 0.200278572013 0.232455551147 2.04436633822 12.3187766216 0.0002 0.0002
59.941698 2.89874840802 3.72639839328 0.200278572013 0.232455551147 2.04436633822 12.3187766216 0.0002 0.0002
60.191698 3.02126857404 3.7471553565 -0.358398395281 2.70609155705 2.08321292413 11.5708901633 0.0002 0.0002
60.498212 3.16013401829 3.77568328019 -0.52443305183 2.4856162959 2.35381312231 9.97955902243 0.0002 0.0002
60.498212 3.16013401829 3.77568328019 -0.52443305183 2.4856162959 2.35381312231 9.97955902243 0.0002 0.0002
62.097498 3.62453816219 4.03599435919 -1.39074552609 1.33525122776 5.41673140947 3.86889908397 0.0002 0.0002
62.097498 3.62453816219 4.03599435919 -1.39074552609 1.33525122776 5.41673140947 3.86889908397 0.0002 0.0002
63.552498 3.81765848071 4.68294833835 -2.17890014636 0.288670957477 10.6105658629 1.50609230444 0.0002 0.0002
63.602498 3.82232528168 4.71643765904 -1.86276183093 0.205750075037 10.8127558875 1.48138431658 0.0002 0.0002
63.602498 3.82232528168 4.71643765904 -1.86276183093 0.205750075037 10.8127558875 1.48138431658 0.0002 0.0002
63.802498 3.84035162526 4.85324793408 -0.50116554631 -0.118030657524 11.2895824027 1.4639873717 0.0002 0.0002
63.802498 3.84035162526 4.85324793408 -0.50116554631 -0.118030657524 11.2895824027 1.4639873717 0.0002 0.0002
64.052498 3.86254015328 5.01702450843 1.25502581711 -0.543704852943 11.0985857439 1.62726843233 0.0002 0.0002
68.445984 4.52912341833 5.84727719382 0.235650803648 -4.041754779 4.54931888012 21.7734211288 0.0002 0.0002
68.445984 4.52912341833 5.84727719382 0.235650803648 -4.041754779 4.54931888012 21.7734211288 0.0002 0.0002
68.646698 4.5736770086 5.8561641434 0.189081214841 -4.20156127272 4.46406921776 23.4279700668 0.0002 0.0002
68.646698 4.5736770086 5.8561641434 0.189081214841 -4.20156127272 4.46406921776 23.4279700668 0.0002 0.0002
68.752498 4.59747954799 5.86059599295 0.164533537569 -4.28579818213 4.42665677695 24.3259326972 0.0002 0.0002
68.802498 4.60879006438 5.86263439557 0.0304909936255 -3.63963065388 4.41691005542 24.7223874179 0.0002 0.0002
68.802498 4.60879006438 5.86263439557 0.0304909936255 -3.63963065388 4.41691005542 24.7223874179 0.0002 0.0002
69.002498 4.65376996651 5.87054963205 -0.511436536499 -0.890544059819 4.51239400414 25.6351834359 0.0002 0.0002
69.002498 4.65376996651 5.87054963205 -0.511436536499 -0.890544059819 4.51239400414 25.6351834359 0.0002 0.0002
69.252498 4.70699864635 5.88032988936 -1.25915378618 2.62678619753 4.9499961731 25.1960362166 0.0002 0.0002
69.7 4.78798633318 5.89895770377 -1.49289178831 2.48647570057 6.18154207177 22.9078412907 0.0002 0.0002
69.7 4.78798633318 5.89895770377 -1.49289178831 2.48647570057 6.18154207177 22.9078412907 0.0002 0.0002
70.002498 4.8335588085 5.91261014437 -1.65089170377 2.39162999103 7.13253029056 21.4322240752 0.0002 0.0002
70.002498 4.8335588085 5.91261014437 -1.65089170377 2.39162999103 7.13253029056 21.4322240752 0.0002 0.0002
70.251298 4.86652988954 5.92454976861 -1.78084422896 2.31362083879 7.98634619062 20.2615576687 0.0002 0.0002
70.251298 4.86652988954 5.92454976861 -1.78084422896 2.31362083879 7.98634619062 20.2615576687 0.0002 0.0002
71.491298 4.98837517208 5.99579796526 -2.19319041118 1.92448012396 12.9565711052 15.0015934645 0.0002 0.0002
71.491298 4.98837517208 5.99579796526 -2.19319041118 1.92448012396 12.9565711052 15.0015934645 0.0002 0.0002
71.491298 4.98837517208 5.99579796526 -2.19319041118 1.92448012396 12.9565711052 15.0015934645 0.0002 0.0002
71.491298 4.98837517208 5.99579796526 -2.19319041118 1.92448012396 12.9565711052 15.0015934645 0.0002 0.0002
72.731298 5.06787044412 6.09388102397 -2.40617152372 1.53533940913 18.7088770991 10.7075648282 0.0002 0.0002
72.731298 5.06787044412 6.09388102397 -2.40617152372 1.53533940913 18.7088770991 10.7075648282 0.0002 0.0002
73.630098 5.11090727067 6.18994361378 -2.73235612771 1.25352821125 23.3273857522 8.20093061104 0.0002 0.0002
73.680098 5.11303894638 6.19608515502 -2.24621818795 1.06504403979 23.5764032157 8.08504329389 0.0002 0.0002
73.680098 5.11303894638 6.19608515502 -2.24621818795 1.06504403979 23.5764032157 8.08504329389 0.0002 0.0002
73.880098 5.12141008167 6.22133842822 -0.226986473013 0.34887812745 24.0738839545 7.80386030172 0.0002 0.0002
73.880098 5.12141008167 6.22133842822 -0.226986473013 0.34887812745 24.0738839545 7.80386030172 0.0002 0.0002
74.130098 5.1318630548 6.2534361366 2.30243485535 -0.518139940946 23.5503492728 7.84580274729 0.0002 0.0002
74.436612 5.14527958782 0.00852426691225 2.22042299581 -0.567695546548 22.1640300214 8.1786265259 0.0002 0.0002
74.436612 5.14527958782 0.00852426691225 2.22042299581 -0.567695546548 22.1640300214 8.1786265259 0.0002 0.0002
75.985612 5.22781707021 0.177895210301 1.80596763515 -0.818129892377 15.9271509341 10.3252701308 0.0002 0.0002
75.985612 5.22781707021 0.177895210301 1.80596763515 -0.818129892377 15.9271509341 10.3252701308 0.0002 0.0002
78.030098 5.39339038676 0.346677308915 1.25893846634 -1.14867186395 9.66099331826 14.3463687864 0.0002 0.0002
78.080098 5.39859793798 0.350149785224 1.04947145056 -0.859777020213 9.54561233734 14.4468256391 0.0002 0.0002
78.080098 5.39859793798 0.350149785224 1.04947145056 -0.859777020213 9.54561233734 14.4468256391 0.0002 0.0002
78.280098 5.41989857538 0.363904524114 0.246384435695 0.319069327426 9.28785212783 14.5555637111 0.0002 0.0002
78.280098 5.41989857538 0.363904524114 0.246384435695 0.319069327426 9.28785212783 14.5555637111 0.0002 0.0002
78.530098 5.44675752334 0.381323209903 -0.740636310509 1.75430618772 9.41036785697 14.0327354702 0.0002 0.0002
78.635898 5.45790713422 0.388963633747 -0.758046443818 1.72356314092 9.56892849238 13.6647768952 0.0002 0.0002
78.635898 5.45790713422 0.388963633747 -0.758046443818 1.72356314092 9.56892849238 13.6647768952 0.0002 0.0002
78.836612 5.47855149732 0.4040324313 -0.791075342657 1.66524026858 9.87985892263 12.9845966077 0.0002 0.0002
78.836612 5.47855149732 0.4040324313 -0.791075342657 1.66524026858 9.87985892263 12.9845966077 0.0002 0.0002
83.821298 5.82464252483 1.22053052652 -1.61134044442 0.216805155687 21.8551472626 3.60319112998 0.0002 0.0002
83.871298 5.82692258622 1.23444392901 -1.22584698738 0.138143182471 21.9970489556 3.58544900393 0.0002 0.0002
83.871298 5.82692258622 1.23444392901 -1.22584698738 0.138143182471 21.9970489556 3.58544900393 0.0002 0.0002
84.071298 5.83595692448 1.29033109617 0.345986393308 -0.174354863047 22.1738655835 3.59265697906 0.0002 0.0002
84.071298 5.83595692448 1.29033109617 0.345986393308 -0.174354863047 22.1738655835 3.59265697906 0.0002 0.0002
84.271298 5.84504809478 1.34515100176 1.89810311261 -0.496884111281 21.7228937571 3.72626784047 0.0002 0.0002
84.271298 5.84504809478 1.34515100176 1.89810311261 -0.496884111281 21.7228937571 3.72626784047 0.0002 0.0002
84.321298 5.84736060261 1.35847564624 2.27258862573 -0.581230710023 21.5142969573 3.78015751116 0.0002 0.0002
84.427098 5.85233380175 1.38600892395 2.24227292776 -0.618674208716 21.036624605 3.90710745156 0.0002 0.0002
84.427098 5.85233380175 1.38600892395 2.24227292776 -0.618674208716 21.036624605 3.90710745156 0.0002 0.0002
84.627812 5.86208324763 1.43575694252 2.18476078217 -0.689708560292 20.1480569609 4.16971819066 0.0002 0.0002
84.627812 5.86208324763 1.43575694252 2.18476078217 -0.689708560292 20.1480569609 4.16971819066 0.0002 0.0002
89.612498 0.072819628375 2.01579021437 0.756459881552 -2.45383033465 5.48699549557 19.8392725107 0.0002 0.0002
89.662498 0.0819917022926 2.01829588253 0.623418002767 -2.03157517804 5.41802679618 20.063624756 0.0002 0.0002
89.662498 0.0819917022926 2.01829588253 0.623418002767 -2.03157517804 5.41802679618 20.063624756 0.0002 0.0002
89.862498 0.119532907245 2.02812235752 0.112921375177 -0.272562914717 5.27161375793 20.5271651055 0.0002 0.0002
89.862498 0.119532907245 2.02812235752 0.112921375177 -0.272562914717 5.27161375793 20.5271651055 0.0002 0.0002
90.112498 0.166743889111 2.04037215471 -0.518127451868 1.93830566586 5.37200008237 20.106883804 0.0002 0.0002
90.218298 0.186237190594 2.04568820373 -0.543109329885 1.91327475317 5.48427893388 19.6993865957 0.0002 0.0002
90.218298 0.186237190594 2.04568820373 -0.543109329885 1.91327475317 5.48427893388 19.6993865957 0.0002 0.0002
90.419012 0.222106591801 2.05607924579 -0.590502644293 1.86578841473 5.71181072767 18.940875711 0.0002 0.0002
90.419012 0.222106591801 2.05607924579 -0.590502644293 1.86578841473 5.71181072767 18.940875711 0.0002 0.0002
95.297898 0.738503441152 2.51646334709 -1.74252282303 0.711507039998 17.0943760178 6.36654499906 0.0002 0.0002
95.297898 0.738503441152 2.51646334709 -1.74252282303 0.711507039998 17.0943760178 6.36654499906 0.0002 0.0002
95.403698 0.744626498089 2.53327872285 -1.76750470105 0.686476127317 17.4657369299 6.21863837996 0.0002 0.0002
95.453698 0.747476031062 2.54136006336 -1.32973286248 0.517655154475 17.6206646675 6.15845739431 0.0002 0.0002
95.453698 0.747476031062 2.54136006336 -1.32973286248 0.517655154475 17.6206646675 6.15845739431 0.0002 0.0002
95.653698 0.758732627098 2.57415265022 0.466382697268 -0.139651780036 17.7945186902 6.08336671658 0.0002 0.0002
95.653698 0.758732627098 2.57415265022 0.466382697268 -0.139651780036 17.7945186902 6.08336671658 0.0002 0.0002
95.903698 0.773026822329 2.61456546939 2.64142700833 -0.983777909553 17.009203291 6.36127717093 0.0002 0.0002
101.194898 1.82334709844 3.04360032338 0.159910110148 -2.62057559695 2.18676832976 25.4326324445 0.0002 0.0002
101.244898 1.84628248745 3.04555700758 0.0838588610686 -2.01462921736 2.17458479552 25.6644862205 0.0002 0.0002
101.244898 1.84628248745 3.04555700758 0.0838588610686 -2.01462921736 2.17458479552 25.6644862205 0.0002 0.0002
101.444898 1.93811172176 3.05327839893 -0.219949184511 0.476697878252 2.20162853795 25.9740732253 0.0002 0.0002
101.444898 1.93811172176 3.05327839893 -0.219949184511 0.476697878252 2.20162853795 25.9740732253 0.0002 0.0002
101.694898 2.04738283923 3.06304660321 -0.626695642065 3.51686212357 2.41118070917 24.9654913334 0.0002 0.0002
101.800698 2.09006150347 3.06734854258 -0.687807891884 3.46020919605 2.55025518306 24.2273171878 0.0002 0.0002
101.800698 2.09006150347 3.06734854258 -0.687807891884 3.46020919605 2.55025518306 24.2273171878 0.0002 0.0002
102.001412 2.16458507014 3.07587745086 -0.803744414666 3.35273248817 2.84963061272 22.8598644106 0.0002 0.0002
102.001412 2.16458507014 3.07587745086 -0.803744414666 3.35273248817 2.84963061272 22.8598644106 0.0002 0.0002
104.444898 2.63431374501 3.24095323031 -2.21515204097 2.04431438563 10.2262618375 9.67225593312 0.0002 0.0002
104.444898 2.63431374501 3.24095323031 -2.21515204097 2.04431438563 10.2262618375 9.67225593312 0.0002 0.0002
106.986098 2.79323558005 3.75719427177 -3.68300127766 0.683573181396 25.2146490508 2.74014804779 0.0002 0.0002
107.036098 2.79520500564 3.77566188929 -3.05994875659 0.58857762008 25.5519399341 2.67656753104 0.0002 0.0002
107.036098 2.79520500564 3.77566188929 -3.05994875659 0.58857762008 25.5519399341 2.67656753104 0.0002 0.0002
107.236098 2.80290014647 3.85311533717 -0.444585054849 0.233997991838 26.2576527787 2.5131622168 0.0002 0.0002
107.236098 2.80290014647 3.85311533717 -0.444585054849 0.233997991838 26.2576527787 2.5131622168 0.0002 0.0002
107.486098 2.81248237112 3.95352961321 2.8499240662 -0.185419702825 25.6498453693 2.50114507456 0.0002 0.0002
107.792612 2.82485299619 4.07278763439 2.74091595093 -0.312182479379 23.9361746323 2.65366710984 0.0002 0.0002
107.792612 2.82485299619 4.07278763439 2.74091595093 -0.312182479379 23.9361746323 2.65366710984 0.0002 0.0002
112.046858 3.15845986267 4.89125743579 1.22794317209 -2.07158020706 7.05167158366 12.7947799836 0.0002 0.0002
112.046858 3.15845986267 4.89125743579 1.22794317209 -2.07158020706 7.05167158366 12.7947799836 0.0002 0.0002
112.777298 3.27658673388 4.94226451063 0.96817073848 -2.37366299123 5.44754213882 16.0417634253 0.0002 0.0002
112.827298 3.28584344721 4.94535971416 0.820763016601 -2.00062884404 5.35813151559 16.2605662873 0.0002 0.0002
112.827298 3.28584344721 4.94535971416 0.820763016601 -2.00062884404 5.35813151559 16.2605662873 0.0002 0.0002
113.027298 3.3240765706 4.95743962627 0.264008934367 -0.430385895114 5.14256664299 16.7499318088 0.0002 0.0002
113.027298 3.3240765706 4.95743962627 0.264008934367 -0.430385895114 5.14256664299 16.7499318088 0.0002 0.0002
113.227298 3.36309703865 4.96939522943 -0.27216506552 1.17297629794 5.14418742178 16.600447672 0.0002 0.0002
113.227298 3.36309703865 4.96939522943 -0.27216506552 1.17297629794 5.14418742178 16.600447672 0.0002 0.0002
113.277298 3.37278690081 4.97241909031 -0.40787972793 1.56445217524 5.1781759519 16.4635210089 0.0002 0.0002
113.383098 3.39304716609 4.9789105924 -0.431710804829 1.54229733836 5.26700463027 16.1348269104 0.0002 0.0002
113.383098 3.39304716609 4.9789105924 -0.431710804829 1.54229733836 5.26700463027 16.1348269104 0.0002 0.0002
113.583812 3.43052063765 4.99159304814 -0.476920925516 1.50026722561 5.44937973939 15.5241416065 0.0002 0.0002
113.583812 3.43052063765 4.99159304814 -0.476920925516 1.50026722561 5.44937973939 15.5241416065 0.0002 0.0002
115.622798 3.73796261785 5.15373245879 -0.936195331582 1.07329745031 8.33070400399 10.2766792622 0.0002 0.0002
115.622798 3.73796261785 5.15373245879 -0.936195331582 1.07329745031 8.33070400399 10.2766792622 0.0002 0.0002
117.267498 3.90307409206 5.34461419687 -1.30665820659 0.728892344326 12.0195252182 7.31261770698 0.0002 0.0002
117.267498 3.90307409206 5.34461419687 -1.30665820659 0.728892344326 12.0195252182 7.31261770698 0.0002 0.0002
118.462698 3.99085168196 5.5280761751 -1.57587279175 0.478613884623 15.4647262674 5.86940626214 0.0002 0.0002
118.462698 3.99085168196 5.5280761751 -1.57587279175 0.478613884623 15.4647262674 5.86940626214 0.0002 0.0002
118.568498 3.99761998305 5.546256712 -1.59970386864 0.456459047744 15.8007022781 5.77047554589 0.0002 0.0002
118.618498 4.00076978317 5.55495198595 -1.20424483997 0.299851081028 15.9409593365 5.73267610517 0.0002 0.0002
118.618498 4.00076978317 5.55495198595 -1.20424483997 0.299851081028 15.9409593365 5.73267610517 0.0002 0.0002
118.818498 4.0132121781 5.58995389257 0.418420955356 -0.319178313945 16.0992017843 5.73651547571 0.0002 0.0002
118.818498 4.0132121781 5.58995389257 0.418420955356 -0.319178313945 16.0992017843 5.73651547571 0.0002 0.0002
119.068498 4.02901049588 5.63246595931 2.38375398212 -1.13595114991 15.3911175263 6.09648076253 0.0002 0.0002
122.440498 4.45897837811 5.95992011468 0.919749929331 -2.4027768107 4.25170233684 18.0290714457 0.0002 0.0002
122.440498 4.45897837811 5.95992011468 0.919749929331 -2.4027768107 4.25170233684 18.0290714457 0.0002 0.0002
124.359698 5.11631264072 6.04448646336 0.0865006475624 -3.12380047861 2.32050622966 28.6356785793 0.0002 0.0002
124.409698 5.13788782982 6.0462237601 0.0087747516828 -2.44248901782 2.31574438043 28.914105378 0.0002 0.0002
124.409698 5.13788782982 6.0462237601 0.0087747516828 -2.44248901782 2.31574438043 28.914105378 0.0002 0.0002
124.609698 5.22355449174 6.05306927749 -0.305475741285 0.367215350029 2.37470452497 29.3318598919 0.0002 0.0002
124.609698 5.22355449174 6.05306927749 -0.305475741285 0.367215350029 2.37470452497 29.3318598919 0.0002 0.0002
124.859698 5.32422420858 6.06170653507 -0.73479428275 3.81423814493 2.63218066532 28.2758251073 0.0002 0.0002
124.965498 5.36324610574 6.06550240311 -0.796691179586 3.75606045959 2.79421182724 27.4748875149 0.0002 0.0002
124.965498 5.36324610574 6.06550240311 -0.796691179586 3.75606045959 2.79421182724 27.4748875149 0.0002 0.0002
125.166212 5.43108562188 6.07301373402 -0.914116262305 3.64569112182 3.13759483213 25.989252348 0.0002 0.0002
125.166212 5.43108562188 6.07301373402 -0.914116262305 3.64569112182 3.13759483213 25.989252348 0.0002 0.0002
129.341898 5.97181078729 0.159824769677 -3.3570463716 1.34954985347 20.9726288463 5.13069454084 0.0002 0.0002
129.341898 5.97181078729 0.159824769677 -3.3570463716 1.34954985347 20.9726288463 5.13069454084 0.0002 0.0002
130.150898 6.00594914148 0.35751034204 -3.83034116877 0.904694017539 26.7872253664 3.3070112492 0.0002 0.0002
130.200898 6.00780323293 0.372831610014 -3.16721112936 0.795072042584 27.1372517767 3.22205905303 0.0002 0.0002
130.200898 6.00780323293 0.372831610014 -3.16721112936 0.795072042584 27.1372517767 3.22205905303 0.0002 0.0002
130.400898 6.01505319116 0.437572340908 -0.388147367431 0.391856164574 27.8531992588 2.98627479944 0.0002 0.0002
130.400898 6.01505319116 0.437572340908 -0.388147367431 0.391856164574 27.8531992588 2.98627479944 0.0002 0.0002
130.650898 6.02409335193 0.522981161486 3.10301863966 -0.0704795443775 27.1671758472 2.9067736759 0.0002 0.0002
130.756698 6.02803537432 0.559269834461 3.06162607544 -0.107058087875 26.5149564364 2.92555715739 0.0002 0.0002
130.756698 6.02803537432 0.559269834461 3.06162607544 -0.107058087875 26.5149564364 2.92555715739 0.0002 0.0002
135.061658 0.0571243690131 1.46352708123 1.37737906915 -1.59542450201 7.4052168491 10.2546766075 0.0002 0.0002
135.061658 0.0571243690131 1.46352708123 1.37737906915 -1.59542450201 7.4052168491 10.2546766075 0.0002 0.0002
135.792098 0.170779322184 1.52740132756 1.09160605772 -1.84796165997 5.60177135304 12.7698635957 0.0002 0.0002
135.842098 0.179788979348 1.53129020677 0.938980096088 -1.55193800946 5.50028298152 12.9399271868 0.0002 0.0002
135.842098 0.179788979348 1.53129020677 0.938980096088 -1.55193800946 5.50028298152 12.9399271868 0.0002 0.0002
136.042098 0.217169126805 1.54647888608 0.366866129323 -0.307575268011 5.24078643484 13.314248934 0.0002 0.0002
136.042098 0.217169126805 1.54647888608 0.366866129323 -0.307575268011 5.24078643484 13.314248934 0.0002 0.0002
136.242098 0.255602893235 1.56152697691 -0.176649808478 0.960456140336 5.20298682458 13.182823409 0.0002 0.0002
136.242098 0.255602893235 1.56152697691 -0.176649808478 0.960456140336 5.20298682458 13.182823409 0.0002 0.0002
136.292098 0.265192316685 1.56533518176 -0.313027125046 1.26965917276 5.22746079948 13.0712726411 0.0002 0.0002
136.397898 0.285301460027 1.5735131295 -0.33524956176 1.24851714254 5.29604847294 12.804849587 0.0002 0.0002
136.397898 0.285301460027 1.5735131295 -0.33524956176 1.24851714254 5.29604847294 12.804849587 0.0002 0.0002
139.002498 0.68479081503 1.83969178824 -0.882324785439 0.728039525405 8.46734261766 7.65671008961 0.0002 0.0002
139.002498 0.68479081503 1.83969178824 -0.882324785439 0.728039525405 8.46734261766 7.65671008961 0.0002 0.0002
141.496798 0.914473477019 2.24329795227 -1.4062323837 0.229603174169 14.1756907646 5.26806190406 0.0002 0.0002
141.633298 0.923994333105 2.26930061533 -0.735450798188 -0.0500153192073 14.4686738856 5.24360182703 0.0002 0.0002
141.633298 0.923994333105 2.26930061533 -0.735450798188 -0.0500153192073 14.4686738856 5.24360182703 0.0002 0.0002
141.833298 0.937741513853 2.30717355425 0.277214780071 -0.464167683014 14.5607554015 5.34595656961 0.0002 0.0002
141.833298 0.937741513853 2.30717355425 0.277214780071 -0.464167683014 14.5607554015 5.34595656961 0.0002 0.0002
142.169798 0.961313586321 2.36747782393 1.91687679811 -1.23323449531 13.8124348491 5.90963338338 0.0002 0.0002
147.464298 1.92680691545 2.76988817537 0.12510733298 -3.491704888 3.00114986707 30.9258249483 0.0002 0.0002
147.774298 2.0302086291 2.7796515765 -0.221226797061 -0.99709371956 3.03070115777 32.3290605131 0.0002 0.0002
147.774298 2.0302086291 2.7796515765 -0.221226797061 -0.99709371956 3.03070115777 32.3290605131 0.0002 0.0002
147.974298 2.09493850338 2.78582123115 -0.454257360033 0.681002763272 3.16533153812 32.3924988027 0.0002 0.0002
147.974298 2.09493850338 2.78582123115 -0.454257360033 0.681002763272 3.16533153812 32.3924988027 0.0002 0.0002
148.484298 2.2409489134 2.80210768729 -1.15931086245 4.67359069908 3.97018739517 29.5983776602 0.0002 0.0002
148.795099 2.31259625946 2.8131497659 -1.34280801065 4.43373105572 4.74784844305 26.7678129515 0.0002 0.0002
148.795099 2.31259625946 2.8131497659 -1.34280801065 4.43373105572 4.74784844305 26.7678129515 0.0002 0.0002
149.451742 2.42871283329 2.84066759337 -1.73049054026 3.92696899321 6.76590842341 21.2778177892 0.0002 0.0002
149.761742 2.47165951854 2.85590921042 -0.942478332478 1.23450220726 7.60551689636 19.6983252019 0.0002 0.0002
149.761742 2.47165951854 2.85590921042 -0.942478332478 1.23450220726 7.60551689636 19.6983252019 0.0002 0.0002
149.961742 2.4974514412 2.86613467523 -0.347930340233 -0.373783530529 7.86501001424 19.5271106809 0.0002 0.0002
149.961742 2.4974514412 2.86613467523 -0.347930340233 -0.373783530529 7.86501001424 19.5271106809 0.0002 0.0002
150.471742 2.56305670023 2.89112606319 1.17699480001 -4.83867729819 7.42658771239 22.0953673398 0.0002 0.0002
150.968217 2.63549006786 2.9113895192 1.01753392997 -5.38722413603 6.33705906117 27.1722717543 0.0002 0.0002
150.968217 2.63549006786 2.9113895192 1.01753392997 -5.38722413603 6.33705906117 27.1722717543 0.0002 0.0002
150.968217 2.63549006786 2.9113895192 1.01753392997 -5.38722413603 6.33705906117 27.1722717543 0.0002 0.0002
153.973287 3.37727931163 2.98058199561 0.0523472101299 -8.70747519797 3.12199134349 69.5278298819 0.0002 0.0002
154.283287 3.47597284828 2.98490752512 -0.293192335573 -3.30303563889 3.19605861416 73.2813237802 0.0002 0.0002
154.283287 3.47597284828 2.98490752512 -0.293192335573 -3.30303563889 3.19605861416 73.2813237802 0.0002 0.0002
154.483287 3.53714488282 2.98762135308 -0.529071101445 0.385835537441 3.35996300061 73.8667247363 0.0002 0.0002
154.483287 3.53714488282 2.98762135308 -0.529071101445 0.385835537441 3.35996300061 73.8667247363 0.0002 0.0002
154.993287 3.67402427274 2.99469915703 -1.25171957867 9.38053901702 4.24890042717 68.7745465083 0.0002 0.0002
155.304088 3.74093701192 2.99941830526 -1.43947747324 8.97836139745 5.0853271621 63.0685819006 0.0002 0.0002
155.304088 3.74093701192 2.99941830526 -1.43947747324 8.97836139745 5.0853271621 63.0685819006 0.0002 0.0002
155.960731 3.84939581197 3.01090299361 -1.83616186989 8.12866297741 7.2362528073 51.8353740941 0.0002 0.0002
156.270731 3.88921027223 3.01716764716 -1.76120918452 6.24754114468 8.35506530333 47.3931350085 0.0002 0.0002
156.270731 3.88921027223 3.01716764716 -1.76120918452 6.24754114468 8.35506530333 47.3931350085 0.0002 0.0002
156.470731 3.91220520326 3.02149591932 -1.67633450286 5.16742895439 9.04350275714 45.113214989 0.0002 0.0002
156.470731 3.91220520326 3.02149591932 -1.67633450286 5.16742895439 9.04350275714 45.113214989 0.0002 0.0002
156.980731 3.964098763 3.03339102328 -1.34163856558 2.75477852306 10.5963105319 41.1079524352 0.0002 0.0002
157.477206 4.00815276178 3.04588336735 -1.47282828838 2.65104854951 11.9936229633 38.4240944394 0.0002 0.0002
157.477206 4.00815276178 3.04588336735 -1.47282828838 2.65104854951 11.9936229633 38.4240944394 0.0002 0.0002
157.477206 4.00815276178 3.04588336735 -1.47282828838 2.65104854951 11.9936229633 38.4240944394 0.0002 0.0002
158.548502 4.08692684464 3.07598036051 -1.75591006545 2.42721954352 15.4525574468 32.9837661444 0.0002 0.0002
158.548502 4.08692684464 3.07598036051 -1.75591006545 2.42721954352 15.4525574468 32.9837661444 0.0002 0.0002
158.813005 4.10354295581 3.08415855207 -1.82580296086 2.37195615827 16.3999312874 31.7143697737 0.0002 0.0002
158.813005 4.10354295581 3.08415855207 -1.82580296086 2.37195615827 16.3999312874 31.7143697737 0.0002 0.0002
165.740498 4.33765301912 3.50974594269 -3.65634001979 0.924574788237 54.3774384108 8.87767471755 0.0002 0.0002
165.740498 4.33765301912 3.50974594269 -3.65634001979 0.924574788237 54.3774384108 8.87767471755 0.0002 0.0002
168.065698 4.37461504288 3.84250272636 -4.27075634175 0.438763952833 72.8095228706 5.70763947682 0.0002 0.0002
168.065698 4.37461504288 3.84250272636 -4.27075634175 0.438763952833 72.8095228706 5.70763947682 0.0002 0.0002
168.277698 4.37749097907 3.88024335328 -4.32677572083 0.394470172897 74.6321996679 5.53099384216 0.0002 0.0002
168.277698 4.37749097907 3.88024335328 -4.32677572083 0.394470172897 74.6321996679 5.53099384216 0.0002 0.0002
