0.0 0.0 0.0 -1.25287976099 0.789987518004 5.79735938488 9.99584375794 0.0002 0.0002
0.0 0.0 0.0 -1.25287976099 0.789987518004 5.79735938488 9.99584375794 0.0002 0.0002
0.0 0.0 0.0 -1.25287976099 0.789987518004 5.79735938488 9.99584375794 0.0002 0.0002
0.423 0.066753540216 0.0437532690482 -1.4403765648 0.721260357547 6.93660681069 9.35658590658 0.0002 0.0002
0.423 0.066753540216 0.0437532690482 -1.4403765648 0.721260357547 6.93660681069 9.35658590658 0.0002 0.0002
0.877 0.126493679056 0.0939926370906 -1.64161426913 0.647496454835 8.3358306493 8.73517031376 0.0002 0.0002
0.877 0.126493679056 0.0939926370906 -1.64161426913 0.647496454835 8.3358306493 8.73517031376 0.0002 0.0002
1.357 0.179054848887 0.150908639629 -1.85437659969 0.569508187651 10.0139062663 8.15100808537 0.0002 0.0002
1.357 0.179054848887 0.150908639629 -1.85437659969 0.569508187651 10.0139062663 8.15100808537 0.0002 0.0002
1.89 0.227461469232 0.218724550225 -2.09063143759 0.482908715965 12.1165955502 7.59006987574 0.0002 0.0002
1.89 0.227461469232 0.218724550225 -2.09063143759 0.482908715965 12.1165955502 7.59006987574 0.0002 0.0002
2.475 0.271287727347 0.298608182672 -2.34993552796 0.387860515334 14.714327225 7.08066987543 0.0002 0.0002
2.475 0.271287727347 0.298608182672 -2.34993552796 0.387860515334 14.714327225 7.08066987543 0.0002 0.0002
3.06 0.30763187344 0.383756269393 -2.60923961834 0.292812314703 17.6154446856 6.68247626986 0.0002 0.0002
3.06 0.30763187344 0.383756269393 -2.60923961834 0.292812314703 17.6154446856 6.68247626986 0.0002 0.0002
3.645 0.33818367368 0.473361134349 -2.86854370871 0.197764114072 20.819947932 6.39548905903 0.0002 0.0002
3.645 0.33818367368 0.473361134349 -2.86854370871 0.197764114072 20.819947932 6.39548905903 0.0002 0.0002
4.6635 0.381056842021 0.636334330528 -3.31999877888 0.0322827596395 27.1229784556 6.16118631815 0.0002 0.0002
5.0 0.393275533142 0.68962794033 2.9466501061 -1.50789321957 27.2519470949 6.64533124673 0.0002 0.0002
5.0 0.393275533142 0.68962794033 2.9466501061 -1.50789321957 27.2519470949 6.64533124673 0.0002 0.0002
5.3365 0.406442290767 0.735547309062 8.32634033917 -3.52593149772 23.3578332421 8.29691936867 0.0002 0.0002
5.7585 0.427704833722 0.778648441223 7.0557433696 -4.20912307319 16.866593917 11.5611123976 0.0002 0.0002
6.025 0.445141630862 0.800001877815 3.52089764915 -1.97658514091 14.0965294693 13.2392607424 0.0002 0.0002
6.025 0.445141630862 0.800001877815 3.52089764915 -1.97658514091 14.0965294693 13.2392607424 0.0002 0.0002
6.2915 0.465018789981 0.819693318601 0.743291012679 0.666344944999 12.9797214591 13.5947216436 0.0002 0.0002
6.973 0.519601798259 0.871509033735 0.661778002888 0.593956804405 12.022166925 12.7358260014 0.0002 0.0002
6.973 0.519601798259 0.871509033735 0.661778002888 0.593956804405 12.022166925 12.7358260014 0.0002 0.0002
7.482 0.563133200077 0.912423969958 0.600897413037 0.539891413998 11.3794651383 12.1586972582 0.0002 0.0002
7.482 0.563133200077 0.912423969958 0.600897413037 0.539891413998 11.3794651383 12.1586972582 0.0002 0.0002
7.992 0.609158621209 0.955314830879 0.539897214954 0.48571980475 10.797659878 11.6356355367 0.0002 0.0002
7.992 0.609158621209 0.955314830879 0.539897214954 0.48571980475 10.797659878 11.6356355367 0.0002 0.0002
8.498 0.657200049455 0.999711114139 0.479375449798 0.431973070868 10.2819079096 11.1712829416 0.0002 0.0002
8.498 0.657200049455 0.999711114139 0.479375449798 0.431973070868 10.2819079096 11.1712829416 0.0002 0.0002
8.9873 0.705861015825 1.04432598128 0.420851142108 0.380000191642 9.84142703819 10.7739844242 0.0002 0.0002
8.9873 0.705861015825 1.04432598128 0.420851142108 0.380000191642 9.84142703819 10.7739844242 0.0002 0.0002
9.4566 0.75448543446 1.0885888119 0.364718999049 0.330151689249 9.47275897095 10.4407101465 0.0002 0.0002
9.4566 0.75448543446 1.0885888119 0.364718999049 0.330151689249 9.47275897095 10.4407101465 0.0002 0.0002
9.9277 0.805092981339 1.1343606076 0.308371561173 0.280111992941 9.15566600803 10.1532149259 0.0002 0.0002
9.9277 0.805092981339 1.1343606076 0.308371561173 0.280111992941 9.15566600803 10.1532149259 0.0002 0.0002
16.240021 1.52426352844 1.77965505857 -0.446633990515 -0.390375431889 10.0284228443 10.8492331471 0.0002 0.0002
16.240021 1.52426352844 1.77965505857 -0.446633990515 -0.390375431889 10.0284228443 10.8492331471 0.0002 0.0002
17.480021 1.64187692492 1.88872657728 -0.384257937794 -0.522205025018 11.0678384446 11.9818486835 0.0002 0.0002
17.480021 1.64187692492 1.88872657728 -0.384257937794 -0.522205025018 11.0678384446 11.9818486835 0.0002 0.0002
17.480021 1.64187692492 1.88872657728 -0.384257937794 -0.522205025018 11.0678384446 11.9818486835 0.0002 0.0002
17.480021 1.64187692492 1.88872657728 -0.384257937794 -0.522205025018 11.0678384446 11.9818486835 0.0002 0.0002
18.720021 1.74977852503 1.98667943932 -0.285913571929 -0.654034618147 11.9061986433 13.4416950832 0.0002 0.0002
18.720021 1.74977852503 1.98667943932 -0.730698711653 -0.151887257365 11.9061986433 13.4416950832 0.0002 0.0002
20.0 1.84912574858 2.08027209005 -0.895603247829 -0.249308585053 13.9878309991 13.9552173364 0.0002 0.0002
20.0 1.84912574858 2.08027209005 -0.895603247829 -0.249308585053 13.9878309991 13.9552173364 0.0002 0.0002
22.328798 1.99300877461 2.23913320462 -1.195631103 -0.426557268883 18.8578933729 15.5291723853 0.0002 0.0002
22.595298 2.00671248327 2.25641467252 -4.46621585282 2.024498567 20.3455124189 15.0971098655 0.0002 0.0002
22.595298 2.00671248327 2.25641467252 -4.46621585282 2.024498567 20.3455124189 15.0971098655 0.0002 0.0002
22.861798 2.01892176798 2.27499619924 -8.51611981222 4.13227919439 23.7565494793 13.4323973281 0.0002 0.0002
23.218798 2.03224346402 2.30484388638 -9.62100139147 3.65187082566 30.2315017491 10.6534557709 0.0002 0.0002
23.355298 2.03658609395 2.31823262492 -7.37645205425 2.67215690268 32.560312643 9.79341884738 0.0002 0.0002
23.355298 2.03658609395 2.31823262492 -7.37645205425 2.67215690268 32.560312643 9.79341884738 0.0002 0.0002
23.555298 2.04250747847 2.33964956452 -3.52758953226 1.44169902635 34.7586829936 8.97714780245 0.0002 0.0002
23.555298 2.04250747847 2.33964956452 -3.52758953226 1.44169902635 34.7586829936 8.97714780245 0.0002 0.0002
23.891798 2.05207843963 2.37833601978 3.50019843333 -0.368960897343 34.7681140018 8.62410670828 0.0002 0.0002
27.336298 2.20259346535 2.71332197382 2.18737457241 -0.822736262327 15.1772687836 12.7289075748 0.0002 0.0002
27.336298 2.20259346535 2.71332197382 2.18737457241 -0.822736262327 15.1772687836 12.7289075748 0.0002 0.0002
28.003298 2.25117642619 2.7635144888 1.9331566844 -0.910606248811 12.4288744353 13.8850470297 0.0002 0.0002
28.003298 2.25117642619 2.7635144888 1.9331566844 -0.910606248811 12.4288744353 13.8850470297 0.0002 0.0002
28.805298 2.32476680989 2.81833331264 1.62748540077 -1.01626101517 9.57323948296 15.4303945754 0.0002 0.0002
28.855298 2.33003189809 2.82156455936 1.33893424376 -0.578920861897 9.42498918021 15.5101917204 0.0002 0.0002
28.855298 2.33003189809 2.82156455936 1.33893424376 -0.578920861897 9.42498918021 15.5101917204 0.0002 0.0002
29.055298 2.35169933933 2.83446085464 0.245460495365 1.17833911104 9.11050572738 15.3893850452 0.0002 0.0002
29.055298 2.35169933933 2.83446085464 0.245460495365 1.17833911104 9.11050572738 15.3893850452 0.0002 0.0002
29.305298 2.37899264545 2.85122552105 -1.101032978 3.20638805511 9.32188517453 14.2799470277 0.0002 0.0002
32.666098 2.63156295916 3.61577835318 -1.89861941447 0.551411078272 19.4031169352 1.6507357002 0.0002 0.0002
32.716098 2.63412865605 3.64655617499 -1.29271293247 0.461455138698 19.5627675447 1.6001190132 0.0002 0.0002
32.716098 2.63412865605 3.64655617499 -1.29271293247 0.461455138698 19.5627675447 1.6001190132 0.0002 0.0002
32.916098 2.64430311948 3.77727532781 1.17362008437 0.125350127928 19.5867886343 1.4837358791 0.0002 0.0002
32.916098 2.64430311948 3.77727532781 1.17362008437 0.125350127928 19.5867886343 1.4837358791 0.0002 0.0002
33.166098 2.65743598596 3.94552271711 4.06306948166 -0.280667353738 18.2601230354 1.52206246857 0.0002 0.0002
36.526898 3.28789754613 4.88342652806 0.840600517365 -2.66266170903 1.77986890271 11.4140027827 0.0002 0.0002
36.576898 3.31664020394 4.88775960415 0.720633359552 -2.20383382085 1.70186228825 11.6574995375 0.0002 0.0002
36.576898 3.31664020394 4.88775960415 0.720633359552 -2.20383382085 1.70186228825 11.6574995375 0.0002 0.0002
36.776898 3.44279603363 4.90447172214 0.29243112557 -0.222914926922 1.50150808905 12.1484086318 0.0002 0.0002
36.776898 3.44279603363 4.90447172214 0.29243112557 -0.222914926922 1.50150808905 12.1484086318 0.0002 0.0002
37.026898 3.61297693893 4.92532132188 -0.192683526336 2.26322978138 1.47700231019 11.6291296965 0.0002 0.0002
37.333412 3.80993521517 4.95334345734 -0.407912659763 2.1018640703 1.66109344957 10.2911673197 0.0002 0.0002
37.333412 3.80993521517 4.95334345734 -0.407912659763 2.1018640703 1.66109344957 10.2911673197 0.0002 0.0002
40.387698 4.62003966825 5.62129221303 -2.5525824922 0.493921097951 10.7032923453 2.36289702128 0.0002 0.0002
40.437698 4.62465937959 5.64265716849 -2.10854003108 0.366119553188 10.9365186833 2.31992634018 0.0002 0.0002
40.437698 4.62465937959 5.64265716849 -2.10854003108 0.366119553188 10.9365186833 2.31992634018 0.0002 0.0002
40.637698 4.64246655528 5.73039273183 -0.188932967562 -0.123838638145 11.4014542725 2.27202808315 0.0002 0.0002
40.637698 4.64246655528 5.73039273183 -0.188932967562 -0.123838638145 11.4014542725 2.27202808315 0.0002 0.0002
40.887698 4.66470501698 5.83663351661 2.21532726913 -0.769206347334 10.885407082 2.49130367264 0.0002 0.0002
41.194212 4.69472760618 5.94856033709 2.04897748969 -0.965036233478 9.57833797311 3.02287330306 0.0002 0.0002
41.194212 4.69472760618 5.94856033709 2.04897748969 -0.965036233478 9.57833797311 3.02287330306 0.0002 0.0002
44.248498 5.43843837323 0.138238903508 0.391370325134 -2.91640054189 2.12481780715 14.877891306 0.0002 0.0002
44.298498 5.46216715533 0.141569293915 0.275664336662 -2.30620861927 2.09148961543 15.1392063961 0.0002 0.0002
44.298498 5.46216715533 0.141569293915 0.275664336662 -2.30620861927 2.09148961543 15.1392063961 0.0002 0.0002
44.498498 5.5589538151 0.154531222457 -0.173340996173 0.276025237324 2.07125316849 15.5498957036 0.0002 0.0002
44.498498 5.5589538151 0.154531222457 -0.173340996173 0.276025237324 2.07125316849 15.5498957036 0.0002 0.0002
44.748498 5.674657522 0.170971394107 -0.775442760631 3.41097751464 2.3043468506 14.6115131717 0.0002 0.0002
44.854298 5.71896328103 0.178395489968 -0.848964137855 3.31949086319 2.47620910046 13.8994296173 0.0002 0.0002
44.854298 5.71896328103 0.178395489968 -0.848964137855 3.31949086319 2.47620910046 13.8994296173 0.0002 0.0002
45.055012 5.79465659037 0.193561828949 -0.988442112411 3.14593082767 2.84500225858 12.6017289681 0.0002 0.0002
45.055012 5.79465659037 0.193561828949 -0.988442112411 3.14593082767 2.84500225858 12.6017289681 0.0002 0.0002
48.109298 0.0 0.98906797338 -3.1108930874 0.504849554508 15.3655443687 1.45120155772 0.0002 0.0002
48.159298 0.0 1.02409173727 -2.45990950249 0.400105082221 15.6442880208 1.40598682945 0.0002 0.0002
48.159298 0.0 1.02409173727 -2.45990950249 0.400105082221 15.6442880208 1.40598682945 0.0002 0.0002
48.359298 0.00742304561014 1.17199611534 0.299861695447 0.00743573978861 16.0814154512 1.32541756938 0.0002 0.0002
48.359298 0.00742304561014 1.17199611534 0.299861695447 0.00743573978861 16.0814154512 1.32541756938 0.0002 0.0002
48.609298 0.0233332371903 1.35541768368 3.64613339189 -0.488319627763 15.0765089308 1.44349141228 0.0002 0.0002
48.715098 0.030534924319 1.42606179449 3.54582265334 -0.579091661398 14.3155999812 1.55642352667 0.0002 0.0002
48.715098 0.030534924319 1.42606179449 3.54582265334 -0.579091661398 14.3155999812 1.55642352667 0.0002 0.0002
48.915812 0.0452880012082 1.54548798606 3.35552237377 -0.751295989933 12.9304034154 1.82345095372 0.0002 0.0002
48.915812 0.0452880012082 1.54548798606 3.35552237377 -0.751295989933 12.9304034154 1.82345095372 0.0002 0.0002
51.970098 0.895554908879 2.18363609575 0.459703050355 -3.37174732757 1.27761381568 14.4164044358 0.0002 0.0002
52.020098 0.935357664323 2.1870666594 0.359956189086 -2.79017897857 1.23665977784 14.724718562 0.0002 0.0002
52.020098 0.935357664323 2.1870666594 0.359956189086 -2.79017897857 1.23665977784 14.724718562 0.0002 0.0002
52.220098 1.10344740793 2.20029693399 -0.0166126600995 -0.279570303479 1.16875676446 15.345702526 0.0002 0.0002
52.220098 1.10344740793 2.20029693399 -0.0166126600995 -0.279570303479 1.16875676446 15.345702526 0.0002 0.0002
52.470098 1.30993393561 2.2168040105 -0.496511322937 2.8708109352 1.29481944813 14.6862049929 0.0002 0.0002
52.575898 1.38829762451 2.22416005353 -0.598365049212 2.80423440542 1.4106573683 14.0857851958 0.0002 0.0002
52.575898 1.38829762451 2.22416005353 -0.598365049212 2.80423440542 1.4106573683 14.0857851958 0.0002 0.0002
55.830898 2.15807172146 2.80510121601 -3.73195558818 0.755967822928 15.505851043 2.49732694255 0.0002 0.0002
55.880898 2.16126025615 2.82541247103 -3.08571999359 0.618259852655 15.846983814 2.42866565983 0.0002 0.0002
55.880898 2.16126025615 2.82541247103 -3.08571999359 0.618259852655 15.846983814 2.42866565983 0.0002 0.0002
56.080898 2.1735456657 2.91091874811 -0.290529583829 0.110194623129 16.5302304566 2.28465244289 0.0002 0.0002
56.080898 2.1735456657 2.91091874811 -0.290529583829 0.110194623129 16.5302304566 2.28465244289 0.0002 0.0002
56.330898 2.18888173005 3.01925311142 3.21335208983 -0.511009478577 15.7858947843 2.3830671216 0.0002 0.0002
56.436698 2.19573132727 3.06263755497 3.13744560209 -0.566999352088 15.1139803885 2.49712045588 0.0002 0.0002
56.436698 2.19573132727 3.06263755497 3.13744560209 -0.566999352088 15.1139803885 2.49712045588 0.0002 0.0002
59.691698 2.78193377747 3.70583979523 0.802137307253 -2.28956115054 2.29063801859 11.795224892 0.0002 0.0002
59.741698 2.80413115435 3.71004096657 0.672427017517 -1.80725044079 2.21696182078 12.0002102405 0.0002 0.0002
59.741698 2.80413115435 3.71004096657 0.672427017517 -1.80725044079 2.21696182078 12.0002102405 0.0002 0.0002
59.941698 2.89874840802 3.72639839328 0.200278572013 0.232455551147 2.04436633822 12.3187766216 0.0002 0.0002
59.941698 2.89874840802 3.72639839328 0.200278572013 0.232455551147 2.04436633822 12.3187766216 0.0002 0.0002
60.191698 3.02126857404 3.7471553565 -0.358398395281 2.70609155705 2.08321292413 11.5708901633 0.0002 0.0002
60.498212 3.16013401829 3.77568328019 -0.52443305183 2.4856162959 2.35381312231 9.97955902243 0.0002 0.0002
60.498212 3.16013401829 3.77568328019 -0.52443305183 2.4856162959 2.35381312231 9.97955902243 0.0002 0.0002
62.097498 3.62453816219 4.03599435919 -1.39074552609 1.33525122776 5.41673140947 3.86889908397 0.0002 0.0002
62.097498 3.62453816219 4.03599435919 -1.39074552609 1.33525122776 5.41673140947 3.86889908397 0.0002 0.0002
63.552498 3.81765848071 4.68294833835 -2.17890014636 0.288670957477 10.6105658629 1.50609230444 0.0002 0.0002
63.602498 3.82232528168 4.71643765904 -1.86276183093 0.205750075037 10.8127558875 1.48138431658 0.0002 0.0002
63.602498 3.82232528168 4.71643765904 -1.86276183093 0.205750075037 10.8127558875 1.48138431658 0.0002 0.0002
63.802498 3.84035162526 4.85324793408 -0.50116554631 -0.118030657524 11.2895824027 1.4639873717 0.0002 0.0002
63.802498 3.84035162526 4.85324793408 -0.50116554631 -0.118030657524 11.2895824027 1.4639873717 0.0002 0.0002
64.052498 3.86254015328 5.01702450843 1.25502581711 -0.543704852943 11.0985857439 1.62726843233 0.0002 0.0002
68.445984 4.52912341833 5.84727719382 0.235650803648 -4.041754779 4.54931888012 21.7734211288 0.0002 0.0002
68.445984 4.52912341833 5.84727719382 0.235650803648 -4.041754779 4.54931888012 21.7734211288 0.0002 0.0002
68.646698 4.5736770086 5.8561641434 0.189081214841 -4.20156127272 4.46406921776 23.4279700668 0.0002 0.0002
68.646698 4.5736770086 5.8561641434 0.189081214841 -4.20156127272 4.46406921776 23.4279700668 0.0002 0.0002
68.752498 4.59747954799 5.86059599295 0.164533537569 -4.28579818213 4.42665677695 24.3259326972 0.0002 0.0002
68.802498 4.60879006438 5.86263439557 0.0304909936255 -3.63963065388 4.41691005542 24.7223874179 0.0002 0.0002
68.802498 4.60879006438 5.86263439557 0.0304909936255 -3.63963065388 4.41691005542 24.7223874179 0.0002 0.0002
69.002498 4.65376996651 5.87054963205 -0.511436536499 -0.890544059819 4.51239400414 25.6351834359 0.0002 0.0002
69.002498 4.65376996651 5.87054963205 -0.511436536499 -0.890544059819 4.51239400414 25.6351834359 0.0002 0.0002
69.252498 4.70699864635 5.88032988936 -1.25915378618 2.62678619753 4.9499961731 25.1960362166 0.0002 0.0002
69.7 4.78798633318 5.89895770377 -1.49289178831 2.48647570057 6.18154207177 22.9078412907 0.0002 0.0002
69.7 4.78798633318 5.89895770377 -1.49289178831 2.48647570057 6.18154207177 22.9078412907 0.0002 0.0002
70.002498 4.8335588085 5.91261014437 -1.65089170377 2.39162999103 7.13253029056 21.4322240752 0.0002 0.0002
70.002498 4.8335588085 5.91261014437 -1.65089170377 2.39162999103 7.13253029056 21.4322240752 0.0002 0.0002
70.251298 4.86652988954 5.92454976861 -1.78084422896 2.31362083879 7.98634619062 20.2615576687 0.0002 0.0002
70.251298 4.86652988954 5.92454976861 -1.78084422896 2.31362083879 7.98634619062 20.2615576687 0.0002 0.0002
71.491298 4.98837517208 5.99579796526 -2.19319041118 1.92448012396 12.9565711052 15.0015934645 0.0002 0.0002
71.491298 4.98837517208 5.99579796526 -2.19319041118 1.92448012396 12.9565711052 15.0015934645 0.0002 0.0002
71.491298 4.98837517208 5.99579796526 -2.19319041118 1.92448012396 12.9565711052 15.0015934645 0.0002 0.0002
71.491298 4.98837517208 5.99579796526 -2.19319041118 1.92448012396 12.9565711052 15.0015934645 0.0002 0.0002
72.731298 5.06787044412 6.09388102397 -2.40617152372 1.53533940913 18.7088770991 10.7075648282 0.0002 0.0002
72.731298 5.06787044412 6.09388102397 -2.40617152372 1.53533940913 18.7088770991 10.7075648282 0.0002 0.0002
73.630098 5.11090727067 6.18994361378 -2.73235612771 1.25352821125 23.3273857522 8.20093061104 0.0002 0.0002
73.680098 5.11303894638 6.19608515502 -2.24621818795 1.06504403979 23.5764032157 8.08504329389 0.0002 0.0002
73.680098 5.11303894638 6.19608515502 -2.24621818795 1.06504403979 23.5764032157 8.08504329389 0.0002 0.0002
73.880098 5.12141008167 6.22133842822 -0.226986473013 0.34887812745 24.0738839545 7.80386030172 0.0002 0.0002
73.880098 5.12141008167 6.22133842822 -0.226986473013 0.34887812745 24.0738839545 7.80386030172 0.0002 0.0002
74.130098 5.1318630548 6.2534361366 2.30243485535 -0.518139940946 23.5503492728 7.84580274729 0.0002 0.0002
74.436612 5.14527958782 0.00852426691225 2.22042299581 -0.567695546548 22.1640300214 8.1786265259 0.0002 0.0002
74.436612 5.14527958782 0.00852426691225 2.22042299581 -0.567695546548 22.1640300214 8.1786265259 0.0002 0.0002
75.985612 5.22781707021 0.177895210301 1.80596763515 -0.818129892377 15.9271509341 10.3252701308 0.0002 0.0002
75.985612 5.22781707021 0.177895210301 1.80596763515 -0.818129892377 15.9271509341 10.3252701308 0.0002 0.0002
78.030098 5.39339038676 0.346677308915 1.25893846634 -1.14867186395 9.66099331826 14.3463687864 0.0002 0.0002
78.080098 5.39859793798 0.350149785224 1.04947145056 -0.859777020213 9.54561233734 14.4468256391 0.0002 0.0002
78.080098 5.39859793798 0.350149785224 1.04947145056 -0.859777020213 9.54561233734 14.4468256391 0.0002 0.0002
78.280098 5.41989857538 0.363904524114 0.246384435695 0.319069327426 9.28785212783 14.5555637111 0.0002 0.0002
78.280098 5.41989857538 0.363904524114 0.246384435695 0.319069327426 9.28785212783 14.5555637111 0.0002 0.0002
78.530098 5.44675752334 0.381323209903 -0.740636310509 1.75430618772 9.41036785697 14.0327354702 0.0002 0.0002
78.635898 5.45790713422 0.388963633747 -0.758046443818 1.72356314092 9.56892849238 13.6647768952 0.0002 0.0002
78.635898 5.45790713422 0.388963633747 -0.758046443818 1.72356314092 9.56892849238 13.6647768952 0.0002 0.0002
78.836612 5.47855149732 0.4040324313 -0.791075342657 1.66524026858 9.87985892263 12.9845966077 0.0002 0.0002
78.836612 5.47855149732 0.4040324313 -0.791075342657 1.66524026858 9.87985892263 12.9845966077 0.0002 0.0002
83.821298 5.82464252483 1.22053052652 -1.61134044442 0.216805155687 21.8551472626 3.60319112998 0.0002 0.0002
83.871298 5.82692258622 1.23444392901 -1.22584698738 0.138143182471 21.9970489556 3.58544900393 0.0002 0.0002
83.871298 5.82692258622 1.23444392901 -1.22584698738 0.138143182471 21.9970489556 3.58544900393 0.0002 0.0002
84.071298 5.83595692448 1.29033109617 0.345986393308 -0.174354863047 22.1738655835 3.59265697906 0.0002 0.0002
84.071298 5.83595692448 1.29033109617 0.345986393308 -0.174354863047 22.1738655835 3.59265697906 0.0002 0.0002
84.271298 5.84504809478 1.34515100176 1.89810311261 -0.496884111281 21.7228937571 3.72626784047 0.0002 0.0002
84.271298 5.84504809478 1.34515100176 1.89810311261 -0.496884111281 21.7228937571 3.72626784047 0.0002 0.0002
84.321298 5.84736060261 1.35847564624 2.27258862573 -0.581230710023 21.5142969573 3.78015751116 0.0002 0.0002
84.427098 5.85233380175 1.38600892395 2.24227292776 -0.618674208716 21.036624605 3.90710745156 0.0002 0.0002
84.427098 5.85233380175 1.38600892395 2.24227292776 -0.618674208716 21.036624605 3.90710745156 0.0002 0.0002
84.627812 5.86208324763 1.43575694252 2.18476078217 -0.689708560292 20.1480569609 4.16971819066 0.0002 0.0002
84.627812 5.86208324763 1.43575694252 2.18476078217 -0.689708560292 20.1480569609 4.16971819066 0.0002 0.0002
89.612498 0.072819628375 2.01579021437 0.756459881552 -2.45383033465 5.48699549557 19.8392725107 0.0002 0.0002
89.662498 0.0819917022926 2.01829588253 0.623418002767 -2.03157517804 5.41802679618 20.063624756 0.0002 0.0002
89.662498 0.0819917022926 2.01829588253 0.623418002767 -2.03157517804 5.41802679618 20.063624756 0.0002 0.0002
89.862498 0.119532907245 2.02812235752 0.112921375177 -0.272562914717 5.27161375793 20.5271651055 0.0002 0.0002
89.862498 0.119532907245 2.02812235752 0.112921375177 -0.272562914717 5.27161375793 20.5271651055 0.0002 0.0002
90.112498 0.166743889111 2.04037215471 -0.518127451868 1.93830566586 5.37200008237 20.106883804 0.0002 0.0002
90.218298 0.186237190594 2.04568820373 -0.543109329885 1.91327475317 5.48427893388 19.6993865957 0.0002 0.0002
90.218298 0.186237190594 2.04568820373 -0.543109329885 1.91327475317 5.48427893388 19.6993865957 0.0002 0.0002
90.419012 0.222106591801 2.05607924579 -0.590502644293 1.86578841473 5.71181072767 18.940875711 0.0002 0.0002
90.419012 0.222106591801 2.05607924579 -0.590502644293 1.86578841473 5.71181072767 18.940875711 0.0002 0.0002
95.297898 0.738503441152 2.51646334709 -1.74252282303 0.711507039998 17.0943760178 6.36654499906 0.0002 0.0002
95.297898 0.738503441152 2.51646334709 -1.74252282303 0.711507039998 17.0943760178 6.36654499906 0.0002 0.0002
95.403698 0.744626498089 2.53327872285 -1.76750470105 0.686476127317 17.4657369299 6.21863837996 0.0002 0.0002
95.453698 0.747475981909 2.54136020407 -1.34804415928 0.524059857292 17.6215779199 6.15813624753 0.0002 0.0002
95.453698 0.747475981909 2.54136020407 -1.34804415928 0.524059857292 17.6215779199 6.15813624753 0.0002 0.0002
95.653698 0.758726583177 2.57417057487 0.374790946874 -0.1077380482 17.8175084358 6.07541086298 0.0002 0.0002
95.653698 0.758726583177 2.57417057487 0.374790946874 -0.1077380482 17.8175084358 6.07541086298 0.0002 0.0002
95.903698 0.772977276152 2.61470546252 2.4717074269 -0.915265667317 17.0985401507 6.32858632754 0.0002 0.0002
101.194898 1.69403137204 3.05704058933 0.271699309263 -2.45173798818 2.58262642833 24.1440760695 0.0002 0.0002
101.244898 1.71348372501 3.05910183437 0.190435733348 -1.89014508776 2.55952877581 24.3612557975 0.0002 0.0002
101.244898 1.71348372501 3.05910183437 0.190435733348 -1.89014508776 2.55952877581 24.3612557975 0.0002 0.0002
101.444898 1.79213711436 3.06723652457 -0.129401832322 0.418458032106 2.54739836821 24.6574628259 0.0002 0.0002
101.444898 1.79213711436 3.06723652457 -0.129401832322 0.418458032106 2.54739836821 24.6574628259 0.0002 0.0002
101.694898 1.88782102252 3.07752020887 -0.545949271061 3.23967838199 2.71459254325 23.7338129456 0.0002 0.0002
101.800698 1.92596502727 3.08204327458 -0.596540588169 3.18843395711 2.83546797036 23.0537186601 0.0002 0.0002
101.800698 1.92596502727 3.08204327458 -0.596540588169 3.18843395711 2.83546797036 23.0537186601 0.0002 0.0002
102.001412 1.99377975558 3.09099798262 -0.692517767962 3.09121776148 3.09420002925 21.7933046451 0.0002 0.0002
102.001412 1.99377975558 3.09099798262 -0.692517767962 3.09121776148 3.09420002925 21.7933046451 0.0002 0.0002
104.444898 2.465800406 3.26093660072 -1.86094097283 1.90771081639 9.33354071396 9.57849265003 0.0002 0.0002
104.444898 2.465800406 3.26093660072 -1.86094097283 1.90771081639 9.33354071396 9.57849265003 0.0002 0.0002
106.986098 2.64457781446 3.75388504519 -3.07608894103 0.676875915408 21.8795211311 3.01054084718 0.0002 0.0002
107.036098 2.64684801957 3.77067368542 -2.55763013137 0.580584975519 22.1613219941 2.94769342562 0.0002 0.0002
107.036098 2.64684801957 3.77067368542 -2.55763013137 0.580584975519 22.1613219941 2.94769342562 0.0002 0.0002
107.236098 2.65572559415 3.84071512681 -0.384903909848 0.21932177287 22.753698372 2.78874764875 0.0002 0.0002
107.236098 2.65572559415 3.84071512681 -0.384903909848 0.21932177287 22.753698372 2.78874764875 0.0002 0.0002
107.486098 2.66677852537 3.9309739666 2.35288475276 -0.211130263196 22.2566259602 2.78672039388 0.0002 0.0002
107.792612 2.68101057228 4.03805743236 2.26287129162 -0.326024159656 20.8418321121 2.95136574465 0.0002 0.0002
107.792612 2.68101057228 4.03805743236 2.26287129162 -0.326024159656 20.8418321121 2.95136574465 0.0002 0.0002
112.046858 3.04357605318 4.81366763305 1.01353388114 -1.92068834935 6.90319851149 12.5094334492 0.0002 0.0002
112.046858 3.04357605318 4.81366763305 1.01353388114 -1.92068834935 6.90319851149 12.5094334492 0.0002 0.0002
112.777298 3.16154834452 4.86612234516 0.799026770335 -2.19448692863 5.57923170923 15.5153220793 0.0002 0.0002
112.827298 3.17057096263 4.86932357723 0.654226540937 -1.84154123563 5.50659765876 15.7172030336 0.0002 0.0002
112.827298 3.17057096263 4.86932357723 0.654226540937 -1.84154123563 5.50659765876 15.7172030336 0.0002 0.0002
113.027298 3.20751983436 4.88183363179 0.0993209677868 -0.359974890572 5.35683108203 16.160303044 0.0002 0.0002
113.027298 3.20751983436 4.88183363179 0.0993209677868 -0.359974890572 5.35683108203 16.160303044 0.0002 0.0002
113.227298 3.24474177485 4.89423202462 -0.448023811899 1.14865116463 5.42613531388 16.0015658623 0.0002 0.0002
113.227298 3.24474177485 4.89423202462 -0.448023811899 1.14865116463 5.42613531388 16.0015658623 0.0002 0.0002
113.277298 3.25391469471 4.89736920461 -0.588529197522 1.51666804292 5.47794255424 15.8682473712 0.0002 0.0002
113.383098 3.27300912646 4.90410461686 -0.614532680874 1.49466373315 5.60522650098 15.5496484693 0.0002 0.0002
113.383098 3.27300912646 4.90410461686 -0.614532680874 1.49466373315 5.60522650098 15.5496484693 0.0002 0.0002
113.583812 3.3080321538 4.91726573402 -0.663864090679 1.45291918656 5.86181863058 14.9580273111 0.0002 0.0002
113.583812 3.3080321538 4.91726573402 -0.663864090679 1.45291918656 5.86181863058 14.9580273111 0.0002 0.0002
115.622798 3.58343813893 5.08563509068 -1.16500528637 1.02885038175 9.59085768622 9.89773390612 0.0002 0.0002
115.622798 3.58343813893 5.08563509068 -1.16500528637 1.02885038175 9.59085768622 9.89773390612 0.0002 0.0002
117.267498 3.72540768265 5.28345050561 -1.56923902047 0.686785275246 14.0878692977 7.07602794106 0.0002 0.0002
117.267498 3.72540768265 5.28345050561 -1.56923902047 0.686785275246 14.0878692977 7.07602794106 0.0002 0.0002
118.462698 3.80013940634 5.47224841379 -1.86299481727 0.438207288197 18.1900751806 5.73143682923 0.0002 0.0002
118.462698 3.80013940634 5.47224841379 -1.86299481727 0.438207288197 18.1900751806 5.73143682923 0.0002 0.0002
118.568498 3.80589335187 5.49085640009 -1.88899830062 0.416202978434 18.5870360524 5.64104022302 0.0002 0.0002
118.618498 3.80857087838 5.4997489596 -1.44231387721 0.268698681577 18.7536696091 5.6068090961 0.0002 0.0002
118.618498 3.80857087838 5.4997489596 -1.44231387721 0.268698681577 18.7536696091 5.6068090961 0.0002 0.0002
118.818498 3.81914151695 5.53551444271 0.392666004493 -0.315310703648 18.9649795197 5.6160711558 0.0002 0.0002
118.818498 3.81914151695 5.53551444271 0.392666004493 -0.315310703648 18.9649795197 5.6160711558 0.0002 0.0002
119.068498 3.83252895954 5.57895002928 2.62678685453 -1.08578806977 18.2023264074 5.96281851114 0.0002 0.0002
122.440498 4.17883004616 5.91595494338 1.16330189355 -2.31798577563 5.42214714884 17.4403439178 0.0002 0.0002
122.440498 4.17883004616 5.91595494338 1.16330189355 -2.31798577563 5.42214714884 17.4403439178 0.0002 0.0002
124.359698 4.7205112444 6.0034099499 0.33034805692 -3.01930067394 2.55553416389 27.6836640719 0.0002 0.0002
124.409698 4.74019355929 6.00520697576 0.248952179956 -2.37650695788 2.52658055869 27.9535607994 0.0002 0.0002
124.409698 4.74019355929 6.00520697576 0.248952179956 -2.37650695788 2.52658055869 27.9535607994 0.0002 0.0002
124.609698 4.82025641857 6.01228589631 -0.0686334829715 0.275895867009 2.49074245471 28.376351614 0.0002 0.0002
124.609698 4.82025641857 6.01228589631 -0.0686334829715 0.275895867009 2.49074245471 28.376351614 0.0002 0.0002
124.859698 4.91865869874 6.021205527 -0.475807589797 3.5388019893 2.62552771761 27.4131712348 0.0002 0.0002
124.965498 4.9581766843 6.02511840749 -0.525227127051 3.48661006911 2.73143719065 26.6698826391 0.0002 0.0002
124.965498 4.9581766843 6.02511840749 -0.525227127051 3.48661006911 2.73143719065 26.6698826391 0.0002 0.0002
125.166212 5.02881120743 6.03284691938 -0.618981314202 3.38759637281 2.96109584373 25.2901331673 0.0002 0.0002
125.166212 5.02881120743 6.03284691938 -0.618981314202 3.38759637281 2.96109584373 25.2901331673 0.0002 0.0002
129.341898 5.67419769007 0.108154015382 -2.56945834483 1.32769967681 16.2750186898 5.60053746704 0.0002 0.0002
129.341898 5.67419769007 0.108154015382 -2.56945834483 1.32769967681 16.2750186898 5.60053746704 0.0002 0.0002
130.150898 5.71824745736 0.28501470735 -2.94734497658 0.928614011104 20.7381125768 3.77517969352 0.0002 0.0002
130.200898 5.72064243021 0.298417695028 -2.45654842325 0.81376959116 21.0084174685 3.68809601754 0.0002 0.0002
130.200898 5.72064243021 0.298417695028 -2.45654842325 0.81376959116 21.0084174685 3.68809601754 0.0002 0.0002
130.400898 5.73000435933 0.354706183669 -0.398029822451 0.388879582962 21.5830870213 3.44912315269 0.0002 0.0002
130.400898 5.73000435933 0.354706183669 -0.398029822451 0.388879582962 21.5830870213 3.44912315269 0.0002 0.0002
130.650898 5.74165225138 0.42838442458 2.19947823039 -0.102800081969 21.128077356 3.37832349726 0.0002 0.0002
130.756698 5.74671553013 0.459591099024 2.1702456067 -0.134448347549 20.665760574 3.40342438111 0.0002 0.0002
130.756698 5.74671553013 0.459591099024 2.1702456067 -0.134448347549 20.665760574 3.40342438111 0.0002 0.0002
135.061658 6.11003560995 1.28391418952 0.980781753438 -1.4222037104 7.10071382969 10.1047492245 0.0002 0.0002
135.061658 6.11003560995 1.28391418952 0.980781753438 -1.4222037104 7.10071382969 10.1047492245 0.0002 0.0002
135.792098 6.22395198536 1.3493685878 0.778960603653 -1.64070237873 5.81532762238 12.3420183482 0.0002 0.0002
135.842098 6.23260427853 1.35339459338 0.629396366535 -1.36023948035 5.74493750494 12.4921245867 0.0002 0.0002
135.842098 6.23260427853 1.35339459338 0.629396366535 -1.36023948035 5.74493750494 12.4921245867 0.0002 0.0002
136.042098 6.26795505057 1.36915953811 0.0540260304506 -0.18777415524 5.60910820197 12.8036938957 0.0002 0.0002
136.042098 6.26795505057 1.36915953811 0.0540260304506 -0.18777415524 5.60910820197 12.8036938957 0.0002 0.0002
136.242098 0.0202560064814 1.38483170345 -0.517231582338 0.998806360526 5.70116969647 12.640457127 0.0002 0.0002
136.242098 0.0202560064814 1.38483170345 -0.517231582338 0.998806360526 5.70116969647 12.640457127 0.0002 0.0002
136.292098 0.0289828890997 1.388804497 -0.66445962232 1.28713086026 5.76023098877 12.5261152124 0.0002 0.0002
136.397898 0.0471267585487 1.39734347751 -0.690936233672 1.26469138287 5.90363187033 12.2561324191 0.0002 0.0002
136.397898 0.0471267585487 1.39734347751 -0.690936233672 1.26469138287 5.90363187033 12.2561324191 0.0002 0.0002
139.002498 0.373176663568 1.68017574146 -1.34274135587 0.712273019854 11.2005485201 7.10693093578 0.0002 0.0002
139.002498 0.373176663568 1.68017574146 -1.34274135587 0.712273019854 11.2005485201 7.10693093578 0.0002 0.0002
141.496798 0.542958772464 2.11785347721 -1.96694373485 0.183248554338 19.4558960418 4.87323147327 0.0002 0.0002
141.633298 0.549897404669 2.14592508253 -0.828091260762 -0.13183881296 19.8384453727 4.86623281316 0.0002 0.0002
141.633298 0.549897404669 2.14592508253 -0.828091260762 -0.13183881296 19.8384453727 4.86623281316 0.0002 0.0002
141.833298 0.559952546644 2.18654816563 0.878103529174 -0.604066488184 19.8283848978 5.01257184316 0.0002 0.0002
141.833298 0.559952546644 2.18654816563 0.878103529174 -0.604066488184 19.8283848978 5.01257184316 0.0002 0.0002
142.169798 0.577469041494 2.24998567164 3.55410250944 -1.51152884008 18.3121409639 5.7130834228 0.0002 0.0002
147.464298 2.24336993598 2.61837611326 -0.387148419614 -4.55558504553 1.54470253527 37.8354178902 0.0002 0.0002
147.774298 2.4258477269 2.62635055444 -0.79617313096 -0.919206756315 1.90795302761 39.5495600055 0.0002 0.0002
147.774298 2.4258477269 2.62635055444 -0.79617313096 -0.919206756315 1.90795302761 39.5495600055 0.0002 0.0002
147.974298 2.52193544722 2.63140475028 -1.10714218699 1.51195680971 2.28705949689 39.4305204195 0.0002 0.0002
147.974298 2.52193544722 2.63140475028 -1.10714218699 1.51195680971 2.28705949689 39.4305204195 0.0002 0.0002
148.484298 2.69528579103 2.64496770184 -2.19173019362 7.10750520194 3.92592469915 34.9132388755 0.0002 0.0002
148.795099 2.76264479737 2.65447080731 -2.65118626367 6.64889922045 5.43110797699 30.6377346246 0.0002 0.0002
148.795099 2.76264479737 2.65447080731 -2.65118626367 6.64889922045 5.43110797699 30.6377346246 0.0002 0.0002
149.451742 2.85394683479 2.67945983646 -3.62189939588 5.67998210789 9.55028576374 22.5420610026 0.0002 0.0002
149.761742 2.88332171142 2.69417177048 -2.63733790951 2.78180635151 11.5159395051 19.9520590287 0.0002 0.0002
149.761742 2.88332171142 2.69417177048 -2.63733790951 2.78180635151 11.5159395051 19.9520590287 0.0002 0.0002
149.961742 2.90001210422 2.70442668621 -1.77709660543 1.16715970392 12.4035727839 19.16645764 0.0002 0.0002
149.961742 2.90001210422 2.70442668621 -1.77709660543 1.16715970392 12.4035727839 19.16645764 0.0002 0.0002
150.471742 2.93959981922 2.73093830837 0.783024925473 -2.84205959739 12.9289245013 19.9921741021 0.0002 0.0002
150.968217 2.97916991757 2.75413046262 0.72108027257 -3.0674804977 12.1821738731 22.9261130208 0.0002 0.0002
150.968217 2.97916991757 2.75413046262 0.72108027257 -3.0674804977 12.1821738731 22.9261130208 0.0002 0.0002
150.968217 2.97916991757 2.75413046262 0.72108027257 -3.0674804977 12.1821738731 22.9261130208 0.0002 0.0002
153.973287 3.27067130813 2.84734695756 0.346140913897 -4.43191090187 8.97509950232 45.4623091339 0.0002 0.0002
154.283287 3.30535386843 2.85401400266 -0.334921182216 -1.14159466177 8.97164709262 47.203096724 0.0002 0.0002
154.283287 3.30535386843 2.85401400266 -0.334921182216 -1.14159466177 8.97164709262 47.203096724 0.0002 0.0002
154.483287 3.32740961385 2.85824366569 -0.786436140358 1.05402327062 9.19522501329 47.2206655689 0.0002 0.0002
154.483287 3.32740961385 2.85824366569 -0.786436140358 1.05402327062 9.19522501329 47.2206655689 0.0002 0.0002
154.993287 3.37950352743 2.86939655385 -2.11336449553 6.28978299302 10.6449797649 43.3978536785 0.0002 0.0002
155.304088 3.40699669307 2.87689589758 -2.27296409023 5.9992959454 12.0082550757 39.5783956554 0.0002 0.0002
155.304088 3.40699669307 2.87689589758 -2.27296409023 5.9992959454 12.0082550757 39.5783956554 0.0002 0.0002
155.960731 3.45559580357 2.89531865667 -2.61015720308 5.3855711298 15.2147224911 32.1026023845 0.0002 0.0002
156.270731 3.47500293155 2.90546779692 -2.21164881389 4.12949626625 16.7146446131 29.1630346439 0.0002 0.0002
156.270731 3.47500293155 2.90546779692 -2.21164881389 4.12949626625 16.7146446131 29.1630346439 0.0002 0.0002
156.470731 3.48667575327 2.91251517671 -1.90507879803 3.41283372988 17.5391708297 27.6567243961 0.0002 0.0002
156.470731 3.48667575327 2.91251517671 -1.90507879803 3.41283372988 17.5391708297 27.6567243961 0.0002 0.0002
156.980731 3.51446577023 2.93199832957 -0.989168342571 1.82488676196 19.0291323634 25.0100780306 0.0002 0.0002
157.477206 3.53989415889 2.95259256379 -1.04078672095 1.73892773983 20.0369543035 23.2407332258 0.0002 0.0002
157.477206 3.53989415889 2.95259256379 -1.04078672095 1.73892773983 20.0369543035 23.2407332258 0.0002 0.0002
157.477206 3.53989415889 2.95259256379 -1.04078672095 1.73892773983 20.0369543035 23.2407332258 0.0002 0.0002
158.548502 3.59049855419 3.00266316199 -1.15216909123 1.5534449732 22.3862590933 19.7136275078 0.0002 0.0002
158.548502 3.59049855419 3.00266316199 -1.15216909123 1.5534449732 22.3862590933 19.7136275078 0.0002 0.0002
158.813005 3.60215475663 3.01636518008 -1.17966940029 1.50764927507 23.0030373698 18.9039588959 0.0002 0.0002
158.813005 3.60215475663 3.01636518008 -1.17966940029 1.50764927507 23.0030373698 18.9039588959 0.0002 0.0002
165.740498 3.82081371456 3.7025120608 -1.89991907027 0.30823233755 44.3368649425 6.32445173563 0.0002 0.0002
165.740498 3.82081371456 3.7025120608 -1.89991907027 0.30823233755 44.3368649425 6.32445173563 0.0002 0.0002
168.065698 3.86846955742 4.09557546742 -2.14166951774 -0.0943497023184 53.7343667273 5.82713183219 0.0002 0.0002
168.065698 3.86846955742 4.09557546742 -2.14166951774 -0.0943497023184 53.7343667273 5.82713183219 0.0002 0.0002
168.277698 3.87238181384 4.13181667168 -2.16371110335 -0.131055100758 54.647107419 5.87491765044 0.0002 0.0002
168.277698 3.87238181384 4.13181667168 -2.16371110335 -0.131055100758 54.647107419 5.87491765044 0.0002 0.0002
