0.0 0.0 0.0 -1.25287976099 0.789987518004 5.79735938488 9.99584375794 0.0002 0.0002
0.0 0.0 0.0 -1.25287976099 0.789987518004 5.79735938488 9.99584375794 0.0002 0.0002
0.0 0.0 0.0 -1.25287976099 0.789987518004 5.79735938488 9.99584375794 0.0002 0.0002
0.423 0.066753540216 0.0437532690482 -1.4403765648 0.721260357547 6.93660681069 9.35658590658 0.0002 0.0002
0.423 0.066753540216 0.0437532690482 -1.4403765648 0.721260357547 6.93660681069 9.35658590658 0.0002 0.0002
0.877 0.126493679056 0.0939926370906 -1.64161426913 0.647496454835 8.3358306493 8.73517031376 0.0002 0.0002
0.877 0.126493679056 0.0939926370906 -1.64161426913 0.647496454835 8.3358306493 8.73517031376 0.0002 0.0002
1.357 0.179054848887 0.150908639629 -1.85437659969 0.569508187651 10.0139062663 8.15100808537 0.0002 0.0002
1.357 0.179054848887 0.150908639629 -1.85437659969 0.569508187651 10.0139062663 8.15100808537 0.0002 0.0002
1.89 0.227461469232 0.218724550225 -2.09063143759 0.482908715965 12.1165955502 7.59006987574 0.0002 0.0002
1.89 0.227461469232 0.218724550225 -2.09063143759 0.482908715965 12.1165955502 7.59006987574 0.0002 0.0002
2.475 0.271287727347 0.298608182672 -2.34993552796 0.387860515334 14.714327225 7.08066987543 0.0002 0.0002
2.475 0.271287727347 0.298608182672 -2.34993552796 0.387860515334 14.714327225 7.08066987543 0.0002 0.0002
3.06 0.30763187344 0.383756269393 -2.60923961834 0.292812314703 17.6154446856 6.68247626986 0.0002 0.0002
3.06 0.30763187344 0.383756269393 -2.60923961834 0.292812314703 17.6154446856 6.68247626986 0.0002 0.0002
3.645 0.33818367368 0.473361134349 -2.86854370871 0.197764114072 20.819947932 6.39548905903 0.0002 0.0002
3.645 0.33818367368 0.473361134349 -2.86854370871 0.197764114072 20.819947932 6.39548905903 0.0002 0.0002
4.6635 0.381056842021 0.636334330528 -3.31999877888 0.0322827596395 27.1229784556 6.16118631815 0.0002 0.0002
5.0 0.393275533142 0.68962794033 2.9466501061 -1.50789321957 27.2519470949 6.64533124673 0.0002 0.0002
5.0 0.393275533142 0.68962794033 2.9466501061 -1.50789321957 27.2519470949 6.64533124673 0.0002 0.0002
5.3365 0.406442290767 0.735547309062 8.32634033917 -3.52593149772 23.3578332421 8.29691936867 0.0002 0.0002
5.7585 0.427704833722 0.778648441223 7.0557433696 -4.20912307319 16.866593917 11.5611123976 0.0002 0.0002
6.025 0.445141630862 0.800001877815 3.52089764915 -1.97658514091 14.0965294693 13.2392607424 0.0002 0.0002
6.025 0.445141630862 0.800001877815 3.52089764915 -1.97658514091 14.0965294693 13.2392607424 0.0002 0.0002
6.2915 0.465018789981 0.819693318601 0.743291012679 0.666344944999 12.9797214591 13.5947216436 0.0002 0.0002
6.973 0.519601798259 0.871509033735 0.661778002888 0.593956804405 12.022166925 12.7358260014 0.0002 0.0002
6.973 0.519601798259 0.871509033735 0.661778002888 0.593956804405 12.022166925 12.7358260014 0.0002 0.0002
7.482 0.563133200077 0.912423969958 0.600897413037 0.539891413998 11.3794651383 12.1586972582 0.0002 0.0002
7.482 0.563133200077 0.912423969958 0.600897413037 0.539891413998 11.3794651383 12.1586972582 0.0002 0.0002
7.992 0.609158621209 0.955314830879 0.539897214954 0.48571980475 10.797659878 11.6356355367 0.0002 0.0002
7.992 0.609158621209 0.955314830879 0.539897214954 0.48571980475 10.797659878 11.6356355367 0.0002 0.0002
8.498 0.657200049455 0.999711114139 0.479375449798 0.431973070868 10.2819079096 11.1712829416 0.0002 0.0002
8.498 0.657200049455 0.999711114139 0.479375449798 0.431973070868 10.2819079096 11.1712829416 0.0002 0.0002
8.9873 0.705861015825 1.04432598128 0.420851142108 0.380000191642 9.84142703819 10.7739844242 0.0002 0.0002
8.9873 0.705861015825 1.04432598128 0.420851142108 0.380000191642 9.84142703819 10.7739844242 0.0002 0.0002
9.4566 0.75448543446 1.0885888119 0.364718999049 0.330151689249 9.47275897095 10.4407101465 0.0002 0.0002
9.4566 0.75448543446 1.0885888119 0.364718999049 0.330151689249 9.47275897095 10.4407101465 0.0002 0.0002
9.9277 0.805092981339 1.1343606076 0.308371561173 0.280111992941 9.15566600803 10.1532149259 0.0002 0.0002
9.9277 0.805092981339 1.1343606076 0.308371561173 0.280111992941 9.15566600803 10.1532149259 0.0002 0.0002
16.240021 1.52426352844 1.77965505857 -0.446633990515 -0.390375431889 10.0284228443 10.8492331471 0.0002 0.0002
16.240021 1.52426352844 1.77965505857 -0.446633990515 -0.390375431889 10.0284228443 10.8492331471 0.0002 0.0002
17.480021 1.64187692492 1.88872657728 -0.384257937794 -0.522205025018 11.0678384446 11.9818486835 0.0002 0.0002
17.480021 1.64187692492 1.88872657728 -0.384257937794 -0.522205025018 11.0678384446 11.9818486835 0.0002 0.0002
17.480021 1.64187692492 1.88872657728 -0.384257937794 -0.522205025018 11.0678384446 11.9818486835 0.0002 0.0002
17.480021 1.64187692492 1.88872657728 -0.384257937794 -0.522205025018 11.0678384446 11.9818486835 0.0002 0.0002
18.720021 1.74977852503 1.98667943932 -0.285913571929 -0.654034618147 11.9061986433 13.4416950832 0.0002 0.0002
18.720021 1.74977852503 1.98667943932 -0.730698711653 -0.151887257365 11.9061986433 13.4416950832 0.0002 0.0002
20.0 1.84912574858 2.08027209005 -0.895603247829 -0.249308585053 13.9878309991 13.9552173364 0.0002 0.0002
20.0 1.84912574858 2.08027209005 -0.895603247829 -0.249308585053 13.9878309991 13.9552173364 0.0002 0.0002
22.328798 1.99300877461 2.23913320462 -1.195631103 -0.426557268883 18.8578933729 15.5291723853 0.0002 0.0002
22.595298 2.00671248327 2.25641467252 -4.46621585282 2.024498567 20.3455124189 15.0971098655 0.0002 0.0002
22.595298 2.00671248327 2.25641467252 -4.46621585282 2.024498567 20.3455124189 15.0971098655 0.0002 0.0002
22.861798 2.01892176798 2.27499619924 -8.51611981222 4.13227919439 23.7565494793 13.4323973281 0.0002 0.0002
23.218798 2.03224346402 2.30484388638 -9.62100139147 3.65187082566 30.2315017491 10.6534557709 0.0002 0.0002
23.355298 2.03658609395 2.31823262492 -7.37645205425 2.67215690268 32.560312643 9.79341884738 0.0002 0.0002
23.355298 2.03658609395 2.31823262492 -7.37645205425 2.67215690268 32.560312643 9.79341884738 0.0002 0.0002
23.555298 2.04250747847 2.33964956452 -3.52758953226 1.44169902635 34.7586829936 8.97714780245 0.0002 0.0002
23.555298 2.04250747847 2.33964956452 -3.52758953226 1.44169902635 34.7586829936 8.97714780245 0.0002 0.0002
23.891798 2.05207843963 2.37833601978 3.50019843333 -0.368960897343 34.7681140018 8.62410670828 0.0002 0.0002
27.336298 2.20259346535 2.71332197382 2.18737457241 -0.822736262327 15.1772687836 12.7289075748 0.0002 0.0002
27.336298 2.20259346535 2.71332197382 2.18737457241 -0.822736262327 15.1772687836 12.7289075748 0.0002 0.0002
28.003298 2.25117642619 2.7635144888 1.9331566844 -0.910606248811 12.4288744353 13.8850470297 0.0002 0.0002
28.003298 2.25117642619 2.7635144888 1.9331566844 -0.910606248811 12.4288744353 13.8850470297 0.0002 0.0002
28.805298 2.32476680989 2.81833331264 1.62748540077 -1.01626101517 9.57323948296 15.4303945754 0.0002 0.0002
28.855298 2.33003189809 2.82156455936 1.33893424376 -0.578920861897 9.42498918021 15.5101917204 0.0002 0.0002
28.855298 2.33003189809 2.82156455936 1.33893424376 -0.578920861897 9.42498918021 15.5101917204 0.0002 0.0002
29.055298 2.35169933933 2.83446085464 0.245460495365 1.17833911104 9.11050572738 15.3893850452 0.0002 0.0002
29.055298 2.35169933933 2.83446085464 0.245460495365 1.17833911104 9.11050572738 15.3893850452 0.0002 0.0002
29.305298 2.37899264545 2.85122552105 -1.101032978 3.20638805511 9.32188517453 14.2799470277 0.0002 0.0002
32.666098 2.63156295916 3.61577835318 -1.89861941447 0.551411078272 19.4031169352 1.6507357002 0.0002 0.0002
32.716098 2.63412865605 3.64655617499 -1.29271293247 0.461455138698 19.5627675447 1.6001190132 0.0002 0.0002
32.716098 2.63412865605 3.64655617499 -1.29271293247 0.461455138698 19.5627675447 1.6001190132 0.0002 0.0002
32.916098 2.64430311948 3.77727532781 1.17362008437 0.125350127928 19.5867886343 1.4837358791 0.0002 0.0002
32.916098 2.64430311948 3.77727532781 1.17362008437 0.125350127928 19.5867886343 1.4837358791 0.0002 0.0002
33.166098 2.65743598596 3.94552271711 4.06306948166 -0.280667353738 18.2601230354 1.52206246857 0.0002 0.0002
36.526898 3.28789754613 4.88342652806 0.840600517365 -2.66266170903 1.77986890271 11.4140027827 0.0002 0.0002
36.576898 3.31664020394 4.88775960415 0.720633359552 -2.20383382085 1.70186228825 11.6574995375 0.0002 0.0002
36.576898 3.31664020394 4.88775960415 0.720633359552 -2.20383382085 1.70186228825 11.6574995375 0.0002 0.0002
36.776898 3.44279603363 4.90447172214 0.29243112557 -0.222914926922 1.50150808905 12.1484086318 0.0002 0.0002
36.776898 3.44279603363 4.90447172214 0.29243112557 -0.222914926922 1.50150808905 12.1484086318 0.0002 0.0002
37.026898 3.61297693893 4.92532132188 -0.192683526336 2.26322978138 1.47700231019 11.6291296965 0.0002 0.0002
37.333412 3.80993521517 4.95334345734 -0.407912659763 2.1018640703 1.66109344957 10.2911673197 0.0002 0.0002
37.333412 3.80993521517 4.95334345734 -0.407912659763 2.1018640703 1.66109344957 10.2911673197 0.0002 0.0002
40.387698 4.62003966825 5.62129221303 -2.5525824922 0.493921097951 10.7032923453 2.36289702128 0.0002 0.0002
40.437698 4.62465937959 5.64265716849 -2.10854003108 0.366119553188 10.9365186833 2.31992634018 0.0002 0.0002
40.437698 4.62465937959 5.64265716849 -2.10854003108 0.366119553188 10.9365186833 2.31992634018 0.0002 0.0002
40.637698 4.64246655528 5.73039273183 -0.188932967562 -0.123838638145 11.4014542725 2.27202808315 0.0002 0.0002
40.637698 4.64246655528 5.73039273183 -0.188932967562 -0.123838638145 11.4014542725 2.27202808315 0.0002 0.0002
40.887698 4.66470501698 5.83663351661 2.21532726913 -0.769206347334 10.885407082 2.49130367264 0.0002 0.0002
41.194212 4.69472760618 5.94856033709 2.04897748969 -0.965036233478 9.57833797311 3.02287330306 0.0002 0.0002
41.194212 4.69472760618 5.94856033709 2.04897748969 -0.965036233478 9.57833797311 3.02287330306 0.0002 0.0002
44.248498 5.43843837323 0.138238903508 0.391370325134 -2.91640054189 2.12481780715 14.877891306 0.0002 0.0002
44.298498 5.46216715533 0.141569293915 0.275664336662 -2.30620861927 2.09148961543 15.1392063961 0.0002 0.0002
44.298498 5.46216715533 0.141569293915 0.275664336662 -2.30620861927 2.09148961543 15.1392063961 0.0002 0.0002
44.498498 5.5589538151 0.154531222457 -0.173340996173 0.276025237324 2.07125316849 15.5498957036 0.0002 0.0002
44.498498 5.5589538151 0.154531222457 -0.173340996173 0.276025237324 2.07125316849 15.5498957036 0.0002 0.0002
44.748498 5.674657522 0.170971394107 -0.775442760631 3.41097751464 2.3043468506 14.6115131717 0.0002 0.0002
44.854298 5.71896328103 0.178395489968 -0.848964137855 3.31949086319 2.47620910046 13.8994296173 0.0002 0.0002
44.854298 5.71896328103 0.178395489968 -0.848964137855 3.31949086319 2.47620910046 13.8994296173 0.0002 0.0002
45.055012 5.79465659037 0.193561828949 -0.988442112411 3.14593082767 2.84500225858 12.6017289681 0.0002 0.0002
45.055012 5.79465659037 0.193561828949 -0.988442112411 3.14593082767 2.84500225858 12.6017289681 0.0002 0.0002
48.109298 0.0 0.98906797338 -3.1108930874 0.504849554508 15.3655443687 1.45120155772 0.0002 0.0002
48.159298 0.0 1.02409173727 -2.45990950249 0.400105082221 15.6442880208 1.40598682945 0.0002 0.0002
48.159298 0.0 1.02409173727 -2.45990950249 0.400105082221 15.6442880208 1.40598682945 0.0002 0.0002
48.359298 0.00742304561014 1.17199611534 0.299861695447 0.00743573978861 16.0814154512 1.32541756938 0.0002 0.0002
48.359298 0.00742304561014 1.17199611534 0.299861695447 0.00743573978861 16.0814154512 1.32541756938 0.0002 0.0002
48.609298 0.0233332371903 1.35541768368 3.64613339189 -0.488319627763 15.0765089308 1.44349141228 0.0002 0.0002
48.715098 0.030534924319 1.42606179449 3.54582265334 -0.579091661398 14.3155999812 1.55642352667 0.0002 0.0002
48.715098 0.030534924319 1.42606179449 3.54582265334 -0.579091661398 14.3155999812 1.55642352667 0.0002 0.0002
48.915812 0.0452880012082 1.54548798606 3.35552237377 -0.751295989933 12.9304034154 1.82345095372 0.0002 0.0002
48.915812 0.0452880012082 1.54548798606 3.35552237377 -0.751295989933 12.9304034154 1.82345095372 0.0002 0.0002
51.970098 0.895554908879 2.18363609575 0.459703050355 -3.37174732757 1.27761381568 14.4164044358 0.0002 0.0002
52.020098 0.935357664323 2.1870666594 0.359956189086 -2.79017897857 1.23665977784 14.724718562 0.0002 0.0002
52.020098 0.935357664323 2.1870666594 0.359956189086 -2.79017897857 1.23665977784 14.724718562 0.0002 0.0002
52.220098 1.10344740793 2.20029693399 -0.0166126600995 -0.279570303479 1.16875676446 15.345702526 0.0002 0.0002
52.220098 1.10344740793 2.20029693399 -0.0166126600995 -0.279570303479 1.16875676446 15.345702526 0.0002 0.0002
52.470098 1.30993393561 2.2168040105 -0.496511322937 2.8708109352 1.29481944813 14.6862049929 0.0002 0.0002
52.575898 1.38829762451 2.22416005353 -0.598365049212 2.80423440542 1.4106573683 14.0857851958 0.0002 0.0002
52.575898 1.38829762451 2.22416005353 -0.598365049212 2.80423440542 1.4106573683 14.0857851958 0.0002 0.0002
55.830898 2.15807172146 2.80510121601 -3.73195558818 0.755967822928 15.505851043 2.49732694255 0.0002 0.0002
55.880898 2.16126025615 2.82541247103 -3.08571999359 0.618259852655 15.846983814 2.42866565983 0.0002 0.0002
55.880898 2.16126025615 2.82541247103 -3.08571999359 0.618259852655 15.846983814 2.42866565983 0.0002 0.0002
56.080898 2.1735456657 2.91091874811 -0.290529583829 0.110194623129 16.5302304566 2.28465244289 0.0002 0.0002
56.080898 2.1735456657 2.91091874811 -0.290529583829 0.110194623129 16.5302304566 2.28465244289 0.0002 0.0002
56.330898 2.18888173005 3.01925311142 3.21335208983 -0.511009478577 15.7858947843 2.3830671216 0.0002 0.0002
56.436698 2.19573132727 3.06263755497 3.13744560209 -0.566999352088 15.1139803885 2.49712045588 0.0002 0.0002
56.436698 2.19573132727 3.06263755497 3.13744560209 -0.566999352088 15.1139803885 2.49712045588 0.0002 0.0002
59.691698 2.78193377747 3.70583979523 0.802137307253 -2.28956115054 2.29063801859 11.795224892 0.0002 0.0002
59.741698 2.80413115435 3.71004096657 0.672427017517 -1.80725044079 2.21696182078 12.0002102405 0.0002 0.0002
59.741698 2.80413115435 3.71004096657 0.672427017517 -1.80725044079 2.21696182078 12.0002102405 0.0002 0.0002
59.941698 2.89874840802 3.72639839328 0.200278572013 0.232455551147 2.04436633822 12.3187766216 0.0002 0.0002
59.941698 2.89874840802 3.72639839328 0.200278572013 0.232455551147 2.04436633822 12.3187766216 0.0002 0.0002
60.191698 3.02126857404 3.7471553565 -0.358398395281 2.70609155705 2.08321292413 11.5708901633 0.0002 0.0002
60.498212 3.16013401829 3.77568328019 -0.52443305183 2.4856162959 2.35381312231 9.97955902243 0.0002 0.0002
60.498212 3.16013401829 3.77568328019 -0.52443305183 2.4856162959 2.35381312231 9.97955902243 0.0002 0.0002
62.097498 3.62453816219 4.03599435919 -1.39074552609 1.33525122776 5.41673140947 3.86889908397 0.0002 0.0002
62.097498 3.62453816219 4.03599435919 -1.39074552609 1.33525122776 5.41673140947 3.86889908397 0.0002 0.0002
63.552498 3.81765848071 4.68294833835 -2.17890014636 0.288670957477 10.6105658629 1.50609230444 0.0002 0.0002
63.602498 3.82232528168 4.71643765904 -1.86276183093 0.205750075037 10.8127558875 1.48138431658 0.0002 0.0002
63.602498 3.82232528168 4.71643765904 -1.86276183093 0.205750075037 10.8127558875 1.48138431658 0.0002 0.0002
63.802498 3.84035162526 4.85324793408 -0.50116554631 -0.118030657524 11.2895824027 1.4639873717 0.0002 0.0002
63.802498 3.84035162526 4.85324793408 -0.50116554631 -0.118030657524 11.2895824027 1.4639873717 0.0002 0.0002
64.052498 3.86254015328 5.01702450843 1.25502581711 -0.543704852943 11.0985857439 1.62726843233 0.0002 0.0002
68.445984 4.52912341833 5.84727719382 0.235650803648 -4.041754779 4.54931888012 21.7734211288 0.0002 0.0002
68.445984 4.52912341833 5.84727719382 0.235650803648 -4.041754779 4.54931888012 21.7734211288 0.0002 0.0002
68.646698 4.5736770086 5.8561641434 0.189081214841 -4.20156127272 4.46406921776 23.4279700668 0.0002 0.0002
68.646698 4.5736770086 5.8561641434 0.189081214841 -4.20156127272 4.46406921776 23.4279700668 0.0002 0.0002
68.752498 4.59747954799 5.86059599295 0.164533537569 -4.28579818213 4.42665677695 24.3259326972 0.0002 0.0002
68.802498 4.60879006438 5.86263439557 0.0304909936255 -3.63963065388 4.41691005542 24.7223874179 0.0002 0.0002
68.802498 4.60879006438 5.86263439557 0.0304909936255 -3.63963065388 4.41691005542 24.7223874179 0.0002 0.0002
69.002498 4.65376996651 5.87054963205 -0.511436536499 -0.890544059819 4.51239400414 25.6351834359 0.0002 0.0002
69.002498 4.65376996651 5.87054963205 -0.511436536499 -0.890544059819 4.51239400414 25.6351834359 0.0002 0.0002
69.252498 4.70699864635 5.88032988936 -1.25915378618 2.62678619753 4.9499961731 25.1960362166 0.0002 0.0002
69.7 4.78798633318 5.89895770377 -1.49289178831 2.48647570057 6.18154207177 22.9078412907 0.0002 0.0002
69.7 4.78798633318 5.89895770377 -1.49289178831 2.48647570057 6.18154207177 22.9078412907 0.0002 0.0002
70.002498 4.8335588085 5.91261014437 -1.65089170377 2.39162999103 7.13253029056 21.4322240752 0.0002 0.0002
70.002498 4.8335588085 5.91261014437 -1.65089170377 2.39162999103 7.13253029056 21.4322240752 0.0002 0.0002
70.251298 4.86652988954 5.92454976861 -1.78084422896 2.31362083879 7.98634619062 20.2615576687 0.0002 0.0002
70.251298 4.86652988954 5.92454976861 -1.78084422896 2.31362083879 7.98634619062 20.2615576687 0.0002 0.0002
71.491298 4.98837517208 5.99579796526 -2.19319041118 1.92448012396 12.9565711052 15.0015934645 0.0002 0.0002
71.491298 4.98837517208 5.99579796526 -2.19319041118 1.92448012396 12.9565711052 15.0015934645 0.0002 0.0002
71.491298 4.98837517208 5.99579796526 -2.19319041118 1.92448012396 12.9565711052 15.0015934645 0.0002 0.0002
71.491298 4.98837517208 5.99579796526 -2.19319041118 1.92448012396 12.9565711052 15.0015934645 0.0002 0.0002
72.731298 5.06787044412 6.09388102397 -2.40617152372 1.53533940913 18.7088770991 10.7075648282 0.0002 0.0002
72.731298 5.06787044412 6.09388102397 -2.40617152372 1.53533940913 18.7088770991 10.7075648282 0.0002 0.0002
73.630098 5.11090727067 6.18994361378 -2.73235612771 1.25352821125 23.3273857522 8.20093061104 0.0002 0.0002
73.680098 5.11303894638 6.19608515502 -2.24621818795 1.06504403979 23.5764032157 8.08504329389 0.0002 0.0002
73.680098 5.11303894638 6.19608515502 -2.24621818795 1.06504403979 23.5764032157 8.08504329389 0.0002 0.0002
73.880098 5.12141008167 6.22133842822 -0.226986473013 0.34887812745 24.0738839545 7.80386030172 0.0002 0.0002
73.880098 5.12141008167 6.22133842822 -0.226986473013 0.34887812745 24.0738839545 7.80386030172 0.0002 0.0002
74.130098 5.1318630548 6.2534361366 2.30243485535 -0.518139940946 23.5503492728 7.84580274729 0.0002 0.0002
74.436612 5.14527958782 0.00852426691225 2.22042299581 -0.567695546548 22.1640300214 8.1786265259 0.0002 0.0002
74.436612 5.14527958782 0.00852426691225 2.22042299581 -0.567695546548 22.1640300214 8.1786265259 0.0002 0.0002
75.985612 5.22781707021 0.177895210301 1.80596763515 -0.818129892377 15.9271509341 10.3252701308 0.0002 0.0002
75.985612 5.22781707021 0.177895210301 1.80596763515 -0.818129892377 15.9271509341 10.3252701308 0.0002 0.0002
78.030098 5.39339038676 0.346677308915 1.25893846634 -1.14867186395 9.66099331826 14.3463687864 0.0002 0.0002
78.080098 5.39859793798 0.350149785224 1.04947145056 -0.859777020213 9.54561233734 14.4468256391 0.0002 0.0002
78.080098 5.39859793798 0.350149785224 1.04947145056 -0.859777020213 9.54561233734 14.4468256391 0.0002 0.0002
78.280098 5.41989857538 0.363904524114 0.246384435695 0.319069327426 9.28785212783 14.5555637111 0.0002 0.0002
78.280098 5.41989857538 0.363904524114 0.246384435695 0.319069327426 9.28785212783 14.5555637111 0.0002 0.0002
78.530098 5.44675752334 0.381323209903 -0.740636310509 1.75430618772 9.41036785697 14.0327354702 0.0002 0.0002
78.635898 5.45790713422 0.388963633747 -0.758046443818 1.72356314092 9.56892849238 13.6647768952 0.0002 0.0002
78.635898 5.45790713422 0.388963633747 -0.758046443818 1.72356314092 9.56892849238 13.6647768952 0.0002 0.0002
78.836612 5.47855149732 0.4040324313 -0.791075342657 1.66524026858 9.87985892263 12.9845966077 0.0002 0.0002
78.836612 5.47855149732 0.4040324313 -0.791075342657 1.66524026858 9.87985892263 12.9845966077 0.0002 0.0002
83.821298 5.82464252483 1.22053052652 -1.61134044442 0.216805155687 21.8551472626 3.60319112998 0.0002 0.0002
83.871298 5.82692258622 1.23444392901 -1.22584698738 0.138143182471 21.9970489556 3.58544900393 0.0002 0.0002
83.871298 5.82692258622 1.23444392901 -1.22584698738 0.138143182471 21.9970489556 3.58544900393 0.0002 0.0002
84.071298 5.83595692448 1.29033109617 0.345986393308 -0.174354863047 22.1738655835 3.59265697906 0.0002 0.0002
84.071298 5.83595692448 1.29033109617 0.345986393308 -0.174354863047 22.1738655835 3.59265697906 0.0002 0.0002
84.271298 5.84504809478 1.34515100176 1.89810311261 -0.496884111281 21.7228937571 3.72626784047 0.0002 0.0002
84.271298 5.84504809478 1.34515100176 1.89810311261 -0.496884111281 21.7228937571 3.72626784047 0.0002 0.0002
84.321298 5.84736060261 1.35847564624 2.27258862573 -0.581230710023 21.5142969573 3.78015751116 0.0002 0.0002
84.427098 5.85233380175 1.38600892395 2.24227292776 -0.618674208716 21.036624605 3.90710745156 0.0002 0.0002
84.427098 5.85233380175 1.38600892395 2.24227292776 -0.618674208716 21.036624605 3.90710745156 0.0002 0.0002
84.627812 5.86208324763 1.43575694252 2.18476078217 -0.689708560292 20.1480569609 4.16971819066 0.0002 0.0002
84.627812 5.86208324763 1.43575694252 2.18476078217 -0.689708560292 20.1480569609 4.16971819066 0.0002 0.0002
89.612498 0.072819628375 2.01579021437 0.756459881552 -2.45383033465 5.48699549557 19.8392725107 0.0002 0.0002
89.662498 0.0819917022926 2.01829588253 0.623418002767 -2.03157517804 5.41802679618 20.063624756 0.0002 0.0002
89.662498 0.0819917022926 2.01829588253 0.623418002767 -2.03157517804 5.41802679618 20.063624756 0.0002 0.0002
89.862498 0.119532907245 2.02812235752 0.112921375177 -0.272562914717 5.27161375793 20.5271651055 0.0002 0.0002
89.862498 0.119532907245 2.02812235752 0.112921375177 -0.272562914717 5.27161375793 20.5271651055 0.0002 0.0002
90.112498 0.166743889111 2.04037215471 -0.518127451868 1.93830566586 5.37200008237 20.106883804 0.0002 0.0002
90.218298 0.186237190594 2.04568820373 -0.543109329885 1.91327475317 5.48427893388 19.6993865957 0.0002 0.0002
90.218298 0.186237190594 2.04568820373 -0.543109329885 1.91327475317 5.48427893388 19.6993865957 0.0002 0.0002
90.419012 0.222106591801 2.05607924579 -0.590502644293 1.86578841473 5.71181072767 18.940875711 0.0002 0.0002
90.419012 0.222106591801 2.05607924579 -0.590502644293 1.86578841473 5.71181072767 18.940875711 0.0002 0.0002
95.297898 0.738503441152 2.51646334709 -1.74252282303 0.711507039998 17.0943760178 6.36654499906 0.0002 0.0002
95.297898 0.738503441152 2.51646334709 -1.74252282303 0.711507039998 17.0943760178 6.36654499906 0.0002 0.0002
95.403698 0.744626498089 2.53327872285 -1.76750470105 0.686476127317 17.4657369299 6.21863837996 0.0002 0.0002
95.453698 0.747475942351 2.54136031733 -1.36278260792 0.529214247762 17.6223129582 6.1578777862 0.0002 0.0002
95.453698 0.747475942351 2.54136031733 -1.36278260792 0.529214247762 17.6223129582 6.1578777862 0.0002 0.0002
95.653698 0.758721723354 2.57418501488 0.300959875017 -0.0820931472822 17.8360257301 6.06901276757 0.0002 0.0002
95.653698 0.758721723354 2.57418501488 0.300959875017 -0.0820931472822 17.8360257301 6.06901276757 0.0002 0.0002
95.903698 0.772937550406 2.61481855299 2.33421865016 -0.860456500426 17.1706678924 6.30235747267 0.0002 0.0002
101.194898 1.60491928569 3.06836322265 0.347067696877 -2.32161245847 2.9834455729 23.139320748 0.0002 0.0002
101.244898 1.6217685268 3.07051406078 0.261820995362 -1.8094849515 2.95301255978 23.3459531792 0.0002 0.0002
101.244898 1.6217685268 3.07051406078 0.261820995362 -1.8094849515 2.95301255978 23.3459531792 0.0002 0.0002
101.444898 1.69019316581 3.0790001259 -0.0711405392854 0.296948435067 2.91510384653 23.6502902987 0.0002 0.0002
101.444898 1.69019316581 3.0790001259 -0.0711405392854 0.296948435067 2.91510384653 23.6502902987 0.0002 0.0002
101.694898 1.77444724878 3.08970464944 -0.497434520469 2.8823860145 3.05592869861 22.8479136691 0.0002 0.0002
101.800698 1.80846919746 3.09439787678 -0.540622461558 2.83928351539 3.16575512731 22.2425610328 0.0002 0.0002
101.800698 1.80846919746 3.09439787678 -0.540622461558 2.83928351539 3.16575512731 22.2425610328 0.0002 0.0002
102.001412 1.86969304963 3.10365876602 -0.622554639324 2.75751343025 3.39922105594 21.1192055307 0.0002 0.0002
102.001412 1.86969304963 3.10365876602 -0.622554639324 2.75751343025 3.39922105594 21.1192055307 0.0002 0.0002
104.444898 2.33061747352 3.27195915883 -1.6199944259 1.76204695438 8.87885830113 10.0757230046 0.0002 0.0002
104.444898 2.33061747352 3.27195915883 -1.6199944259 1.76204695438 8.87885830113 10.0757230046 0.0002 0.0002
106.986098 2.52372408127 3.69809063172 -2.65732141924 0.726772183634 19.7483733268 3.75113581112 0.0002 0.0002
107.036098 2.52623999391 3.71154415535 -2.20520475039 0.619404895575 19.9915954211 3.68385345016 0.0002 0.0002
107.036098 2.52623999391 3.71154415535 -2.20520475039 0.619404895575 19.9915954211 3.68385345016 0.0002 0.0002
107.236098 2.53608872999 3.7673030464 -0.314604924885 0.214335160377 20.4987568273 3.51814817361 0.0002 0.0002
107.236098 2.53608872999 3.7673030464 -0.314604924885 0.214335160377 20.4987568273 3.51814817361 0.0002 0.0002
107.486098 2.54835792968 3.83862814756 2.06491354632 -0.272530722471 20.0568203328 3.53255550622 0.0002 0.0002
107.792612 2.56413687385 3.92318994116 1.98446962774 -0.365743613851 18.8156276986 3.72819552614 0.0002 0.0002
107.792612 2.56413687385 3.92318994116 1.98446962774 -0.365743613851 18.8156276986 3.72819552614 0.0002 0.0002
112.046858 2.95333574791 4.60102943597 0.867952212945 -1.659487359 6.6807234926 12.3440262915 0.0002 0.0002
112.046858 2.95333574791 4.60102943597 0.867952212945 -1.659487359 6.6807234926 12.3440262915 0.0002 0.0002
112.777298 3.07355230272 4.65485980773 0.67624985712 -1.88161889094 5.55277653254 14.9305919407 0.0002 0.0002
112.827298 3.0826083068 4.65818889668 0.539500606635 -1.55659768701 5.49201181431 15.1025673215 0.0002 0.0002
112.827298 3.0826083068 4.65818889668 0.539500606635 -1.55659768701 5.49201181431 15.1025673215 0.0002 0.0002
113.027298 3.11951198851 4.67124035905 0.0107980126228 -0.201497138686 5.38260829711 15.4563131712 0.0002 0.0002
113.027298 3.11951198851 4.67124035905 0.0107980126228 -0.201497138686 5.38260829711 15.4563131712 0.0002 0.0002
113.227298 3.15644509153 4.68422353811 -0.517121761372 1.16803688403 5.48326927829 15.2618359345 0.0002 0.0002
113.227298 3.15644509153 4.68422353811 -0.517121761372 1.16803688403 5.48326927829 15.2618359345 0.0002 0.0002
113.277298 3.16551730454 4.68751349656 -0.653426543219 1.50110074824 5.54177473646 15.1283289403 0.0002 0.0002
113.383098 3.1843712008 4.69458107732 -0.680669265299 1.47834876373 5.682922073 14.813103182 0.0002 0.0002
113.383098 3.1843712008 4.69458107732 -0.680669265299 1.47834876373 5.682922073 14.813103182 0.0002 0.0002
113.583812 3.21884719115 4.70840692371 -0.7323516445 1.43518579758 5.96653515189 14.228316006 0.0002 0.0002
113.583812 3.21884719115 4.70840692371 -0.7323516445 1.43518579758 5.96653515189 14.228316006 0.0002 0.0002
115.622798 3.48566035724 4.88689641602 -1.25737554736 0.996707745746 10.0235610399 9.26971911769 0.0002 0.0002
115.622798 3.48566035724 4.88689641602 -1.25737554736 0.996707745746 10.0235610399 9.26971911769 0.0002 0.0002
117.267498 3.62085110763 5.09919320361 -1.6808737043 0.643019759731 14.8560995841 6.57285928943 0.0002 0.0002
117.267498 3.62085110763 5.09919320361 -1.6808737043 0.643019759731 14.8560995841 6.57285928943 0.0002 0.0002
118.462698 3.69160115016 5.30227023937 -1.9886289163 0.385995450809 19.2418891162 5.34298030979 0.0002 0.0002
118.462698 3.69160115016 5.30227023937 -1.9886289163 0.385995450809 19.2418891162 5.34298030979 0.0002 0.0002
118.568498 3.69704004595 5.32222179129 -2.01587163838 0.363243466301 19.6655652749 5.26371083236 0.0002 0.0002
118.618498 3.6995705824 5.33174962957 -1.55969533136 0.228875617992 19.8444140577 5.23411653116 0.0002 0.0002
118.618498 3.6995705824 5.33174962957 -1.55969533136 0.228875617992 19.8444140577 5.23411653116 0.0002 0.0002
118.818498 3.70955469341 5.37003570867 0.316676028396 -0.30406921554 20.0945962139 5.2490612082 0.0002 0.0002
118.818498 3.70955469341 5.37003570867 0.316676028396 -0.30406921554 20.0945962139 5.2490612082 0.0002 0.0002
119.068498 3.72216932139 5.41649957411 2.61217944397 -1.00765871072 19.3550877041 5.57380247447 0.0002 0.0002
122.440498 4.03161577236 5.77601658433 1.24919004065 -2.22690682073 6.33454980197 16.4807574465 0.0002 0.0002
122.440498 4.03161577236 5.77601658433 1.24919004065 -2.22690682073 6.33454980197 16.4807574465 0.0002 0.0002
124.359698 4.48518507884 5.86822526128 0.473434031507 -2.92085135595 3.02848968268 26.3603349392 0.0002 0.0002
124.409698 4.50181719629 5.87011230194 0.386023279686 -2.33916159945 2.98553293876 26.6234343428 0.0002 0.0002
124.409698 4.50181719629 5.87011230194 0.386023279686 -2.33916159945 2.98553293876 26.6234343428 0.0002 0.0002
124.609698 4.57005826526 5.87753849782 0.049941760265 0.0660839812659 2.8988597997 27.08079976 0.0002 0.0002
124.609698 4.57005826526 5.87753849782 0.049941760265 0.0660839812659 2.8988597997 27.08079976 0.0002 0.0002
124.859698 4.65565533958 5.88686321192 -0.367874192756 3.04564793607 2.97760540595 26.2954841514 0.0002 0.0002
124.965498 4.69071442126 5.89093661036 -0.408214683868 3.00430251864 3.0597156091 25.6553993933 0.0002 0.0002
124.965498 4.69071442126 5.89093661036 -0.408214683868 3.00430251864 3.0597156091 25.6553993933 0.0002 0.0002
125.166212 4.75451579385 5.89894820826 -0.484744942216 2.92586580678 3.23894510749 24.465131588 0.0002 0.0002
125.166212 4.75451579385 5.89894820826 -0.484744942216 2.92586580678 3.23894510749 24.465131588 0.0002 0.0002
129.341898 5.42521379084 6.22752741817 -2.07689261681 1.29405596986 13.9355391998 6.84406330423 0.0002 0.0002
129.341898 5.42521379084 6.22752741817 -2.07689261681 1.29405596986 13.9355391998 6.84406330423 0.0002 0.0002
130.150898 5.47697420184 0.0829974614552 -2.38535629648 0.977908118213 17.5454985706 5.00604435698 0.0002 0.0002
130.200898 5.47980579502 0.0930795535605 -1.9845444922 0.8422919207 17.7640796918 4.91507017689 0.0002 0.0002
130.200898 5.47980579502 0.0930795535605 -1.9845444922 0.8422919207 17.7640796918 4.91507017689 0.0002 0.0002
130.400898 5.49088633549 0.134917665672 -0.307096992081 0.333498832551 18.2253177484 4.68138255382 0.0002 0.0002
130.400898 5.49088633549 0.134917665672 -0.307096992081 0.333498832551 18.2253177484 4.68138255382 0.0002 0.0002
130.650898 5.50468060808 0.188698606195 1.8070860233 -0.271122555231 17.8465846004 4.66594021179 0.0002 0.0002
130.756698 5.51067303896 0.211231203445 1.78179848246 -0.295464291729 17.4668806197 4.7258851002 0.0002 0.0002
130.756698 5.51067303896 0.211231203445 1.78179848246 -0.295464291729 17.4668806197 4.7258851002 0.0002 0.0002
135.061658 5.92471661854 0.833771432268 0.752858484169 -1.28591988673 6.5552837646 11.5336807331 0.0002 0.0002
135.061658 5.92471661854 0.833771432268 0.752858484169 -1.28591988673 6.5552837646 11.5336807331 0.0002 0.0002
135.792098 6.04575330166 0.892266467185 0.578274067043 -1.45397449927 5.58297130389 13.5350091884 0.0002 0.0002
135.842098 6.05475209118 0.895942211075 0.441796244535 -1.15762153347 5.53198692271 13.6656380223 0.0002 0.0002
135.842098 6.05475209118 0.895942211075 0.441796244535 -1.15762153347 5.53198692271 13.6656380223 0.0002 0.0002
136.042098 6.09125348784 0.910418219481 -0.0902403773969 0.0662514829852 5.46209496403 13.8852323355 0.0002 0.0002
136.042098 6.09125348784 0.910418219481 -0.0902403773969 0.0662514829852 5.46209496403 13.8852323355 0.0002 0.0002
136.242098 6.12751609906 0.924922045934 -0.628819126686 1.28537882866 5.60504941835 13.6132711159 0.0002 0.0002
136.242098 6.12751609906 0.924922045934 -0.628819126686 1.28537882866 5.60504941835 13.6132711159 0.0002 0.0002
136.292098 6.13638332554 0.928613730092 -0.76901143065 1.57908739875 5.67491472581 13.4699940247 0.0002 0.0002
136.397898 6.1547611945 0.936566699596 -0.798680220746 1.55164758702 5.84077650253 13.1387622632 0.0002 0.0002
136.397898 6.1547611945 0.936566699596 -0.798680220746 1.55164758702 5.84077650253 13.1387622632 0.0002 0.0002
139.002498 0.189260156482 1.21541096247 -1.52907086994 0.87613025605 11.9036369933 6.8153720931 0.0002 0.0002
139.002498 0.189260156482 1.21541096247 -1.52907086994 0.87613025605 11.9036369933 6.8153720931 0.0002 0.0002
141.496798 0.346642468224 1.70955345317 -2.22853082397 0.229219836545 21.2762228984 4.05829735714 0.0002 0.0002
141.633298 0.352985310252 1.74334015435 -0.909906943979 -0.0569063746872 21.7058389542 4.03484306014 0.0002 0.0002
141.633298 0.352985310252 1.74334015435 -0.909906943979 -0.0569063746872 21.7058389542 4.03484306014 0.0002 0.0002
141.833298 0.362178136355 1.79243150124 1.06509022295 -0.482389729801 21.6746119108 4.14205024144 0.0002 0.0002
141.833298 0.362178136355 1.79243150124 1.06509022295 -0.482389729801 21.6746119108 4.14205024144 0.0002 0.0002
142.169798 0.378245489642 1.86918538486 4.14216192859 -1.29551691007 19.8915281506 4.73021183992 0.0002 0.0002
147.464298 2.31667660175 2.29771517982 -0.690795692283 -4.29339502173 1.61826961246 34.3207060628 0.0002 0.0002
147.774298 2.48290385896 2.30649033296 -1.16986381013 -1.13875883086 2.18967452682 36.0207998685 0.0002 0.0002
147.774298 2.48290385896 2.30649033296 -1.16986381013 -1.13875883086 2.18967452682 36.0207998685 0.0002 0.0002
147.974298 2.56494702013 2.31202944612 -1.54613741246 0.987855572106 2.7307442749 36.0511000172 0.0002 0.0002
147.974298 2.56494702013 2.31202944612 -1.54613741246 0.987855572106 2.7307442749 36.0511000172 0.0002 0.0002
148.484298 2.70610705621 2.32676028383 -2.88920899793 5.97305446721 4.93653688008 32.4071814276 0.0002 0.0002
148.795099 2.7593262188 2.33693320192 -3.47772303469 5.62130014066 6.91538572275 28.8036444212 0.0002 0.0002
148.795099 2.7593262188 2.33693320192 -3.47772303469 5.62130014066 6.91538572275 28.8036444212 0.0002 0.0002
149.451742 2.83058728308 2.3630753435 -4.72110263334 4.87813323887 12.2990872059 21.9092649885 0.0002 0.0002
149.761742 2.85336460838 2.37807057109 -3.48342909067 2.15881107852 14.8749452966 19.7548200107 0.0002 0.0002
149.761742 2.85336460838 2.37807057109 -3.48342909067 2.15881107852 14.8749452966 19.7548200107 0.0002 0.0002
149.961742 2.86627233079 2.38836553613 -2.39445017612 0.602705015792 16.0567093506 19.2053878302 0.0002 0.0002
149.961742 2.86627233079 2.38836553613 -2.39445017612 0.602705015792 16.0567093506 19.2053878302 0.0002 0.0002
150.471742 2.89675074515 2.41445076341 0.876749138964 -3.41823512762 16.8581856629 20.5943811199 0.0002 0.0002
150.968217 2.92697219154 2.43671907467 0.8246610961 -3.72402015651 16.0134780165 24.1403323121 0.0002 0.0002
150.968217 2.92697219154 2.43671907467 0.8246610961 -3.72402015651 16.0134780165 24.1403323121 0.0002 0.0002
150.968217 2.92697219154 2.43671907467 0.8246610961 -3.72402015651 16.0134780165 24.1403323121 0.0002 0.0002
153.973287 3.14544558245 2.52156897001 0.509381948166 -5.57487954876 12.0045852854 52.0841768494 0.0002 0.0002
154.283287 3.17140464384 2.52737309076 -0.410523463453 -1.67576646431 11.974173542 54.3493893536 0.0002 0.0002
154.283287 3.17140464384 2.52737309076 -0.410523463453 -1.67576646431 11.974173542 54.3493893536 0.0002 0.0002
154.483287 3.18793927083 2.53104213858 -1.01889955596 0.945003461554 12.2591431533 54.4960133461 0.0002 0.0002
154.483287 3.18793927083 2.53104213858 -1.01889955596 0.945003461554 12.2591431533 54.4960133461 0.0002 0.0002
154.993287 3.22704824772 2.54068800489 -2.80800369133 7.2328797013 14.171085579 50.2359172429 0.0002 0.0002
155.304088 3.24770502746 2.54716456364 -3.00286745415 6.90303173628 15.9771101419 45.8424618321 0.0002 0.0002
155.304088 3.24770502746 2.54716456364 -3.00286745415 6.90303173628 15.9771101419 45.8424618321 0.0002 0.0002
155.960731 3.2842726991 2.5630588632 -3.41456473249 6.20614737203 20.1910720653 37.2344111349 0.0002 0.0002
156.270731 3.29890960986 2.57180516116 -2.84593075014 4.71857029176 22.1387484832 33.8597266033 0.0002 0.0002
156.270731 3.29890960986 2.57180516116 -2.84593075014 4.71857029176 22.1387484832 33.8597266033 0.0002 0.0002
156.470731 3.30772959201 2.57787193314 -2.41318236551 3.86956295681 23.192128892 32.144634808 0.0002 0.0002
156.470731 3.30772959201 2.57787193314 -2.41318236551 3.86956295681 23.192128892 32.144634808 0.0002 0.0002
156.980731 3.32880131601 2.59460288446 -1.13608097971 1.98367957659 25.0198576546 29.1878511857 0.0002 0.0002
157.477206 3.34820464465 2.61220468773 -1.18153548888 1.89973723719 26.1704962908 27.2598318231 0.0002 0.0002
157.477206 3.34820464465 2.61220468773 -1.18153548888 1.89973723719 26.1704962908 27.2598318231 0.0002 0.0002
157.477206 3.34820464465 2.61220468773 -1.18153548888 1.89973723719 26.1704962908 27.2598318231 0.0002 0.0002
158.548502 3.38723152505 2.65464938179 -1.27961743432 1.71860607768 28.8071195728 23.3835151033 0.0002 0.0002
158.548502 3.38723152505 2.65464938179 -1.27961743432 1.71860607768 28.8071195728 23.3835151033 0.0002 0.0002
158.813005 3.39630651064 2.66618464176 -1.30383386826 1.67388479142 29.4904501927 22.4861910909 0.0002 0.0002
158.813005 3.39630651064 2.66618464176 -1.30383386826 1.67388479142 29.4904501927 22.4861910909 0.0002 0.0002
165.740498 3.57423344224 3.23273476938 -1.93807686964 0.502607348366 51.9487641361 7.40855702802 0.0002 0.0002
165.740498 3.57423344224 3.23273476938 -1.93807686964 0.502607348366 51.9487641361 7.40855702802 0.0002 0.0002
168.065698 3.61539683132 3.58942997427 -2.15095934052 0.109470276905 61.456591132 5.98535413374 0.0002 0.0002
168.065698 3.61539683132 3.58942997427 -2.15095934052 0.109470276905 61.456591132 5.98535413374 0.0002 0.0002
168.277698 3.61882100008 3.62497266394 -2.17036888973 0.0736260230131 62.3727127168 5.94653771816 0.0002 0.0002
168.277698 3.61882100008 3.62497266394 -2.17036888973 0.0736260230131 62.3727127168 5.94653771816 0.0002 0.0002
