0.0 0.0 0.0 -1.25287976099 0.789987518004 5.79735938488 9.99584375794 0.0002 0.0002
0.0 0.0 0.0 -1.25287976099 0.789987518004 5.79735938488 9.99584375794 0.0002 0.0002
0.0 0.0 0.0 -1.25287976099 0.789987518004 5.79735938488 9.99584375794 0.0002 0.0002
0.423 0.066753540216 0.0437532690482 -1.4403765648 0.721260357547 6.93660681069 9.35658590658 0.0002 0.0002
0.423 0.066753540216 0.0437532690482 -1.4403765648 0.721260357547 6.93660681069 9.35658590658 0.0002 0.0002
0.877 0.126493679056 0.0939926370906 -1.64161426913 0.647496454835 8.3358306493 8.73517031376 0.0002 0.0002
0.877 0.126493679056 0.0939926370906 -1.64161426913 0.647496454835 8.3358306493 8.73517031376 0.0002 0.0002
1.357 0.179054848887 0.150908639629 -1.85437659969 0.569508187651 10.0139062663 8.15100808537 0.0002 0.0002
1.357 0.179054848887 0.150908639629 -1.85437659969 0.569508187651 10.0139062663 8.15100808537 0.0002 0.0002
1.89 0.227461469232 0.218724550225 -2.09063143759 0.482908715965 12.1165955502 7.59006987574 0.0002 0.0002
1.89 0.227461469232 0.218724550225 -2.09063143759 0.482908715965 12.1165955502 7.59006987574 0.0002 0.0002
2.475 0.271287727347 0.298608182672 -2.34993552796 0.387860515334 14.714327225 7.08066987543 0.0002 0.0002
2.475 0.271287727347 0.298608182672 -2.34993552796 0.387860515334 14.714327225 7.08066987543 0.0002 0.0002
3.06 0.30763187344 0.383756269393 -2.60923961834 0.292812314703 17.6154446856 6.68247626986 0.0002 0.0002
3.06 0.30763187344 0.383756269393 -2.60923961834 0.292812314703 17.6154446856 6.68247626986 0.0002 0.0002
3.645 0.33818367368 0.473361134349 -2.86854370871 0.197764114072 20.819947932 6.39548905903 0.0002 0.0002
3.645 0.33818367368 0.473361134349 -2.86854370871 0.197764114072 20.819947932 6.39548905903 0.0002 0.0002
4.6635 0.381056842021 0.636334330528 -3.31999877888 0.0322827596395 27.1229784556 6.16118631815 0.0002 0.0002
5.0 0.393275533142 0.68962794033 2.9466501061 -1.50789321957 27.2519470949 6.64533124673 0.0002 0.0002
5.0 0.393275533142 0.68962794033 2.9466501061 -1.50789321957 27.2519470949 6.64533124673 0.0002 0.0002
5.3365 0.406442290767 0.735547309062 8.32634033917 -3.52593149772 23.3578332421 8.29691936867 0.0002 0.0002
5.7585 0.427704833722 0.778648441223 7.0557433696 -4.20912307319 16.866593917 11.5611123976 0.0002 0.0002
6.025 0.445141630862 0.800001877815 3.52089764915 -1.97658514091 14.0965294693 13.2392607424 0.0002 0.0002
6.025 0.445141630862 0.800001877815 3.52089764915 -1.97658514091 14.0965294693 13.2392607424 0.0002 0.0002
6.2915 0.465018789981 0.819693318601 0.743291012679 0.666344944999 12.9797214591 13.5947216436 0.0002 0.0002
6.973 0.519601798259 0.871509033735 0.661778002888 0.593956804405 12.022166925 12.7358260014 0.0002 0.0002
6.973 0.519601798259 0.871509033735 0.661778002888 0.593956804405 12.022166925 12.7358260014 0.0002 0.0002
7.482 0.563133200077 0.912423969958 0.600897413037 0.539891413998 11.3794651383 12.1586972582 0.0002 0.0002
7.482 0.563133200077 0.912423969958 0.600897413037 0.539891413998 11.3794651383 12.1586972582 0.0002 0.0002
7.992 0.609158621209 0.955314830879 0.539897214954 0.48571980475 10.797659878 11.6356355367 0.0002 0.0002
7.992 0.609158621209 0.955314830879 0.539897214954 0.48571980475 10.797659878 11.6356355367 0.0002 0.0002
8.498 0.657200049455 0.999711114139 0.479375449798 0.431973070868 10.2819079096 11.1712829416 0.0002 0.0002
8.498 0.657200049455 0.999711114139 0.479375449798 0.431973070868 10.2819079096 11.1712829416 0.0002 0.0002
8.9873 0.705861015825 1.04432598128 0.420851142108 0.380000191642 9.84142703819 10.7739844242 0.0002 0.0002
8.9873 0.705861015825 1.04432598128 0.420851142108 0.380000191642 9.84142703819 10.7739844242 0.0002 0.0002
9.4566 0.75448543446 1.0885888119 0.364718999049 0.330151689249 9.47275897095 10.4407101465 0.0002 0.0002
9.4566 0.75448543446 1.0885888119 0.364718999049 0.330151689249 9.47275897095 10.4407101465 0.0002 0.0002
9.9277 0.805092981339 1.1343606076 0.308371561173 0.280111992941 9.15566600803 10.1532149259 0.0002 0.0002
9.9277 0.805092981339 1.1343606076 0.308371561173 0.280111992941 9.15566600803 10.1532149259 0.0002 0.0002
16.240021 1.52426352844 1.77965505857 -0.446633990515 -0.390375431889 10.0284228443 10.8492331471 0.0002 0.0002
16.240021 1.52426352844 1.77965505857 -0.446633990515 -0.390375431889 10.0284228443 10.8492331471 0.0002 0.0002
17.480021 1.64187692492 1.88872657728 -0.384257937794 -0.522205025018 11.0678384446 11.9818486835 0.0002 0.0002
17.480021 1.64187692492 1.88872657728 -0.384257937794 -0.522205025018 11.0678384446 11.9818486835 0.0002 0.0002
17.480021 1.64187692492 1.88872657728 -0.384257937794 -0.522205025018 11.0678384446 11.9818486835 0.0002 0.0002
17.480021 1.64187692492 1.88872657728 -0.384257937794 -0.522205025018 11.0678384446 11.9818486835 0.0002 0.0002
18.720021 1.74977852503 1.98667943932 -0.285913571929 -0.654034618147 11.9061986433 13.4416950832 0.0002 0.0002
18.720021 1.74977852503 1.98667943932 -0.730698711653 -0.151887257365 11.9061986433 13.4416950832 0.0002 0.0002
20.0 1.84912574858 2.08027209005 -0.895603247829 -0.249308585053 13.9878309991 13.9552173364 0.0002 0.0002
20.0 1.84912574858 2.08027209005 -0.895603247829 -0.249308585053 13.9878309991 13.9552173364 0.0002 0.0002
22.328798 1.99300877461 2.23913320462 -1.195631103 -0.426557268883 18.8578933729 15.5291723853 0.0002 0.0002
22.595298 2.00671248327 2.25641467252 -4.46621585282 2.024498567 20.3455124189 15.0971098655 0.0002 0.0002
22.595298 2.00671248327 2.25641467252 -4.46621585282 2.024498567 20.3455124189 15.0971098655 0.0002 0.0002
22.861798 2.01892176798 2.27499619924 -8.51611981222 4.13227919439 23.7565494793 13.4323973281 0.0002 0.0002
23.218798 2.03224346402 2.30484388638 -9.62100139147 3.65187082566 30.2315017491 10.6534557709 0.0002 0.0002
23.355298 2.03658609395 2.31823262492 -7.37645205425 2.67215690268 32.560312643 9.79341884738 0.0002 0.0002
23.355298 2.03658609395 2.31823262492 -7.37645205425 2.67215690268 32.560312643 9.79341884738 0.0002 0.0002
23.555298 2.04250747847 2.33964956452 -3.52758953226 1.44169902635 34.7586829936 8.97714780245 0.0002 0.0002
23.555298 2.04250747847 2.33964956452 -3.52758953226 1.44169902635 34.7586829936 8.97714780245 0.0002 0.0002
23.891798 2.05207843963 2.37833601978 3.50019843333 -0.368960897343 34.7681140018 8.62410670828 0.0002 0.0002
27.336298 2.20259346535 2.71332197382 2.18737457241 -0.822736262327 15.1772687836 12.7289075748 0.0002 0.0002
27.336298 2.20259346535 2.71332197382 2.18737457241 -0.822736262327 15.1772687836 12.7289075748 0.0002 0.0002
28.003298 2.25117642619 2.7635144888 1.9331566844 -0.910606248811 12.4288744353 13.8850470297 0.0002 0.0002
28.003298 2.25117642619 2.7635144888 1.9331566844 -0.910606248811 12.4288744353 13.8850470297 0.0002 0.0002
28.805298 2.32476680989 2.81833331264 1.62748540077 -1.01626101517 9.57323948296 15.4303945754 0.0002 0.0002
28.855298 2.33003189809 2.82156455936 1.33893424376 -0.578920861897 9.42498918021 15.5101917204 0.0002 0.0002
28.855298 2.33003189809 2.82156455936 1.33893424376 -0.578920861897 9.42498918021 15.5101917204 0.0002 0.0002
29.055298 2.35169933933 2.83446085464 0.245460495365 1.17833911104 9.11050572738 15.3893850452 0.0002 0.0002
29.055298 2.35169933933 2.83446085464 0.245460495365 1.17833911104 9.11050572738 15.3893850452 0.0002 0.0002
29.305298 2.37899264545 2.85122552105 -1.101032978 3.20638805511 9.32188517453 14.2799470277 0.0002 0.0002
32.666098 2.63156295916 3.61577835318 -1.89861941447 0.551411078272 19.4031169352 1.6507357002 0.0002 0.0002
32.716098 2.63412865605 3.64655617499 -1.29271293247 0.461455138698 19.5627675447 1.6001190132 0.0002 0.0002
32.716098 2.63412865605 3.64655617499 -1.29271293247 0.461455138698 19.5627675447 1.6001190132 0.0002 0.0002
32.916098 2.64430311948 3.77727532781 1.17362008437 0.125350127928 19.5867886343 1.4837358791 0.0002 0.0002
32.916098 2.64430311948 3.77727532781 1.17362008437 0.125350127928 19.5867886343 1.4837358791 0.0002 0.0002
33.166098 2.65743598596 3.94552271711 4.06306948166 -0.280667353738 18.2601230354 1.52206246857 0.0002 0.0002
36.526898 3.28789754613 4.88342652806 0.840600517365 -2.66266170903 1.77986890271 11.4140027827 0.0002 0.0002
36.576898 3.31664020394 4.88775960415 0.720633359552 -2.20383382085 1.70186228825 11.6574995375 0.0002 0.0002
36.576898 3.31664020394 4.88775960415 0.720633359552 -2.20383382085 1.70186228825 11.6574995375 0.0002 0.0002
36.776898 3.44279603363 4.90447172214 0.29243112557 -0.222914926922 1.50150808905 12.1484086318 0.0002 0.0002
36.776898 3.44279603363 4.90447172214 0.29243112557 -0.222914926922 1.50150808905 12.1484086318 0.0002 0.0002
37.026898 3.61297693893 4.92532132188 -0.192683526336 2.26322978138 1.47700231019 11.6291296965 0.0002 0.0002
37.333412 3.80993521517 4.95334345734 -0.407912659763 2.1018640703 1.66109344957 10.2911673197 0.0002 0.0002
37.333412 3.80993521517 4.95334345734 -0.407912659763 2.1018640703 1.66109344957 10.2911673197 0.0002 0.0002
40.387698 4.62003966825 5.62129221303 -2.5525824922 0.493921097951 10.7032923453 2.36289702128 0.0002 0.0002
40.437698 4.62465937959 5.64265716849 -2.10854003108 0.366119553188 10.9365186833 2.31992634018 0.0002 0.0002
40.437698 4.62465937959 5.64265716849 -2.10854003108 0.366119553188 10.9365186833 2.31992634018 0.0002 0.0002
40.637698 4.64246655528 5.73039273183 -0.188932967562 -0.123838638145 11.4014542725 2.27202808315 0.0002 0.0002
40.637698 4.64246655528 5.73039273183 -0.188932967562 -0.123838638145 11.4014542725 2.27202808315 0.0002 0.0002
40.887698 4.66470501698 5.83663351661 2.21532726913 -0.769206347334 10.885407082 2.49130367264 0.0002 0.0002
41.194212 4.69472760618 5.94856033709 2.04897748969 -0.965036233478 9.57833797311 3.02287330306 0.0002 0.0002
41.194212 4.69472760618 5.94856033709 2.04897748969 -0.965036233478 9.57833797311 3.02287330306 0.0002 0.0002
44.248498 5.43843837323 0.138238903508 0.391370325134 -2.91640054189 2.12481780715 14.877891306 0.0002 0.0002
44.298498 5.46216715533 0.141569293915 0.275664336662 -2.30620861927 2.09148961543 15.1392063961 0.0002 0.0002
44.298498 5.46216715533 0.141569293915 0.275664336662 -2.30620861927 2.09148961543 15.1392063961 0.0002 0.0002
44.498498 5.5589538151 0.154531222457 -0.173340996173 0.276025237324 2.07125316849 15.5498957036 0.0002 0.0002
44.498498 5.5589538151 0.154531222457 -0.173340996173 0.276025237324 2.07125316849 15.5498957036 0.0002 0.0002
44.748498 5.674657522 0.170971394107 -0.775442760631 3.41097751464 2.3043468506 14.6115131717 0.0002 0.0002
44.854298 5.71896328103 0.178395489968 -0.848964137855 3.31949086319 2.47620910046 13.8994296173 0.0002 0.0002
44.854298 5.71896328103 0.178395489968 -0.848964137855 3.31949086319 2.47620910046 13.8994296173 0.0002 0.0002
45.055012 5.79465659037 0.193561828949 -0.988442112411 3.14593082767 2.84500225858 12.6017289681 0.0002 0.0002
45.055012 5.79465659037 0.193561828949 -0.988442112411 3.14593082767 2.84500225858 12.6017289681 0.0002 0.0002
48.109298 0.0 0.98906797338 -3.1108930874 0.504849554508 15.3655443687 1.45120155772 0.0002 0.0002
48.159298 0.0 1.02409173727 -2.45990950249 0.400105082221 15.6442880208 1.40598682945 0.0002 0.0002
48.159298 0.0 1.02409173727 -2.45990950249 0.400105082221 15.6442880208 1.40598682945 0.0002 0.0002
48.359298 0.00742304561014 1.17199611534 0.299861695447 0.00743573978861 16.0814154512 1.32541756938 0.0002 0.0002
48.359298 0.00742304561014 1.17199611534 0.299861695447 0.00743573978861 16.0814154512 1.32541756938 0.0002 0.0002
48.609298 0.0233332371903 1.35541768368 3.64613339189 -0.488319627763 15.0765089308 1.44349141228 0.0002 0.0002
48.715098 0.030534924319 1.42606179449 3.54582265334 -0.579091661398 14.3155999812 1.55642352667 0.0002 0.0002
48.715098 0.030534924319 1.42606179449 3.54582265334 -0.579091661398 14.3155999812 1.55642352667 0.0002 0.0002
48.915812 0.0452880012082 1.54548798606 3.35552237377 -0.751295989933 12.9304034154 1.82345095372 0.0002 0.0002
48.915812 0.0452880012082 1.54548798606 3.35552237377 -0.751295989933 12.9304034154 1.82345095372 0.0002 0.0002
51.970098 0.895554908879 2.18363609575 0.459703050355 -3.37174732757 1.27761381568 14.4164044358 0.0002 0.0002
52.020098 0.935357664323 2.1870666594 0.359956189086 -2.79017897857 1.23665977784 14.724718562 0.0002 0.0002
52.020098 0.935357664323 2.1870666594 0.359956189086 -2.79017897857 1.23665977784 14.724718562 0.0002 0.0002
52.220098 1.10344740793 2.20029693399 -0.0166126600995 -0.279570303479 1.16875676446 15.345702526 0.0002 0.0002
52.220098 1.10344740793 2.20029693399 -0.0166126600995 -0.279570303479 1.16875676446 15.345702526 0.0002 0.0002
52.470098 1.30993393561 2.2168040105 -0.496511322937 2.8708109352 1.29481944813 14.6862049929 0.0002 0.0002
52.575898 1.38829762451 2.22416005353 -0.598365049212 2.80423440542 1.4106573683 14.0857851958 0.0002 0.0002
52.575898 1.38829762451 2.22416005353 -0.598365049212 2.80423440542 1.4106573683 14.0857851958 0.0002 0.0002
55.830898 2.15807172146 2.80510121601 -3.73195558818 0.755967822928 15.505851043 2.49732694255 0.0002 0.0002
55.880898 2.16126025615 2.82541247103 -3.08571999359 0.618259852655 15.846983814 2.42866565983 0.0002 0.0002
55.880898 2.16126025615 2.82541247103 -3.08571999359 0.618259852655 15.846983814 2.42866565983 0.0002 0.0002
56.080898 2.1735456657 2.91091874811 -0.290529583829 0.110194623129 16.5302304566 2.28465244289 0.0002 0.0002
56.080898 2.1735456657 2.91091874811 -0.290529583829 0.110194623129 16.5302304566 2.28465244289 0.0002 0.0002
56.330898 2.18888173005 3.01925311142 3.21335208983 -0.511009478577 15.7858947843 2.3830671216 0.0002 0.0002
56.436698 2.19573132727 3.06263755497 3.13744560209 -0.566999352088 15.1139803885 2.49712045588 0.0002 0.0002
56.436698 2.19573132727 3.06263755497 3.13744560209 -0.566999352088 15.1139803885 2.49712045588 0.0002 0.0002
59.691698 2.78193377747 3.70583979523 0.802137307253 -2.28956115054 2.29063801859 11.795224892 0.0002 0.0002
59.741698 2.80413115435 3.71004096657 0.672427017517 -1.80725044079 2.21696182078 12.0002102405 0.0002 0.0002
59.741698 2.80413115435 3.71004096657 0.672427017517 -1.80725044079 2.21696182078 12.0002102405 0.0002 0.0002
59.941698 2.89874840802 3.72639839328 0.200278572013 0.232455551147 2.04436633822 12.3187766216 0.0002 0.0002
59.941698 2.89874840802 3.72639839328 0.200278572013 0.232455551147 2.04436633822 12.3187766216 0.0002 0.0002
60.191698 3.02126857404 3.7471553565 -0.358398395281 2.70609155705 2.08321292413 11.5708901633 0.0002 0.0002
60.498212 3.16013401829 3.77568328019 -0.52443305183 2.4856162959 2.35381312231 9.97955902243 0.0002 0.0002
60.498212 3.16013401829 3.77568328019 -0.52443305183 2.4856162959 2.35381312231 9.97955902243 0.0002 0.0002
62.097498 3.62453816219 4.03599435919 -1.39074552609 1.33525122776 5.41673140947 3.86889908397 0.0002 0.0002
62.097498 3.62453816219 4.03599435919 -1.39074552609 1.33525122776 5.41673140947 3.86889908397 0.0002 0.0002
63.552498 3.81765848071 4.68294833835 -2.17890014636 0.288670957477 10.6105658629 1.50609230444 0.0002 0.0002
63.602498 3.82232528168 4.71643765904 -1.86276183093 0.205750075037 10.8127558875 1.48138431658 0.0002 0.0002
63.602498 3.82232528168 4.71643765904 -1.86276183093 0.205750075037 10.8127558875 1.48138431658 0.0002 0.0002
63.802498 3.84035162526 4.85324793408 -0.50116554631 -0.118030657524 11.2895824027 1.4639873717 0.0002 0.0002
63.802498 3.84035162526 4.85324793408 -0.50116554631 -0.118030657524 11.2895824027 1.4639873717 0.0002 0.0002
64.052498 3.86254015328 5.01702450843 1.25502581711 -0.543704852943 11.0985857439 1.62726843233 0.0002 0.0002
68.445984 4.52912341833 5.84727719382 0.235650803648 -4.041754779 4.54931888012 21.7734211288 0.0002 0.0002
68.445984 4.52912341833 5.84727719382 0.235650803648 -4.041754779 4.54931888012 21.7734211288 0.0002 0.0002
68.646698 4.5736770086 5.8561641434 0.189081214841 -4.20156127272 4.46406921776 23.4279700668 0.0002 0.0002
68.646698 4.5736770086 5.8561641434 0.189081214841 -4.20156127272 4.46406921776 23.4279700668 0.0002 0.0002
68.752498 4.59747954799 5.86059599295 0.164533537569 -4.28579818213 4.42665677695 24.3259326972 0.0002 0.0002
68.802498 4.60879006438 5.86263439557 0.0304909936255 -3.63963065388 4.41691005542 24.7223874179 0.0002 0.0002
68.802498 4.60879006438 5.86263439557 0.0304909936255 -3.63963065388 4.41691005542 24.7223874179 0.0002 0.0002
69.002498 4.65376996651 5.87054963205 -0.511436536499 -0.890544059819 4.51239400414 25.6351834359 0.0002 0.0002
69.002498 4.65376996651 5.87054963205 -0.511436536499 -0.890544059819 4.51239400414 25.6351834359 0.0002 0.0002
69.252498 4.70699864635 5.88032988936 -1.25915378618 2.62678619753 4.9499961731 25.1960362166 0.0002 0.0002
69.7 4.78798633318 5.89895770377 -1.49289178831 2.48647570057 6.18154207177 22.9078412907 0.0002 0.0002
69.7 4.78798633318 5.89895770377 -1.49289178831 2.48647570057 6.18154207177 22.9078412907 0.0002 0.0002
70.002498 4.8335588085 5.91261014437 -1.65089170377 2.39162999103 7.13253029056 21.4322240752 0.0002 0.0002
70.002498 4.8335588085 5.91261014437 -1.65089170377 2.39162999103 7.13253029056 21.4322240752 0.0002 0.0002
70.251298 4.86652988954 5.92454976861 -1.78084422896 2.31362083879 7.98634619062 20.2615576687 0.0002 0.0002
70.251298 4.86652988954 5.92454976861 -1.78084422896 2.31362083879 7.98634619062 20.2615576687 0.0002 0.0002
71.491298 4.98837517208 5.99579796526 -2.19319041118 1.92448012396 12.9565711052 15.0015934645 0.0002 0.0002
71.491298 4.98837517208 5.99579796526 -2.19319041118 1.92448012396 12.9565711052 15.0015934645 0.0002 0.0002
71.491298 4.98837517208 5.99579796526 -2.19319041118 1.92448012396 12.9565711052 15.0015934645 0.0002 0.0002
71.491298 4.98837517208 5.99579796526 -2.19319041118 1.92448012396 12.9565711052 15.0015934645 0.0002 0.0002
72.731298 5.06787044412 6.09388102397 -2.40617152372 1.53533940913 18.7088770991 10.7075648282 0.0002 0.0002
72.731298 5.06787044412 6.09388102397 -2.40617152372 1.53533940913 18.7088770991 10.7075648282 0.0002 0.0002
73.630098 5.11090727067 6.18994361378 -2.73235612771 1.25352821125 23.3273857522 8.20093061104 0.0002 0.0002
73.680098 5.11303894638 6.19608515502 -2.24621818795 1.06504403979 23.5764032157 8.08504329389 0.0002 0.0002
73.680098 5.11303894638 6.19608515502 -2.24621818795 1.06504403979 23.5764032157 8.08504329389 0.0002 0.0002
73.880098 5.12141008167 6.22133842822 -0.226986473013 0.34887812745 24.0738839545 7.80386030172 0.0002 0.0002
73.880098 5.12141008167 6.22133842822 -0.226986473013 0.34887812745 24.0738839545 7.80386030172 0.0002 0.0002
74.130098 5.1318630548 6.2534361366 2.30243485535 -0.518139940946 23.5503492728 7.84580274729 0.0002 0.0002
74.436612 5.14527958782 0.00852426691225 2.22042299581 -0.567695546548 22.1640300214 8.1786265259 0.0002 0.0002
74.436612 5.14527958782 0.00852426691225 2.22042299581 -0.567695546548 22.1640300214 8.1786265259 0.0002 0.0002
75.985612 5.22781707021 0.177895210301 1.80596763515 -0.818129892377 15.9271509341 10.3252701308 0.0002 0.0002
75.985612 5.22781707021 0.177895210301 1.80596763515 -0.818129892377 15.9271509341 10.3252701308 0.0002 0.0002
78.030098 5.39339038676 0.346677308915 1.25893846634 -1.14867186395 9.66099331826 14.3463687864 0.0002 0.0002
78.080098 5.39859793798 0.350149785224 1.04947145056 -0.859777020213 9.54561233734 14.4468256391 0.0002 0.0002
78.080098 5.39859793798 0.350149785224 1.04947145056 -0.859777020213 9.54561233734 14.4468256391 0.0002 0.0002
78.280098 5.41989857538 0.363904524114 0.246384435695 0.319069327426 9.28785212783 14.5555637111 0.0002 0.0002
78.280098 5.41989857538 0.363904524114 0.246384435695 0.319069327426 9.28785212783 14.5555637111 0.0002 0.0002
78.530098 5.44675752334 0.381323209903 -0.740636310509 1.75430618772 9.41036785697 14.0327354702 0.0002 0.0002
78.635898 5.45790713422 0.388963633747 -0.758046443818 1.72356314092 9.56892849238 13.6647768952 0.0002 0.0002
78.635898 5.45790713422 0.388963633747 -0.758046443818 1.72356314092 9.56892849238 13.6647768952 0.0002 0.0002
78.836612 5.47855149732 0.4040324313 -0.791075342657 1.66524026858 9.87985892263 12.9845966077 0.0002 0.0002
78.836612 5.47855149732 0.4040324313 -0.791075342657 1.66524026858 9.87985892263 12.9845966077 0.0002 0.0002
83.821298 5.82464252483 1.22053052652 -1.61134044442 0.216805155687 21.8551472626 3.60319112998 0.0002 0.0002
83.871298 5.82692258622 1.23444392901 -1.22584698738 0.138143182471 21.9970489556 3.58544900393 0.0002 0.0002
83.871298 5.82692258622 1.23444392901 -1.22584698738 0.138143182471 21.9970489556 3.58544900393 0.0002 0.0002
84.071298 5.83595692448 1.29033109617 0.345986393308 -0.174354863047 22.1738655835 3.59265697906 0.0002 0.0002
84.071298 5.83595692448 1.29033109617 0.345986393308 -0.174354863047 22.1738655835 3.59265697906 0.0002 0.0002
84.271298 5.84504809478 1.34515100176 1.89810311261 -0.496884111281 21.7228937571 3.72626784047 0.0002 0.0002
84.271298 5.84504809478 1.34515100176 1.89810311261 -0.496884111281 21.7228937571 3.72626784047 0.0002 0.0002
84.321298 5.84736060261 1.35847564624 2.27258862573 -0.581230710023 21.5142969573 3.78015751116 0.0002 0.0002
84.427098 5.85233380175 1.38600892395 2.24227292776 -0.618674208716 21.036624605 3.90710745156 0.0002 0.0002
84.427098 5.85233380175 1.38600892395 2.24227292776 -0.618674208716 21.036624605 3.90710745156 0.0002 0.0002
84.627812 5.86208324763 1.43575694252 2.18476078217 -0.689708560292 20.1480569609 4.16971819066 0.0002 0.0002
84.627812 5.86208324763 1.43575694252 2.18476078217 -0.689708560292 20.1480569609 4.16971819066 0.0002 0.0002
89.612498 0.072819628375 2.01579021437 0.756459881552 -2.45383033465 5.48699549557 19.8392725107 0.0002 0.0002
89.662498 0.0819917022926 2.01829588253 0.623418002767 -2.03157517804 5.41802679618 20.063624756 0.0002 0.0002
89.662498 0.0819917022926 2.01829588253 0.623418002767 -2.03157517804 5.41802679618 20.063624756 0.0002 0.0002
89.862498 0.119532907245 2.02812235752 0.112921375177 -0.272562914717 5.27161375793 20.5271651055 0.0002 0.0002
89.862498 0.119532907245 2.02812235752 0.112921375177 -0.272562914717 5.27161375793 20.5271651055 0.0002 0.0002
90.112498 0.166743889111 2.04037215471 -0.518127451868 1.93830566586 5.37200008237 20.106883804 0.0002 0.0002
90.218298 0.186237190594 2.04568820373 -0.543109329885 1.91327475317 5.48427893388 19.6993865957 0.0002 0.0002
90.218298 0.186237190594 2.04568820373 -0.543109329885 1.91327475317 5.48427893388 19.6993865957 0.0002 0.0002
90.419012 0.222106591801 2.05607924579 -0.590502644293 1.86578841473 5.71181072767 18.940875711 0.0002 0.0002
90.419012 0.222106591801 2.05607924579 -0.590502644293 1.86578841473 5.71181072767 18.940875711 0.0002 0.0002
95.297898 0.738503441152 2.51646334709 -1.74252282303 0.711507039998 17.0943760178 6.36654499906 0.0002 0.0002
95.297898 0.738503441152 2.51646334709 -1.74252282303 0.711507039998 17.0943760178 6.36654499906 0.0002 0.0002
95.403698 0.744626498089 2.53327872285 -1.76750470105 0.686476127317 17.4657369299 6.21863837996 0.0002 0.0002
95.453698 0.747475670818 2.54136109494 -1.46398517878 0.564591696295 17.6273595992 6.15610362646 0.0002 0.0002
95.453698 0.747475670818 2.54136109494 -1.46398517878 0.564591696295 17.6273595992 6.15610362646 0.0002 0.0002
95.653698 0.758688468834 2.57428447684 -0.208670580823 0.0929920367174 17.9634952721 6.02521049867 0.0002 0.0002
95.653698 0.758688468834 2.57428447684 -0.208670580823 0.0929920367174 17.9634952721 6.02521049867 0.0002 0.0002
95.903698 0.772668401773 2.61560518182 1.36868350649 -0.492114891542 17.6713116201 6.12425429769 0.0002 0.0002
101.194898 1.24216937905 3.16058829869 0.508352570007 -1.56532429381 7.73953833217 17.0105765152 0.0002 0.0002
101.244898 1.24864871199 3.16351516055 0.344227721499 -1.22764023987 7.69692371638 17.1502719491 0.0002 0.0002
101.244898 1.24864871199 3.16351516055 0.344227721499 -1.22764023987 7.69692371638 17.1502719491 0.0002 0.0002
101.444898 1.2747196241 3.17507335074 -0.30489734851 0.158901702096 7.68909989564 17.3651828318 0.0002 0.0002
101.444898 1.2747196241 3.17507335074 -0.30489734851 0.158901702096 7.68909989564 17.3651828318 0.0002 0.0002
101.694898 1.30663657011 3.18962538691 -1.14931729886 1.86715513576 8.04961319506 16.8543459349 0.0002 0.0002
101.800698 1.31958374387 3.19597706138 -1.1798224194 1.83899342672 8.29603617725 16.462235417 0.0002 0.0002
101.800698 1.31958374387 3.19597706138 -1.1798224194 1.83899342672 8.29603617725 16.462235417 0.0002 0.0002
102.001412 1.34310193025 3.20844844964 -1.23769392 1.78556763024 8.78126555179 15.734735269 0.0002 0.0002
102.001412 1.34310193025 3.20844844964 -1.23769392 1.78556763024 8.78126555179 15.734735269 0.0002 0.0002
104.444898 1.54719770364 3.42010398851 -1.94221977036 1.13516364375 16.5513401354 8.59796929122 0.0002 0.0002
104.444898 1.54719770364 3.42010398851 -1.94221977036 1.13516364375 16.5513401354 8.59796929122 0.0002 0.0002
106.986098 1.66491823682 3.83861466064 -2.67491931966 0.458750269386 28.284413991 4.54751525516 0.0002 0.0002
107.036098 1.66667819546 3.84966165698 -2.17902793913 0.364881005679 28.5271837169 4.50634596138 0.0002 0.0002
107.036098 1.66667819546 3.84966165698 -2.17902793913 0.364881005679 28.5271837169 4.50634596138 0.0002 0.0002
107.236098 1.67361606838 3.89452652614 -0.135659475117 -0.000837033791819 28.9923415996 4.43388240771 0.0002 0.0002
107.236098 1.67361606838 3.89452652614 -0.135659475117 -0.000837033791819 28.9923415996 4.43388240771 0.0002 0.0002
107.486098 1.68229342289 3.95043316421 2.41564044237 -0.460499740932 28.4180607871 4.54836481894 0.0002 0.0002
107.792612 1.69336739979 4.01570188871 2.34191546493 -0.542180383783 26.9598032957 4.85570031468 0.0002 0.0002
107.792612 1.69336739979 4.01570188871 2.34191546493 -0.542180383783 26.9598032957 4.85570031468 0.0002 0.0002
112.046858 1.93862658462 4.55168330799 1.31865326364 -1.67586285221 11.3868434245 14.2918018792 0.0002 0.0002
112.046858 1.93862658462 4.55168330799 1.31865326364 -1.67586285221 11.3868434245 14.2918018792 0.0002 0.0002
112.777298 2.00858750495 4.598725388 1.14296252025 -1.87051239111 9.58878079127 16.882216212 0.0002 0.0002
112.827298 2.01383136546 4.60167174903 0.938707954513 -1.53799098807 9.48473242379 17.0526989921 0.0002 0.0002
112.827298 2.01383136546 4.60167174903 0.938707954513 -1.53799098807 9.48473242379 17.0526989921 0.0002 0.0002
113.027298 2.03522256146 4.61325334716 0.151692885158 -0.159387139637 9.26782370791 17.3940219807 0.0002 0.0002
113.027298 2.03522256146 4.61325334716 0.151692885158 -0.159387139637 9.26782370791 17.3940219807 0.0002 0.0002
113.227298 2.05675346695 4.62479234617 -0.625427319703 1.22950165165 9.36206164695 17.1788344056 0.0002 0.0002
113.227298 2.05675346695 4.62479234617 -0.625427319703 1.22950165165 9.36206164695 17.1788344056 0.0002 0.0002
113.277298 2.06207454903 4.62771434013 -0.824068999273 1.56775946953 9.43451198311 17.0389240697 0.0002 0.0002
113.383098 2.07318555473 4.63398461026 -0.842898557412 1.54628847649 9.61087715061 16.709457797 0.0002 0.0002
113.383098 2.07318555473 4.63398461026 -0.842898557412 1.54628847649 9.61087715061 16.709457797 0.0002 0.0002
113.583812 2.09370545489 4.64622333231 -0.878620258097 1.5055556892 9.95641007815 16.0969099471 0.0002 0.0002
113.583812 2.09370545489 4.64622333231 -0.878620258097 1.5055556892 9.95641007815 16.0969099471 0.0002 0.0002
115.622798 2.26555519778 4.80148241803 -1.24150499754 1.09176500676 14.2793157926 10.8010094106 0.0002 0.0002
115.622798 2.26555519778 4.80148241803 -1.24150499754 1.09176500676 14.2793157926 10.8010094106 0.0002 0.0002
117.267498 2.36598682059 4.98212667569 -1.53421741978 0.757990505409 18.8445464524 7.7587165197 0.0002 0.0002
117.267498 2.36598682059 4.98212667569 -1.53421741978 0.757990505409 18.8445464524 7.7587165197 0.0002 0.0002
118.462698 2.42372246427 5.15480109625 -1.74693091589 0.515437283538 22.7661749432 6.23671562635 0.0002 0.0002
118.462698 2.42372246427 5.15480109625 -1.74693091589 0.515437283538 22.7661749432 6.23671562635 0.0002 0.0002
118.568498 2.4283322525 5.17191312348 -1.76576047403 0.493966290504 23.1378176922 6.12992072821 0.0002 0.0002
118.618498 2.43048563863 5.18010020041 -1.35796325456 0.375008380303 23.2940504474 6.08648494015 0.0002 0.0002
118.618498 2.43048563863 5.18010020041 -1.35796325456 0.375008380303 23.2940504474 6.08648494015 0.0002 0.0002
118.818498 2.43901259826 5.21319805351 0.30697096696 -0.0915994985159 23.5052570856 6.0300719343 0.0002 0.0002
118.818498 2.43901259826 5.21319805351 0.30697096696 -0.0915994985159 23.5052570856 6.0300719343 0.0002 0.0002
119.068498 2.44976343578 5.25417324819 2.35245806818 -0.685417003451 22.8354010258 6.22289142666 0.0002 0.0002
122.440498 2.67228111927 5.63046560873 1.38760324488 -1.48185604639 10.2239142781 13.5309361507 0.0002 0.0002
122.440498 2.67228111927 5.63046560873 1.38760324488 -1.48185604639 10.2239142781 13.5309361507 0.0002 0.0002
124.359698 2.92086563861 5.74713699214 0.838448625403 -1.93515551591 5.9516755287 20.0888647411 0.0002 0.0002
124.409698 2.9293231493 5.74961483094 0.705084382217 -1.53602065278 5.87452494625 20.26248222 0.0002 0.0002
124.409698 2.9293231493 5.74961483094 0.705084382217 -1.53602065278 5.87452494625 20.26248222 0.0002 0.0002
124.609698 2.9639999401 5.75938968184 0.194978972574 0.106264033073 5.69547924177 20.5499896378 0.0002 0.0002
124.609698 2.9639999401 5.75938968184 0.194978972574 0.106264033073 5.69547924177 20.5499896378 0.0002 0.0002
124.859698 3.00787172434 5.77167435974 -0.42855773951 2.13700207985 5.75338558462 19.9843869959 0.0002 0.0002
124.965498 3.02611508403 5.77702902237 -0.450324299362 2.10753081807 5.84637130433 19.5353154152 0.0002 0.0002
124.965498 3.02611508403 5.77702902237 -0.450324299362 2.10753081807 5.84637130433 19.5353154152 0.0002 0.0002
125.166212 3.05991090135 5.78753045729 -0.491617808758 2.05162065893 6.03543227262 18.7005154857 0.0002 0.0002
125.166212 3.05991090135 5.78753045729 -0.491617808758 2.05162065893 6.03543227262 18.7005154857 0.0002 0.0002
129.341898 3.53648502618 6.1783931785 -1.35069455017 0.888456809959 13.7283501974 6.42367515994 0.0002 0.0002
129.341898 3.53648502618 6.1783931785 -1.35069455017 0.888456809959 13.7283501974 6.42367515994 0.0002 0.0002
130.150898 3.59101539424 0.0360762049342 -1.5171326118 0.663104723184 16.0484223715 5.16846187963 0.0002 0.0002
130.200898 3.59411721836 0.0458094947677 -1.23787322764 0.557870580233 16.1862137353 5.10743130384 0.0002 0.0002
130.200898 3.59411721836 0.0458094947677 -1.23787322764 0.557870580233 16.1862137353 5.10743130384 0.0002 0.0002
130.400898 3.60634414544 0.0856275618456 -0.0867751506899 0.153227298279 16.4524141005 4.96588609703 0.0002 0.0002
130.400898 3.60634414544 0.0856275618456 -0.0867751506899 0.153227298279 16.4524141005 4.96588609703 0.0002 0.0002
130.650898 3.62163222879 0.135942325829 1.35128379344 -0.342846687128 16.1339101036 5.01294084324 0.0002 0.0002
130.756698 3.62824837693 0.156893016258 1.33275217892 -0.366432869994 15.8499390978 5.08798262038 0.0002 0.0002
130.756698 3.62824837693 0.156893016258 1.33275217892 -0.366432869994 15.8499390978 5.08798262038 0.0002 0.0002
135.061658 4.03071774066 0.730352895211 0.578708140529 -1.32614528766 7.62117888096 12.3744638859 0.0002 0.0002
135.061658 4.03071774066 0.730352895211 0.578708140529 -1.32614528766 7.62117888096 12.3744638859 0.0002 0.0002
135.792098 4.13184321023 0.78504107309 0.450766434358 -1.48898358078 6.86920947248 14.4307466166 0.0002 0.0002
135.842098 4.13914342473 0.788489259372 0.3035536647 -1.20472785595 6.83150620685 14.565477718 0.0002 0.0002
135.842098 4.13914342473 0.788489259372 0.3035536647 -1.20472785595 6.83150620685 14.565477718 0.0002 0.0002
136.042098 4.16851351719 0.802068379342 -0.278895321602 -0.0306618910937 6.82660102947 14.8139002196 0.0002 0.0002
136.042098 4.16851351719 0.802068379342 -0.278895321602 -0.0306618910937 6.82660102947 14.8139002196 0.0002 0.0002
136.242098 4.19741034525 0.815636201767 -0.879536534998 1.1453826261 7.05704286087 14.5897428521 0.0002 0.0002
136.242098 4.19741034525 0.815636201767 -0.879536534998 1.1453826261 7.05704286087 14.5897428521 0.0002 0.0002
136.292098 4.20444910768 0.819077926299 -1.03706889012 1.43074188618 7.15284076357 14.4608930844 0.0002 0.0002
136.397898 4.21901593782 0.826471470442 -1.06776846313 1.4084490055 7.37553255554 14.160506688 0.0002 0.0002
136.397898 4.21901593782 0.826471470442 -1.06776846313 1.4084490055 7.37553255554 14.160506688 0.0002 0.0002
139.002498 4.47004936449 1.0697975501 -1.82353507793 0.859639581822 14.9062217586 8.25304315349 0.0002 0.0002
139.002498 4.47004936449 1.0697975501 -1.82353507793 0.859639581822 14.9062217586 8.25304315349 0.0002 0.0002
141.496798 4.59756459369 1.45744682747 -2.5472963723 0.334071223737 25.8083866449 5.27557029118 0.0002 0.0002
141.633298 4.60279882015 1.48346132659 -0.838193589492 -0.0410272600884 26.271906528 5.23569014067 0.0002 0.0002
141.633298 4.60279882015 1.48346132659 -0.838193589492 -0.0410272600884 26.271906528 5.23569014067 0.0002 0.0002
141.833298 4.61041220579 1.52133783468 1.70305785573 -0.597133398336 26.097803572 5.36250127263 0.0002 0.0002
141.833298 4.61041220579 1.52133783468 1.70305785573 -0.597133398336 26.097803572 5.36250127263 0.0002 0.0002
142.169798 4.62384772864 1.58070470166 5.5852115338 -1.66226433385 23.5992815438 6.10913716827 0.0002 0.0002
147.464298 0.756887100231 1.92191335565 -1.63764587394 -4.92358465926 2.69889515773 40.9779146623 0.0002 0.0002
147.774298 0.852591234361 1.92926641256 -2.37481323402 -1.58126496961 3.93238793825 43.0115719768 0.0002 0.0002
147.774298 0.852591234361 1.92926641256 -2.37481323402 -1.58126496961 3.93238793825 43.0115719768 0.0002 0.0002
147.974298 0.89779777885 1.9338984792 -2.9731967896 0.681234418034 4.99825667327 43.1922116763 0.0002 0.0002
147.974298 0.89779777885 1.9338984792 -2.9731967896 0.681234418034 4.99825667327 43.1922116763 0.0002 0.0002
148.484298 0.974592881296 1.94608255112 -5.14060886698 6.10394623748 9.04449590387 39.6506829456 0.0002 0.0002
148.795099 1.00378915811 1.95431472562 -6.08305880077 5.80406050033 12.5328230387 35.9496625435 0.0002 0.0002
148.795099 1.00378915811 1.95431472562 -6.08305880077 5.80406050033 12.5328230387 35.9496625435 0.0002 0.0002
149.451742 1.04349927096 1.97474356728 -8.07421440152 5.17047865825 21.829097386 28.7433082268 0.0002 0.0002
149.761742 1.05638363311 1.98601643954 -5.82105607357 1.6953164964 26.1912373474 26.6410965082 0.0002 0.0002
149.761742 1.05638363311 1.98601643954 -5.82105607357 1.6953164964 26.1912373474 26.6410965082 0.0002 0.0002
149.961742 1.06373126109 1.99358049008 -3.88333425017 -0.379575099194 28.142266364 26.3793074546 0.0002 0.0002
149.961742 1.06373126109 1.99358049008 -3.88333425017 -0.379575099194 28.142266364 26.3793074546 0.0002 0.0002
150.471742 1.08121609328 2.0121518721 1.82995014381 -6.08884196388 29.2263816135 29.5710525489 0.0002 0.0002
150.968217 1.09874652076 2.02738278732 1.7560775186 -6.72807478665 27.4460085298 35.9343312927 0.0002 0.0002
150.968217 1.09874652076 2.02738278732 1.7560775186 -6.72807478665 27.4460085298 35.9343312927 0.0002 0.0002
150.968217 1.09874652076 2.02738278732 1.7560775186 -6.72807478665 27.4460085298 35.9343312927 0.0002 0.0002
153.973287 1.23347887797 2.08084785444 1.30894038212 -10.5972310961 18.2354151869 87.9980882416 0.0002 0.0002
154.283287 1.25072374026 2.08427017147 -0.102281887424 -3.81569517226 17.8643008288 92.5020086476 0.0002 0.0002
154.283287 1.25072374026 2.08427017147 -0.102281887424 -3.81569517226 17.8643008288 92.5020086476 0.0002 0.0002
154.483287 1.26186911889 2.08642166762 -1.00955026351 0.79389399157 18.08593333 93.108379525 0.0002 0.0002
154.483287 1.26186911889 2.08642166762 -1.00955026351 0.79389399157 18.08593333 93.108379525 0.0002 0.0002
154.993287 1.28872055285 2.09204524916 -3.59474857651 11.9841309195 20.3848039257 86.44744064 0.0002 0.0002
155.304088 1.30317402494 2.09580237156 -3.80701645427 11.4641866399 22.685279899 79.1596800942 0.0002 0.0002
155.304088 1.30317402494 2.09580237156 -3.80701645427 11.4641866399 22.685279899 79.1596800942 0.0002 0.0002
155.960731 1.32924076565 2.1049690348 -4.25548417495 10.3656773959 27.9794644997 64.8252526842 0.0002 0.0002
156.270731 1.33985499329 2.10998284983 -3.48072532643 7.9392830918 30.3857460564 59.1696255409 0.0002 0.0002
156.270731 1.33985499329 2.10998284983 -3.48072532643 7.9392830918 30.3857460564 59.1696255409 0.0002 0.0002
156.470731 1.34629829408 2.11345119535 -2.90476827431 6.5491651259 31.6646263456 56.2759647228 0.0002 0.0002
156.470731 1.34629829408 2.11345119535 -2.90476827431 6.5491651259 31.6646263456 56.2759647228 0.0002 0.0002
156.980731 1.36181801114 2.12299349749 -1.24123680053 3.45082522154 33.7984477189 51.2216583064 0.0002 0.0002
157.477206 1.37624326244 2.13302125561 -1.27855740621 3.32571025689 35.0494625477 47.8572778548 0.0002 0.0002
157.477206 1.37624326244 2.13302125561 -1.27855740621 3.32571025689 35.0494625477 47.8572778548 0.0002 0.0002
157.477206 1.37624326244 2.13302125561 -1.27855740621 3.32571025688 35.0494625477 47.8572778548 0.0002 0.0002
158.548502 1.40565049475 2.15720232118 -1.35908797791 3.0557366204 37.8751614971 41.0208593409 0.0002 0.0002
158.548502 1.40565049475 2.15720232118 -1.35908797791 3.0557366204 37.8751614971 41.0208593409 0.0002 0.0002
158.813005 1.41256827273 2.16377984002 -1.37897097739 2.98908012512 38.599386305 39.4219871773 0.0002 0.0002
158.813005 1.41256827273 2.16377984002 -1.37897097739 2.98908012512 38.599386305 39.4219871773 0.0002 0.0002
165.740498 1.55545445476 2.51829536436 -1.8997187182 1.24330633626 61.3124862203 10.1021595928 0.0002 0.0002
165.740498 1.55545445476 2.51829536436 -1.8997187182 1.24330633626 61.3124862203 10.1021595928 0.0002 0.0002
168.065698 1.59081488354 2.83021172821 -2.07450671827 0.657340646526 70.5533552052 5.6827752284 0.0002 0.0002
168.065698 1.59081488354 2.83021172821 -2.07450671827 0.657340646526 70.5533552052 5.6827752284 0.0002 0.0002
168.277698 1.59380107824 2.86843664595 -2.0904430059 0.603915252485 71.4363245467 5.41538897781 0.0002 0.0002
168.277698 1.59380107824 2.86843664595 -2.0904430059 0.603915252485 71.4363245467 5.41538897781 0.0002 0.0002
