0.0 0.0 0.0 -1.25287976099 0.789987518004 5.79735938488 9.99584375794 0.0002 0.0002
0.0 0.0 0.0 -1.25287976099 0.789987518004 5.79735938488 9.99584375794 0.0002 0.0002
0.0 0.0 0.0 -1.25287976099 0.789987518004 5.79735938488 9.99584375794 0.0002 0.0002
0.423 0.066753540216 0.0437532690482 -1.4403765648 0.721260357547 6.93660681069 9.35658590658 0.0002 0.0002
0.423 0.066753540216 0.0437532690482 -1.4403765648 0.721260357547 6.93660681069 9.35658590658 0.0002 0.0002
0.877 0.126493679056 0.0939926370906 -1.64161426913 0.647496454835 8.3358306493 8.73517031376 0.0002 0.0002
0.877 0.126493679056 0.0939926370906 -1.64161426913 0.647496454835 8.3358306493 8.73517031376 0.0002 0.0002
1.357 0.179054848887 0.150908639629 -1.85437659969 0.569508187651 10.0139062663 8.15100808537 0.0002 0.0002
1.357 0.179054848887 0.150908639629 -1.85437659969 0.569508187651 10.0139062663 8.15100808537 0.0002 0.0002
1.89 0.227461469232 0.218724550225 -2.09063143759 0.482908715965 12.1165955502 7.59006987574 0.0002 0.0002
1.89 0.227461469232 0.218724550225 -2.09063143759 0.482908715965 12.1165955502 7.59006987574 0.0002 0.0002
2.475 0.271287727347 0.298608182672 -2.34993552796 0.387860515334 14.714327225 7.08066987543 0.0002 0.0002
2.475 0.271287727347 0.298608182672 -2.34993552796 0.387860515334 14.714327225 7.08066987543 0.0002 0.0002
3.06 0.30763187344 0.383756269393 -2.60923961834 0.292812314703 17.6154446856 6.68247626986 0.0002 0.0002
3.06 0.30763187344 0.383756269393 -2.60923961834 0.292812314703 17.6154446856 6.68247626986 0.0002 0.0002
3.645 0.33818367368 0.473361134349 -2.86854370871 0.197764114072 20.819947932 6.39548905903 0.0002 0.0002
3.645 0.33818367368 0.473361134349 -2.86854370871 0.197764114072 20.819947932 6.39548905903 0.0002 0.0002
4.6635 0.381056842021 0.636334330528 -3.31999877888 0.0322827596395 27.1229784556 6.16118631815 0.0002 0.0002
5.0 0.393275533142 0.68962794033 2.9466501061 -1.50789321957 27.2519470949 6.64533124673 0.0002 0.0002
5.0 0.393275533142 0.68962794033 2.9466501061 -1.50789321957 27.2519470949 6.64533124673 0.0002 0.0002
5.3365 0.406442290767 0.735547309062 8.32634033917 -3.52593149772 23.3578332421 8.29691936867 0.0002 0.0002
5.7585 0.427704833722 0.778648441223 7.0557433696 -4.20912307319 16.866593917 11.5611123976 0.0002 0.0002
6.025 0.445141630862 0.800001877815 3.52089764915 -1.97658514091 14.0965294693 13.2392607424 0.0002 0.0002
6.025 0.445141630862 0.800001877815 3.52089764915 -1.97658514091 14.0965294693 13.2392607424 0.0002 0.0002
6.2915 0.465018789981 0.819693318601 0.743291012679 0.666344944999 12.9797214591 13.5947216436 0.0002 0.0002
6.973 0.519601798259 0.871509033735 0.661778002888 0.593956804405 12.022166925 12.7358260014 0.0002 0.0002
6.973 0.519601798259 0.871509033735 0.661778002888 0.593956804405 12.022166925 12.7358260014 0.0002 0.0002
7.482 0.563133200077 0.912423969958 0.600897413037 0.539891413998 11.3794651383 12.1586972582 0.0002 0.0002
7.482 0.563133200077 0.912423969958 0.600897413037 0.539891413998 11.3794651383 12.1586972582 0.0002 0.0002
7.992 0.609158621209 0.955314830879 0.539897214954 0.48571980475 10.797659878 11.6356355367 0.0002 0.0002
7.992 0.609158621209 0.955314830879 0.539897214954 0.48571980475 10.797659878 11.6356355367 0.0002 0.0002
8.498 0.657200049455 0.999711114139 0.479375449798 0.431973070868 10.2819079096 11.1712829416 0.0002 0.0002
8.498 0.657200049455 0.999711114139 0.479375449798 0.431973070868 10.2819079096 11.1712829416 0.0002 0.0002
8.9873 0.705861015825 1.04432598128 0.420851142108 0.380000191642 9.84142703819 10.7739844242 0.0002 0.0002
8.9873 0.705861015825 1.04432598128 0.420851142108 0.380000191642 9.84142703819 10.7739844242 0.0002 0.0002
9.4566 0.75448543446 1.0885888119 0.364718999049 0.330151689249 9.47275897095 10.4407101465 0.0002 0.0002
9.4566 0.75448543446 1.0885888119 0.364718999049 0.330151689249 9.47275897095 10.4407101465 0.0002 0.0002
9.9277 0.805092981339 1.1343606076 0.308371561173 0.280111992941 9.15566600803 10.1532149259 0.0002 0.0002
9.9277 0.805092981339 1.1343606076 0.308371561173 0.280111992941 9.15566600803 10.1532149259 0.0002 0.0002
16.240021 1.52426352844 1.77965505857 -0.446633990515 -0.390375431889 10.0284228443 10.8492331471 0.0002 0.0002
16.240021 1.52426352844 1.77965505857 -0.446633990515 -0.390375431889 10.0284228443 10.8492331471 0.0002 0.0002
17.480021 1.64187692492 1.88872657728 -0.384257937794 -0.522205025018 11.0678384446 11.9818486835 0.0002 0.0002
17.480021 1.64187692492 1.88872657728 -0.384257937794 -0.522205025018 11.0678384446 11.9818486835 0.0002 0.0002
17.480021 1.64187692492 1.88872657728 -0.384257937794 -0.522205025018 11.0678384446 11.9818486835 0.0002 0.0002
17.480021 1.64187692492 1.88872657728 -0.384257937794 -0.522205025018 11.0678384446 11.9818486835 0.0002 0.0002
18.720021 1.74977852503 1.98667943932 -0.285913571929 -0.654034618147 11.9061986433 13.4416950832 0.0002 0.0002
18.720021 1.74977852503 1.98667943932 -0.730698711653 -0.151887257365 11.9061986433 13.4416950832 0.0002 0.0002
20.0 1.84912574858 2.08027209005 -0.895603247829 -0.249308585053 13.9878309991 13.9552173364 0.0002 0.0002
20.0 1.84912574858 2.08027209005 -0.895603247829 -0.249308585053 13.9878309991 13.9552173364 0.0002 0.0002
22.328798 1.99300877461 2.23913320462 -1.195631103 -0.426557268883 18.8578933729 15.5291723853 0.0002 0.0002
22.595298 2.00671248327 2.25641467252 -4.46621585282 2.024498567 20.3455124189 15.0971098655 0.0002 0.0002
22.595298 2.00671248327 2.25641467252 -4.46621585282 2.024498567 20.3455124189 15.0971098655 0.0002 0.0002
22.861798 2.01892176798 2.27499619924 -8.51611981222 4.13227919439 23.7565494793 13.4323973281 0.0002 0.0002
23.218798 2.03224346402 2.30484388638 -9.62100139147 3.65187082566 30.2315017491 10.6534557709 0.0002 0.0002
23.355298 2.03658609395 2.31823262492 -7.37645205425 2.67215690268 32.560312643 9.79341884738 0.0002 0.0002
23.355298 2.03658609395 2.31823262492 -7.37645205425 2.67215690268 32.560312643 9.79341884738 0.0002 0.0002
23.555298 2.04250747847 2.33964956452 -3.52758953226 1.44169902635 34.7586829936 8.97714780245 0.0002 0.0002
23.555298 2.04250747847 2.33964956452 -3.52758953226 1.44169902635 34.7586829936 8.97714780245 0.0002 0.0002
23.891798 2.05207843963 2.37833601978 3.50019843333 -0.368960897343 34.7681140018 8.62410670828 0.0002 0.0002
27.336298 2.20259346535 2.71332197382 2.18737457241 -0.822736262327 15.1772687836 12.7289075748 0.0002 0.0002
27.336298 2.20259346535 2.71332197382 2.18737457241 -0.822736262327 15.1772687836 12.7289075748 0.0002 0.0002
28.003298 2.25117642619 2.7635144888 1.9331566844 -0.910606248811 12.4288744353 13.8850470297 0.0002 0.0002
28.003298 2.25117642619 2.7635144888 1.9331566844 -0.910606248811 12.4288744353 13.8850470297 0.0002 0.0002
28.805298 2.32476680989 2.81833331264 1.62748540077 -1.01626101517 9.57323948296 15.4303945754 0.0002 0.0002
28.855298 2.33003189809 2.82156455936 1.33893424376 -0.578920861897 9.42498918021 15.5101917204 0.0002 0.0002
28.855298 2.33003189809 2.82156455936 1.33893424376 -0.578920861897 9.42498918021 15.5101917204 0.0002 0.0002
29.055298 2.35169933933 2.83446085464 0.245460495365 1.17833911104 9.11050572738 15.3893850452 0.0002 0.0002
29.055298 2.35169933933 2.83446085464 0.245460495365 1.17833911104 9.11050572738 15.3893850452 0.0002 0.0002
29.305298 2.37899264545 2.85122552105 -1.101032978 3.20638805511 9.32188517453 14.2799470277 0.0002 0.0002
32.666098 2.63156295916 3.61577835318 -1.89861941447 0.551411078272 19.4031169352 1.6507357002 0.0002 0.0002
32.716098 2.63412865605 3.64655617499 -1.29271293247 0.461455138698 19.5627675447 1.6001190132 0.0002 0.0002
32.716098 2.63412865605 3.64655617499 -1.29271293247 0.461455138698 19.5627675447 1.6001190132 0.0002 0.0002
32.916098 2.64430311948 3.77727532781 1.17362008437 0.125350127928 19.5867886343 1.4837358791 0.0002 0.0002
32.916098 2.64430311948 3.77727532781 1.17362008437 0.125350127928 19.5867886343 1.4837358791 0.0002 0.0002
33.166098 2.65743598596 3.94552271711 4.06306948166 -0.280667353738 18.2601230354 1.52206246857 0.0002 0.0002
36.526898 3.28789754613 4.88342652806 0.840600517365 -2.66266170903 1.77986890271 11.4140027827 0.0002 0.0002
36.576898 3.31664020394 4.88775960415 0.720633359552 -2.20383382085 1.70186228825 11.6574995375 0.0002 0.0002
36.576898 3.31664020394 4.88775960415 0.720633359552 -2.20383382085 1.70186228825 11.6574995375 0.0002 0.0002
36.776898 3.44279603363 4.90447172214 0.29243112557 -0.222914926922 1.50150808905 12.1484086318 0.0002 0.0002
36.776898 3.44279603363 4.90447172214 0.29243112557 -0.222914926922 1.50150808905 12.1484086318 0.0002 0.0002
37.026898 3.61297693893 4.92532132188 -0.192683526336 2.26322978138 1.47700231019 11.6291296965 0.0002 0.0002
37.333412 3.80993521517 4.95334345734 -0.407912659763 2.1018640703 1.66109344957 10.2911673197 0.0002 0.0002
37.333412 3.80993521517 4.95334345734 -0.407912659763 2.1018640703 1.66109344957 10.2911673197 0.0002 0.0002
40.387698 4.62003966825 5.62129221303 -2.5525824922 0.493921097951 10.7032923453 2.36289702128 0.0002 0.0002
40.437698 4.62465937959 5.64265716849 -2.10854003108 0.366119553188 10.9365186833 2.31992634018 0.0002 0.0002
40.437698 4.62465937959 5.64265716849 -2.10854003108 0.366119553188 10.9365186833 2.31992634018 0.0002 0.0002
40.637698 4.64246655528 5.73039273183 -0.188932967562 -0.123838638145 11.4014542725 2.27202808315 0.0002 0.0002
40.637698 4.64246655528 5.73039273183 -0.188932967562 -0.123838638145 11.4014542725 2.27202808315 0.0002 0.0002
40.887698 4.66470501698 5.83663351661 2.21532726913 -0.769206347334 10.885407082 2.49130367264 0.0002 0.0002
41.194212 4.69472760618 5.94856033709 2.04897748969 -0.965036233478 9.57833797311 3.02287330306 0.0002 0.0002
41.194212 4.69472760618 5.94856033709 2.04897748969 -0.965036233478 9.57833797311 3.02287330306 0.0002 0.0002
44.248498 5.43843837323 0.138238903508 0.391370325134 -2.91640054189 2.12481780715 14.877891306 0.0002 0.0002
44.298498 5.46216715533 0.141569293915 0.275664336662 -2.30620861927 2.09148961543 15.1392063961 0.0002 0.0002
44.298498 5.46216715533 0.141569293915 0.275664336662 -2.30620861927 2.09148961543 15.1392063961 0.0002 0.0002
44.498498 5.5589538151 0.154531222457 -0.173340996173 0.276025237324 2.07125316849 15.5498957036 0.0002 0.0002
44.498498 5.5589538151 0.154531222457 -0.173340996173 0.276025237324 2.07125316849 15.5498957036 0.0002 0.0002
44.748498 5.674657522 0.170971394107 -0.775442760631 3.41097751464 2.3043468506 14.6115131717 0.0002 0.0002
44.854298 5.71896328103 0.178395489968 -0.848964137855 3.31949086319 2.47620910046 13.8994296173 0.0002 0.0002
44.854298 5.71896328103 0.178395489968 -0.848964137855 3.31949086319 2.47620910046 13.8994296173 0.0002 0.0002
45.055012 5.79465659037 0.193561828949 -0.988442112411 3.14593082767 2.84500225858 12.6017289681 0.0002 0.0002
45.055012 5.79465659037 0.193561828949 -0.988442112411 3.14593082767 2.84500225858 12.6017289681 0.0002 0.0002
48.109298 0.0 0.98906797338 -3.1108930874 0.504849554508 15.3655443687 1.45120155772 0.0002 0.0002
48.159298 0.0 1.02409173727 -2.45990950249 0.400105082221 15.6442880208 1.40598682945 0.0002 0.0002
48.159298 0.0 1.02409173727 -2.45990950249 0.400105082221 15.6442880208 1.40598682945 0.0002 0.0002
48.359298 0.00742304561014 1.17199611534 0.299861695447 0.00743573978861 16.0814154512 1.32541756938 0.0002 0.0002
48.359298 0.00742304561014 1.17199611534 0.299861695447 0.00743573978861 16.0814154512 1.32541756938 0.0002 0.0002
48.609298 0.0233332371903 1.35541768368 3.64613339189 -0.488319627763 15.0765089308 1.44349141228 0.0002 0.0002
48.715098 0.030534924319 1.42606179449 3.54582265334 -0.579091661398 14.3155999812 1.55642352667 0.0002 0.0002
48.715098 0.030534924319 1.42606179449 3.54582265334 -0.579091661398 14.3155999812 1.55642352667 0.0002 0.0002
48.915812 0.0452880012082 1.54548798606 3.35552237377 -0.751295989933 12.9304034154 1.82345095372 0.0002 0.0002
48.915812 0.0452880012082 1.54548798606 3.35552237377 -0.751295989933 12.9304034154 1.82345095372 0.0002 0.0002
51.970098 0.895554908879 2.18363609575 0.459703050355 -3.37174732757 1.27761381568 14.4164044358 0.0002 0.0002
52.020098 0.935357664323 2.1870666594 0.359956189086 -2.79017897857 1.23665977784 14.724718562 0.0002 0.0002
52.020098 0.935357664323 2.1870666594 0.359956189086 -2.79017897857 1.23665977784 14.724718562 0.0002 0.0002
52.220098 1.10344740793 2.20029693399 -0.0166126600995 -0.279570303479 1.16875676446 15.345702526 0.0002 0.0002
52.220098 1.10344740793 2.20029693399 -0.0166126600995 -0.279570303479 1.16875676446 15.345702526 0.0002 0.0002
52.470098 1.30993393561 2.2168040105 -0.496511322937 2.8708109352 1.29481944813 14.6862049929 0.0002 0.0002
52.575898 1.38829762451 2.22416005353 -0.598365049212 2.80423440542 1.4106573683 14.0857851958 0.0002 0.0002
52.575898 1.38829762451 2.22416005353 -0.598365049212 2.80423440542 1.4106573683 14.0857851958 0.0002 0.0002
55.830898 2.15807172146 2.80510121601 -3.73195558818 0.755967822928 15.505851043 2.49732694255 0.0002 0.0002
55.880898 2.16126025615 2.82541247103 -3.08571999359 0.618259852655 15.846983814 2.42866565983 0.0002 0.0002
55.880898 2.16126025615 2.82541247103 -3.08571999359 0.618259852655 15.846983814 2.42866565983 0.0002 0.0002
56.080898 2.1735456657 2.91091874811 -0.290529583829 0.110194623129 16.5302304566 2.28465244289 0.0002 0.0002
56.080898 2.1735456657 2.91091874811 -0.290529583829 0.110194623129 16.5302304566 2.28465244289 0.0002 0.0002
56.330898 2.18888173005 3.01925311142 3.21335208983 -0.511009478577 15.7858947843 2.3830671216 0.0002 0.0002
56.436698 2.19573132727 3.06263755497 3.13744560209 -0.566999352088 15.1139803885 2.49712045588 0.0002 0.0002
56.436698 2.19573132727 3.06263755497 3.13744560209 -0.566999352088 15.1139803885 2.49712045588 0.0002 0.0002
59.691698 2.78193377747 3.70583979523 0.802137307253 -2.28956115054 2.29063801859 11.795224892 0.0002 0.0002
59.741698 2.80413115435 3.71004096657 0.672427017517 -1.80725044079 2.21696182078 12.0002102405 0.0002 0.0002
59.741698 2.80413115435 3.71004096657 0.672427017517 -1.80725044079 2.21696182078 12.0002102405 0.0002 0.0002
59.941698 2.89874840802 3.72639839328 0.200278572013 0.232455551147 2.04436633822 12.3187766216 0.0002 0.0002
59.941698 2.89874840802 3.72639839328 0.200278572013 0.232455551147 2.04436633822 12.3187766216 0.0002 0.0002
60.191698 3.02126857404 3.7471553565 -0.358398395281 2.70609155705 2.08321292413 11.5708901633 0.0002 0.0002
60.498212 3.16013401829 3.77568328019 -0.52443305183 2.4856162959 2.35381312231 9.97955902243 0.0002 0.0002
60.498212 3.16013401829 3.77568328019 -0.52443305183 2.4856162959 2.35381312231 9.97955902243 0.0002 0.0002
62.097498 3.62453816219 4.03599435919 -1.39074552609 1.33525122776 5.41673140947 3.86889908397 0.0002 0.0002
62.097498 3.62453816219 4.03599435919 -1.39074552609 1.33525122776 5.41673140947 3.86889908397 0.0002 0.0002
63.552498 3.81765848071 4.68294833835 -2.17890014636 0.288670957477 10.6105658629 1.50609230444 0.0002 0.0002
63.602498 3.82232528168 4.71643765904 -1.86276183093 0.205750075037 10.8127558875 1.48138431658 0.0002 0.0002
63.602498 3.82232528168 4.71643765904 -1.86276183093 0.205750075037 10.8127558875 1.48138431658 0.0002 0.0002
63.802498 3.84035162526 4.85324793408 -0.50116554631 -0.118030657524 11.2895824027 1.4639873717 0.0002 0.0002
63.802498 3.84035162526 4.85324793408 -0.50116554631 -0.118030657524 11.2895824027 1.4639873717 0.0002 0.0002
64.052498 3.86254015328 5.01702450843 1.25502581711 -0.543704852943 11.0985857439 1.62726843233 0.0002 0.0002
68.445984 4.52912341833 5.84727719382 0.235650803648 -4.041754779 4.54931888012 21.7734211288 0.0002 0.0002
68.445984 4.52912341833 5.84727719382 0.235650803648 -4.041754779 4.54931888012 21.7734211288 0.0002 0.0002
68.646698 4.5736770086 5.8561641434 0.189081214841 -4.20156127272 4.46406921776 23.4279700668 0.0002 0.0002
68.646698 4.5736770086 5.8561641434 0.189081214841 -4.20156127272 4.46406921776 23.4279700668 0.0002 0.0002
68.752498 4.59747954799 5.86059599295 0.164533537569 -4.28579818213 4.42665677695 24.3259326972 0.0002 0.0002
68.802498 4.60879006438 5.86263439557 0.0304909936255 -3.63963065388 4.41691005542 24.7223874179 0.0002 0.0002
68.802498 4.60879006438 5.86263439557 0.0304909936255 -3.63963065388 4.41691005542 24.7223874179 0.0002 0.0002
69.002498 4.65376996651 5.87054963205 -0.511436536499 -0.890544059819 4.51239400414 25.6351834359 0.0002 0.0002
69.002498 4.65376996651 5.87054963205 -0.511436536499 -0.890544059819 4.51239400414 25.6351834359 0.0002 0.0002
69.252498 4.70699864635 5.88032988936 -1.25915378618 2.62678619753 4.9499961731 25.1960362166 0.0002 0.0002
69.7 4.78798633318 5.89895770377 -1.49289178831 2.48647570057 6.18154207177 22.9078412907 0.0002 0.0002
69.7 4.78798633318 5.89895770377 -1.49289178831 2.48647570057 6.18154207177 22.9078412907 0.0002 0.0002
70.002498 4.8335588085 5.91261014437 -1.65089170377 2.39162999103 7.13253029056 21.4322240752 0.0002 0.0002
70.002498 4.8335588085 5.91261014437 -1.65089170377 2.39162999103 7.13253029056 21.4322240752 0.0002 0.0002
70.251298 4.86652988954 5.92454976861 -1.78084422896 2.31362083879 7.98634619062 20.2615576687 0.0002 0.0002
70.251298 4.86652988954 5.92454976861 -1.78084422896 2.31362083879 7.98634619062 20.2615576687 0.0002 0.0002
71.491298 4.98837517208 5.99579796526 -2.19319041118 1.92448012396 12.9565711052 15.0015934645 0.0002 0.0002
71.491298 4.98837517208 5.99579796526 -2.19319041118 1.92448012396 12.9565711052 15.0015934645 0.0002 0.0002
71.491298 4.98837517208 5.99579796526 -2.19319041118 1.92448012396 12.9565711052 15.0015934645 0.0002 0.0002
71.491298 4.98837517208 5.99579796526 -2.19319041118 1.92448012396 12.9565711052 15.0015934645 0.0002 0.0002
72.731298 5.06787044412 6.09388102397 -2.40617152372 1.53533940913 18.7088770991 10.7075648282 0.0002 0.0002
72.731298 5.06787044412 6.09388102397 -2.40617152372 1.53533940913 18.7088770991 10.7075648282 0.0002 0.0002
73.630098 5.11090727067 6.18994361378 -2.73235612771 1.25352821125 23.3273857522 8.20093061104 0.0002 0.0002
73.680098 5.11303894638 6.19608515502 -2.24621818795 1.06504403979 23.5764032157 8.08504329389 0.0002 0.0002
73.680098 5.11303894638 6.19608515502 -2.24621818795 1.06504403979 23.5764032157 8.08504329389 0.0002 0.0002
73.880098 5.12141008167 6.22133842822 -0.226986473013 0.34887812745 24.0738839545 7.80386030172 0.0002 0.0002
73.880098 5.12141008167 6.22133842822 -0.226986473013 0.34887812745 24.0738839545 7.80386030172 0.0002 0.0002
74.130098 5.1318630548 6.2534361366 2.30243485535 -0.518139940946 23.5503492728 7.84580274729 0.0002 0.0002
74.436612 5.14527958782 0.00852426691225 2.22042299581 -0.567695546548 22.1640300214 8.1786265259 0.0002 0.0002
74.436612 5.14527958782 0.00852426691225 2.22042299581 -0.567695546548 22.1640300214 8.1786265259 0.0002 0.0002
75.985612 5.22781707021 0.177895210301 1.80596763515 -0.818129892377 15.9271509341 10.3252701308 0.0002 0.0002
75.985612 5.22781707021 0.177895210301 1.80596763515 -0.818129892377 15.9271509341 10.3252701308 0.0002 0.0002
78.030098 5.39339038676 0.346677308915 1.25893846634 -1.14867186395 9.66099331826 14.3463687864 0.0002 0.0002
78.080098 5.39859793798 0.350149785224 1.04947145056 -0.859777020213 9.54561233734 14.4468256391 0.0002 0.0002
78.080098 5.39859793798 0.350149785224 1.04947145056 -0.859777020213 9.54561233734 14.4468256391 0.0002 0.0002
78.280098 5.41989857538 0.363904524114 0.246384435695 0.319069327426 9.28785212783 14.5555637111 0.0002 0.0002
78.280098 5.41989857538 0.363904524114 0.246384435695 0.319069327426 9.28785212783 14.5555637111 0.0002 0.0002
78.530098 5.44675752334 0.381323209903 -0.740636310509 1.75430618772 9.41036785697 14.0327354702 0.0002 0.0002
78.635898 5.45790713422 0.388963633747 -0.758046443818 1.72356314092 9.56892849238 13.6647768952 0.0002 0.0002
78.635898 5.45790713422 0.388963633747 -0.758046443818 1.72356314092 9.56892849238 13.6647768952 0.0002 0.0002
78.836612 5.47855149732 0.4040324313 -0.791075342657 1.66524026858 9.87985892263 12.9845966077 0.0002 0.0002
78.836612 5.47855149732 0.4040324313 -0.791075342657 1.66524026858 9.87985892263 12.9845966077 0.0002 0.0002
83.821298 5.82464252483 1.22053052652 -1.61134044442 0.216805155687 21.8551472626 3.60319112998 0.0002 0.0002
83.871298 5.82692258622 1.23444392901 -1.22584698738 0.138143182471 21.9970489556 3.58544900393 0.0002 0.0002
83.871298 5.82692258622 1.23444392901 -1.22584698738 0.138143182471 21.9970489556 3.58544900393 0.0002 0.0002
84.071298 5.83595692448 1.29033109617 0.345986393308 -0.174354863047 22.1738655835 3.59265697906 0.0002 0.0002
84.071298 5.83595692448 1.29033109617 0.345986393308 -0.174354863047 22.1738655835 3.59265697906 0.0002 0.0002
84.271298 5.84504809478 1.34515100176 1.89810311261 -0.496884111281 21.7228937571 3.72626784047 0.0002 0.0002
84.271298 5.84504809478 1.34515100176 1.89810311261 -0.496884111281 21.7228937571 3.72626784047 0.0002 0.0002
84.321298 5.84736060261 1.35847564624 2.27258862573 -0.581230710023 21.5142969573 3.78015751116 0.0002 0.0002
84.427098 5.85233380175 1.38600892395 2.24227292776 -0.618674208716 21.036624605 3.90710745156 0.0002 0.0002
84.427098 5.85233380175 1.38600892395 2.24227292776 -0.618674208716 21.036624605 3.90710745156 0.0002 0.0002
84.627812 5.86208324763 1.43575694252 2.18476078217 -0.689708560292 20.1480569609 4.16971819066 0.0002 0.0002
84.627812 5.86208324763 1.43575694252 2.18476078217 -0.689708560292 20.1480569609 4.16971819066 0.0002 0.0002
89.612498 0.072819628375 2.01579021437 0.756459881552 -2.45383033465 5.48699549557 19.8392725107 0.0002 0.0002
89.662498 0.0819917022926 2.01829588253 0.623418002767 -2.03157517804 5.41802679618 20.063624756 0.0002 0.0002
89.662498 0.0819917022926 2.01829588253 0.623418002767 -2.03157517804 5.41802679618 20.063624756 0.0002 0.0002
89.862498 0.119532907245 2.02812235752 0.112921375177 -0.272562914717 5.27161375793 20.5271651055 0.0002 0.0002
89.862498 0.119532907245 2.02812235752 0.112921375177 -0.272562914717 5.27161375793 20.5271651055 0.0002 0.0002
90.112498 0.166743889111 2.04037215471 -0.518127451868 1.93830566586 5.37200008237 20.106883804 0.0002 0.0002
90.218298 0.186237190594 2.04568820373 -0.543109329885 1.91327475317 5.48427893388 19.6993865957 0.0002 0.0002
90.218298 0.186237190594 2.04568820373 -0.543109329885 1.91327475317 5.48427893388 19.6993865957 0.0002 0.0002
90.419012 0.222106591801 2.05607924579 -0.590502644293 1.86578841473 5.71181072767 18.940875711 0.0002 0.0002
90.419012 0.222106591801 2.05607924579 -0.590502644293 1.86578841473 5.71181072767 18.940875711 0.0002 0.0002
95.297898 0.738503441152 2.51646334709 -1.74252282303 0.711507039998 17.0943760178 6.36654499906 0.0002 0.0002
95.297898 0.738503441152 2.51646334709 -1.74252282303 0.711507039998 17.0943760178 6.36654499906 0.0002 0.0002
95.403698 0.744626498089 2.53327872285 -1.76750470105 0.686476127317 17.4657369299 6.21863837996 0.0002 0.0002
95.453698 0.74747596819 2.54136024335 -1.3531554579 0.525847466675 17.6218328337 6.15804661062 0.0002 0.0002
95.453698 0.74747596819 2.54136024335 -1.3531554579 0.525847466675 17.6218328337 6.15804661062 0.0002 0.0002
95.653698 0.758724897302 2.57417558138 0.349197467837 -0.0988401560261 17.8239289013 6.07319145263 0.0002 0.0002
95.653698 0.758724897302 2.57417558138 0.349197467837 -0.0988401560261 17.8239289013 6.07319145263 0.0002 0.0002
95.903698 0.772963483825 2.61474464056 2.42411573138 -0.896224020004 17.1235316257 6.31948173092 0.0002 0.0002
101.194898 1.66167661979 3.06091478903 0.299316037693 -2.4060289076 2.71330944915 23.7923624215 0.0002 0.0002
101.244898 1.68019745229 3.06300650333 0.21922215304 -1.883708567 2.68739219016 24.0069292032 0.0002 0.0002
101.244898 1.68019745229 3.06300650333 0.21922215304 -1.883708567 2.68739219016 24.0069292032 0.0002 0.0002
101.444898 1.75525712677 3.07125698393 -0.0948776734634 0.265885684227 2.66267041633 24.332435527 0.0002 0.0002
101.444898 1.75525712677 3.07125698393 -0.0948776734634 0.265885684227 2.66267041633 24.332435527 0.0002 0.0002
101.694898 1.84720947707 3.08165637012 -0.49976981023 2.9083720223 2.80996358001 23.5313997839 0.0002 0.0002
101.800698 1.88414898535 3.08621203073 -0.546825812119 2.86584489546 2.92069339685 22.920487634 0.0002 0.0002
101.800698 1.88414898535 3.08621203073 -0.546825812119 2.86584489546 2.92069339685 22.920487634 0.0002 0.0002
102.001412 1.95028482117 3.09519418132 -0.636096118008 2.78516635353 3.15812238913 21.7862505621 0.0002 0.0002
102.001412 1.95028482117 3.09519418132 -0.636096118008 2.78516635353 3.15812238913 21.7862505621 0.0002 0.0002
104.444898 2.42863924163 3.25687891888 -1.72287004836 1.8029882906 8.92222319113 10.5751589234 0.0002 0.0002
104.444898 2.42863924163 3.25687891888 -1.72287004836 1.8029882906 8.92222319113 10.5751589234 0.0002 0.0002
106.986098 2.61742618091 3.65790172165 -2.85310362114 0.78153333096 20.5506874801 4.00737257868 0.0002 0.0002
107.036098 2.61984337948 3.67049579862 -2.37203950452 0.666357364894 20.8120499473 3.93500719744 0.0002 0.0002
107.036098 2.61984337948 3.67049579862 -2.37203950452 0.666357364894 20.8120499473 3.93500719744 0.0002 0.0002
107.236098 2.6292984137 3.72270760797 -0.357157153623 0.232530829313 21.3614353975 3.75637957717 0.0002 0.0002
107.236098 2.6292984137 3.72270760797 -0.357157153623 0.232530829313 21.3614353975 3.75637957717 0.0002 0.0002
107.486098 2.64107081521 3.78952436164 2.18152565099 -0.288081545834 20.9006930891 3.77012904355 0.0002 0.0002
107.792612 2.65621959809 3.86879796503 2.09706765139 -0.376129432924 19.5892443416 3.97371900749 0.0002 0.0002
107.792612 2.65621959809 3.86879796503 2.09706765139 -0.376129432924 19.5892443416 3.97371900749 0.0002 0.0002
112.046858 3.03568510339 4.52072445105 0.924836996418 -1.59818575485 6.73331858131 12.3729414978 0.0002 0.0002
112.046858 3.03568510339 4.52072445105 0.924836996418 -1.59818575485 6.73331858131 12.3729414978 0.0002 0.0002
112.777298 3.15568458675 4.57461776094 0.723568861097 -1.80800879277 5.52925700675 14.8609622432 0.0002 0.0002
112.827298 3.16478328915 4.5779631636 0.587765070742 -1.48652767195 5.46371471548 15.0257504361 0.0002 0.0002
112.827298 3.16478328915 4.5779631636 0.587765070742 -1.48652767195 5.46371471548 15.0257504361 0.0002 0.0002
113.027298 3.20195003194 4.59109143518 0.0649142625249 -0.1489662524 5.3339510869 15.3548121774 0.0002 0.0002
113.027298 3.20195003194 4.59109143518 0.0649142625249 -0.1489662524 5.3339510869 15.3548121774 0.0002 0.0002
113.227298 3.23929690133 4.60416856062 -0.453267559058 1.19918270958 5.41116225379 15.1435083926 0.0002 0.0002
113.227298 3.23929690133 4.60416856062 -0.453267559058 1.19918270958 5.41116225379 15.1435083926 0.0002 0.0002
113.277298 3.24849485143 4.60748465802 -0.586420590702 1.52656388748 5.46312731158 15.0071702884 0.0002 0.0002
113.383098 3.26764124146 4.61461119939 -0.612446611998 1.50308470867 5.58996746163 14.6866334669 0.0002 0.0002
113.383098 3.26764124146 4.61461119939 -0.612446611998 1.50308470867 5.58996746163 14.6866334669 0.0002 0.0002
113.583812 3.30276030265 4.62856335557 -0.661820778712 1.45854217658 5.84573076668 14.0921934883 0.0002 0.0002
113.583812 3.30276030265 4.62856335557 -0.661820778712 1.45854217658 5.84573076668 14.0921934883 0.0002 0.0002
115.622798 3.57890278097 4.80993889237 -1.16339632746 1.00604957845 9.56732289314 9.06692540405 0.0002 0.0002
115.622798 3.57890278097 4.80993889237 -1.16339632746 1.00604957845 9.56732289314 9.06692540405 0.0002 0.0002
117.267498 3.7211917287 5.02828996165 -1.56798042222 0.641057088977 14.0596182334 6.35792906814 0.0002 0.0002
117.267498 3.7211917287 5.02828996165 -1.56798042222 0.641057088977 14.0596182334 6.35792906814 0.0002 0.0002
118.462698 3.79606248973 5.23886524259 -1.86199082537 0.375817821378 18.1591198685 5.14256017528 0.0002 0.0002
118.462698 3.79606248973 5.23886524259 -1.86199082537 0.375817821378 18.1591198685 5.14256017528 0.0002 0.0002
118.568498 3.80182617166 5.25959599261 -1.88801684666 0.35233864257 18.5558706802 5.0655212214 0.0002 0.0002
118.618498 3.80450816654 5.269496767 -1.44753789273 0.219533649492 18.7227156441 5.03693912155 0.0002 0.0002
118.618498 3.80450816654 5.269496767 -1.44753789273 0.219533649492 18.7227156441 5.03693912155 0.0002 0.0002
118.818498 3.81509461364 5.30927312335 0.362603083248 -0.307432938609 18.941112291 5.05440652287 0.0002 0.0002
118.818498 3.81509461364 5.30927312335 0.362603083248 -0.307432938609 18.941112291 5.05440652287 0.0002 0.0002
119.068498 3.82849196204 5.35747899178 2.56983503271 -1.00473958576 18.2005281882 5.379184908 0.0002 0.0002
122.440498 4.16840836105 5.72465409473 1.16103725495 -2.26441733057 5.62002683419 16.4027820298 0.0002 0.0002
122.440498 4.16840836105 5.72465409473 1.16103725495 -2.26441733057 5.62002683419 16.4027820298 0.0002 0.0002
124.359698 4.68333234471 5.81688922002 0.35920905357 -2.98137270656 2.70237011887 26.4705022691 0.0002 0.0002
124.409698 4.70194928333 5.81876823095 0.278682008863 -2.40238161241 2.67048743757 26.739790272 0.0002 0.0002
124.409698 4.70194928333 5.81876823095 0.278682008863 -2.40238161241 2.67048743757 26.739790272 0.0002 0.0002
124.609698 4.77783033569 5.82615887307 -0.0344939697189 -0.00561490405667 2.6219387485 27.2242797067 0.0002 0.0002
124.609698 4.77783033569 5.82615887307 -0.0344939697189 -0.00561490405667 2.6219387485 27.2242797067 0.0002 0.0002
124.859698 4.87171805979 5.83542756131 -0.432086539996 2.97076435658 2.73750994198 26.4760132096 0.0002 0.0002
124.965498 4.90971322528 5.83947161799 -0.47795038465 2.9315012079 2.83379184861 25.8515535128 0.0002 0.0002
124.965498 4.90971322528 5.83947161799 -0.47795038465 2.9315012079 2.83379184861 25.8515535128 0.0002 0.0002
125.166212 4.97811588587 5.84741637928 -0.564959039809 2.85701478422 3.04311837083 24.689717314 0.0002 0.0002
125.166212 4.97811588587 5.84741637928 -0.564959039809 2.85701478422 3.04311837083 24.689717314 0.0002 0.0002
129.341898 5.63614947619 6.16368675039 -2.37510094933 1.30738737136 15.3198857066 7.30048153457 0.0002 0.0002
129.341898 5.63614947619 6.16368675039 -2.37510094933 1.30738737136 15.3198857066 7.30048153457 0.0002 0.0002
130.150898 5.68303718625 0.00937243346601 -2.72579896752 1.00716159361 19.4465137394 5.42801142191 0.0002 0.0002
130.200898 5.68559146328 0.0186661224029 -2.27115020962 0.859704980292 19.69646191 5.33470568292 0.0002 0.0002
130.200898 5.68559146328 0.0186661224029 -2.27115020962 0.859704980292 19.69646191 5.33470568292 0.0002 0.0002
130.400898 5.6955793664 0.0571300688926 -0.365496926978 0.304609694079 20.2272172038 5.10333234765 0.0002 0.0002
130.400898 5.6955793664 0.0571300688926 -0.365496926978 0.304609694079 20.2272172038 5.10333234765 0.0002 0.0002
130.650898 5.70800760717 0.106317691936 2.03853936254 -0.360751834721 19.8046921301 5.11722819857 0.0002 0.0002
130.756698 5.71340854096 0.126836999496 2.01099705098 -0.38411780687 19.3762511776 5.19603540665 0.0002 0.0002
130.756698 5.71340854096 0.126836999496 2.01099705098 -0.38411780687 19.3762511776 5.19603540665 0.0002 0.0002
135.061658 6.09531064999 0.687944682703 0.890311326985 -1.33486993788 6.88623466278 12.5962088883 0.0002 0.0002
135.061658 6.09531064999 0.687944682703 0.890311326985 -1.33486993788 6.88623466278 12.5962088883 0.0002 0.0002
135.792098 6.21191366665 0.741715398288 0.700160040972 -1.49618790287 5.72449075677 14.6641267775 0.0002 0.0002
135.842098 6.22069829452 0.745109017781 0.560700057357 -1.17648011065 5.6614712178 14.7978099638 0.0002 0.0002
135.842098 6.22069829452 0.745109017781 0.560700057357 -1.17648011065 5.6614712178 14.7978099638 0.0002 0.0002
136.042098 6.25650586766 0.758490771172 0.0218425727255 0.140309818528 5.54565194542 15.0062876571 0.0002 0.0002
136.042098 6.25650586766 0.758490771172 0.0218425727255 0.140309818528 5.54565194542 15.0062876571 0.0002 0.0002
136.242098 0.00918420965175 0.771922961872 -0.51544387534 1.44712744772 5.64378818604 14.686894926 0.0002 0.0002
136.242098 0.00918420965175 0.771922961872 -0.51544387534 1.44712744772 5.64378818604 14.686894926 0.0002 0.0002
136.292098 0.0179997394998 0.775345480105 -0.654011922612 1.76127803538 5.70223921112 14.5264148866 0.0002 0.0002
136.397898 0.0363293534272 0.782723273103 -0.680502218292 1.73140127521 5.84343080723 14.1568894156 0.0002 0.0002
136.397898 0.0363293534272 0.782723273103 -0.680502218292 1.73140127521 5.84343080723 14.1568894156 0.0002 0.0002
139.002498 0.365856411229 1.04641906523 -1.33264422329 0.995890788186 11.086872029 7.05338450726 0.0002 0.0002
139.002498 0.365856411229 1.04641906523 -1.33264422329 0.995890788186 11.086872029 7.05338450726 0.0002 0.0002
141.496798 0.537242820925 1.54609225956 -1.95716921871 0.291527811995 19.2926536974 3.84217629283 0.0002 0.0002
141.633298 0.544240271617 1.58187621441 -0.800713282105 0.0243650890512 19.6701420994 3.7991749614 0.0002 0.0002
141.633298 0.544240271617 1.58187621441 -0.800713282105 0.0243650890512 19.6701420994 3.7991749614 0.0002 0.0002
141.833298 0.554384917346 1.63422991388 0.930372972343 -0.368086675852 19.6440561563 3.86751675606 0.0002 0.0002
141.833298 0.554384917346 1.63422991388 0.930372972343 -0.368086675852 19.6440561563 3.86751675606 0.0002 0.0002
142.169798 0.572091753094 1.71700949848 3.63464049976 -1.10267238529 18.081762795 4.35432800207 0.0002 0.0002
147.464298 2.35890710326 2.19609914443 -0.526352196063 -3.79700558261 1.62493037108 30.2956730031 0.0002 0.0002
147.774298 2.52912654042 2.2060399767 -0.957765946478 -0.995721856545 2.08067216995 31.7957410206 0.0002 0.0002
147.774298 2.52912654042 2.2060399767 -0.957765946478 -0.995721856545 2.08067216995 31.7957410206 0.0002 0.0002
147.974298 2.61660386566 2.21231565139 -1.2911956227 0.892284844104 2.52868880062 31.8165108736 0.0002 0.0002
147.974298 2.61660386566 2.21231565139 -1.2911956227 0.892284844104 2.52868880062 31.8165108736 0.0002 0.0002
148.484298 2.7721593298 2.22901539678 -2.46609406376 5.31245271254 4.39696549261 28.5678681632 0.0002 0.0002
148.795099 2.8322795315 2.24056163319 -2.96666077504 4.9945334832 6.08547112926 25.3644465466 0.0002 0.0002
148.795099 2.8322795315 2.24056163319 -2.96666077504 4.9945334832 6.08547112926 25.3644465466 0.0002 0.0002
149.451742 2.91383623807 2.27028565045 -4.02423017475 4.32285148568 10.6759907352 19.2462509284 0.0002 0.0002
149.761742 2.94013223436 2.28736151589 -2.91286369142 1.88275998904 12.8545178 17.34682345 0.0002 0.0002
149.761742 2.94013223436 2.28736151589 -2.91286369142 1.88275998904 12.8545178 17.34682345 0.0002 0.0002
149.961742 2.95509181984 2.29908236593 -1.94707680267 0.485744263333 13.8317310843 16.8756366707 0.0002 0.0002
149.961742 2.95509181984 2.29908236593 -1.94707680267 0.485744263333 13.8317310843 16.8756366707 0.0002 0.0002
150.471742 2.99063929313 2.32870763269 0.913787737256 -3.14178333582 14.3778078491 18.1850509827 0.0002 0.0002
150.968217 3.02627991015 2.35384684414 0.850423723727 -3.43857005865 13.501920964 21.4520319342 0.0002 0.0002
150.968217 3.02627991015 2.35384684414 0.850423723727 -3.43857005865 13.501920964 21.4520319342 0.0002 0.0002
150.968217 3.02627991015 2.35384684414 0.850423723727 -3.43857005865 13.501920964 21.4520319342 0.0002 0.0002
153.973287 3.29420671674 2.44810978722 0.466893241551 -5.23496439307 9.54329127116 47.516610109 0.0002 0.0002
154.283287 3.3269202377 2.45446626317 -0.282411986974 -1.64590856392 9.48654371054 49.6664638437 0.0002 0.0002
154.283287 3.3269202377 2.45446626317 -0.282411986974 -1.64590856392 9.48654371054 49.6664638437 0.0002 0.0002
154.483287 3.34780758228 2.45847953304 -0.775499883935 0.772536229149 9.69744230785 49.8417072238 0.0002 0.0002
154.483287 3.34780758228 2.45847953304 -0.775499883935 0.772536229149 9.69744230785 49.8417072238 0.0002 0.0002
154.993287 3.39729772506 2.46901812207 -2.21839023319 6.58855771298 11.1929100066 46.0062934854 0.0002 0.0002
155.304088 3.42344820527 2.4760883218 -2.3828096777 6.28854679304 12.6229675401 42.0040765278 0.0002 0.0002
155.304088 3.42344820527 2.4760883218 -2.3828096777 6.28854679304 12.6229675401 42.0040765278 0.0002 0.0002
155.960731 3.46969800657 2.49342381009 -2.7301859001 5.65470047174 15.9803802953 34.1616268142 0.0002 0.0002
156.270731 3.48817983527 2.50295407443 -2.304274282 4.31778149913 17.5464938242 31.0808260168 0.0002 0.0002
156.270731 3.48817983527 2.50295407443 -2.304274282 4.31778149913 17.5464938242 31.0808260168 0.0002 0.0002
156.470731 3.4993015899 2.50956290765 -1.97753507042 3.55403672509 18.4040930415 29.5087292898 0.0002 0.0002
156.470731 3.4993015899 2.50956290765 -1.97753507042 3.55403672509 18.4040930415 29.5087292898 0.0002 0.0002
156.980731 3.5258030778 2.52779313314 -1.00439345416 1.85714365758 19.9393025874 26.7746228355 0.0002 0.0002
157.477206 3.55009011073 2.54699483935 -1.05441135519 1.77464730899 20.9614477051 24.9715294153 0.0002 0.0002
157.477206 3.55009011073 2.54699483935 -1.05441135519 1.77464730899 20.9614477051 24.9715294153 0.0002 0.0002
157.477206 3.55009011073 2.54699483935 -1.05441135519 1.77464730899 20.9614477051 24.9715294153 0.0002 0.0002
158.548502 3.59854675457 2.59339754511 -1.16234020821 1.59663631495 23.336244788 21.3598867541 0.0002 0.0002
158.548502 3.59854675457 2.59339754511 -1.16234020821 1.59663631495 23.336244788 21.3598867541 0.0002 0.0002
158.813005 3.6097333332 2.60602980901 -1.1889878438 1.5526853976 23.9581781118 20.5268817132 0.0002 0.0002
158.813005 3.6097333332 2.60602980901 -1.1889878438 1.5526853976 23.9581781118 20.5268817132 0.0002 0.0002
165.740498 3.8216755391 3.22277679512 -1.88690548171 0.401584380611 45.2664075929 6.98869150452 0.0002 0.0002
165.740498 3.8216755391 3.22277679512 -1.88690548171 0.401584380611 45.2664075929 6.98869150452 0.0002 0.0002
168.065698 3.86846955532 3.58942995726 -2.12116022461 0.0152194886208 54.5859619732 6.01953914778 0.0002 0.0002
168.065698 3.86846955532 3.58942995726 -2.12116022461 0.0152194886208 54.5859619732 6.01953914778 0.0002 0.0002
168.277698 3.87232158504 3.62465291411 -2.14251838971 -0.0200073121284 55.4898618395 6.02055416637 0.0002 0.0002
168.277698 3.87232158504 3.62465291411 -2.14251838971 -0.0200073121284 55.4898618395 6.02055416637 0.0002 0.0002
