0.0 0.0 0.0 -1.25287976099 0.789987518004 5.79735938488 9.99584375794 0.0002 0.0002
0.0 0.0 0.0 -1.25287976099 0.789987518004 5.79735938488 9.99584375794 0.0002 0.0002
0.0 0.0 0.0 -1.25287976099 0.789987518004 5.79735938488 9.99584375794 0.0002 0.0002
0.423 0.066753540216 0.0437532690482 -1.4403765648 0.721260357547 6.93660681069 9.35658590658 0.0002 0.0002
0.423 0.066753540216 0.0437532690482 -1.4403765648 0.721260357547 6.93660681069 9.35658590658 0.0002 0.0002
0.877 0.126493679056 0.0939926370906 -1.64161426913 0.647496454835 8.3358306493 8.73517031376 0.0002 0.0002
0.877 0.126493679056 0.0939926370906 -1.64161426913 0.647496454835 8.3358306493 8.73517031376 0.0002 0.0002
1.357 0.179054848887 0.150908639629 -1.85437659969 0.569508187651 10.0139062663 8.15100808537 0.0002 0.0002
1.357 0.179054848887 0.150908639629 -1.85437659969 0.569508187651 10.0139062663 8.15100808537 0.0002 0.0002
1.89 0.227461469232 0.218724550225 -2.09063143759 0.482908715965 12.1165955502 7.59006987574 0.0002 0.0002
1.89 0.227461469232 0.218724550225 -2.09063143759 0.482908715965 12.1165955502 7.59006987574 0.0002 0.0002
2.475 0.271287727347 0.298608182672 -2.34993552796 0.387860515334 14.714327225 7.08066987543 0.0002 0.0002
2.475 0.271287727347 0.298608182672 -2.34993552796 0.387860515334 14.714327225 7.08066987543 0.0002 0.0002
3.06 0.30763187344 0.383756269393 -2.60923961834 0.292812314703 17.6154446856 6.68247626986 0.0002 0.0002
3.06 0.30763187344 0.383756269393 -2.60923961834 0.292812314703 17.6154446856 6.68247626986 0.0002 0.0002
3.645 0.33818367368 0.473361134349 -2.86854370871 0.197764114072 20.819947932 6.39548905903 0.0002 0.0002
3.645 0.33818367368 0.473361134349 -2.86854370871 0.197764114072 20.819947932 6.39548905903 0.0002 0.0002
4.6635 0.381056842021 0.636334330528 -3.31999877888 0.0322827596395 27.1229784556 6.16118631815 0.0002 0.0002
5.0 0.393275533142 0.68962794033 2.9466501061 -1.50789321957 27.2519470949 6.64533124673 0.0002 0.0002
5.0 0.393275533142 0.68962794033 2.9466501061 -1.50789321957 27.2519470949 6.64533124673 0.0002 0.0002
5.3365 0.406442290767 0.735547309062 8.32634033917 -3.52593149772 23.3578332421 8.29691936867 0.0002 0.0002
5.7585 0.427704833722 0.778648441223 7.0557433696 -4.20912307319 16.866593917 11.5611123976 0.0002 0.0002
6.025 0.445141630862 0.800001877815 3.52089764915 -1.97658514091 14.0965294693 13.2392607424 0.0002 0.0002
6.025 0.445141630862 0.800001877815 3.52089764915 -1.97658514091 14.0965294693 13.2392607424 0.0002 0.0002
6.2915 0.465018789981 0.819693318601 0.743291012679 0.666344944999 12.9797214591 13.5947216436 0.0002 0.0002
6.973 0.519601798259 0.871509033735 0.661778002888 0.593956804405 12.022166925 12.7358260014 0.0002 0.0002
6.973 0.519601798259 0.871509033735 0.661778002888 0.593956804405 12.022166925 12.7358260014 0.0002 0.0002
7.482 0.563133200077 0.912423969958 0.600897413037 0.539891413998 11.3794651383 12.1586972582 0.0002 0.0002
7.482 0.563133200077 0.912423969958 0.600897413037 0.539891413998 11.3794651383 12.1586972582 0.0002 0.0002
7.992 0.609158621209 0.955314830879 0.539897214954 0.48571980475 10.797659878 11.6356355367 0.0002 0.0002
7.992 0.609158621209 0.955314830879 0.539897214954 0.48571980475 10.797659878 11.6356355367 0.0002 0.0002
8.498 0.657200049455 0.999711114139 0.479375449798 0.431973070868 10.2819079096 11.1712829416 0.0002 0.0002
8.498 0.657200049455 0.999711114139 0.479375449798 0.431973070868 10.2819079096 11.1712829416 0.0002 0.0002
8.9873 0.705861015825 1.04432598128 0.420851142108 0.380000191642 9.84142703819 10.7739844242 0.0002 0.0002
8.9873 0.705861015825 1.04432598128 0.420851142108 0.380000191642 9.84142703819 10.7739844242 0.0002 0.0002
9.4566 0.75448543446 1.0885888119 0.364718999049 0.330151689249 9.47275897095 10.4407101465 0.0002 0.0002
9.4566 0.75448543446 1.0885888119 0.364718999049 0.330151689249 9.47275897095 10.4407101465 0.0002 0.0002
9.9277 0.805092981339 1.1343606076 0.308371561173 0.280111992941 9.15566600803 10.1532149259 0.0002 0.0002
9.9277 0.805092981339 1.1343606076 0.308371561173 0.280111992941 9.15566600803 10.1532149259 0.0002 0.0002
16.240021 1.52426352844 1.77965505857 -0.446633990515 -0.390375431889 10.0284228443 10.8492331471 0.0002 0.0002
16.240021 1.52426352844 1.77965505857 -0.446633990515 -0.390375431889 10.0284228443 10.8492331471 0.0002 0.0002
17.480021 1.64187692492 1.88872657728 -0.384257937794 -0.522205025018 11.0678384446 11.9818486835 0.0002 0.0002
17.480021 1.64187692492 1.88872657728 -0.384257937794 -0.522205025018 11.0678384446 11.9818486835 0.0002 0.0002
17.480021 1.64187692492 1.88872657728 -0.384257937794 -0.522205025018 11.0678384446 11.9818486835 0.0002 0.0002
17.480021 1.64187692492 1.88872657728 -0.384257937794 -0.522205025018 11.0678384446 11.9818486835 0.0002 0.0002
18.720021 1.74977852503 1.98667943932 -0.285913571929 -0.654034618147 11.9061986433 13.4416950832 0.0002 0.0002
18.720021 1.74977852503 1.98667943932 -0.730698711653 -0.151887257365 11.9061986433 13.4416950832 0.0002 0.0002
20.0 1.84912574858 2.08027209005 -0.895603247829 -0.249308585053 13.9878309991 13.9552173364 0.0002 0.0002
20.0 1.84912574858 2.08027209005 -0.895603247829 -0.249308585053 13.9878309991 13.9552173364 0.0002 0.0002
22.328798 1.99300877461 2.23913320462 -1.195631103 -0.426557268883 18.8578933729 15.5291723853 0.0002 0.0002
22.595298 2.00671248327 2.25641467252 -4.46621585282 2.024498567 20.3455124189 15.0971098655 0.0002 0.0002
22.595298 2.00671248327 2.25641467252 -4.46621585282 2.024498567 20.3455124189 15.0971098655 0.0002 0.0002
22.861798 2.01892176798 2.27499619924 -8.51611981222 4.13227919439 23.7565494793 13.4323973281 0.0002 0.0002
23.218798 2.03224346402 2.30484388638 -9.62100139147 3.65187082566 30.2315017491 10.6534557709 0.0002 0.0002
23.355298 2.03658609395 2.31823262492 -7.37645205425 2.67215690268 32.560312643 9.79341884738 0.0002 0.0002
23.355298 2.03658609395 2.31823262492 -7.37645205425 2.67215690268 32.560312643 9.79341884738 0.0002 0.0002
23.555298 2.04250747847 2.33964956452 -3.52758953226 1.44169902635 34.7586829936 8.97714780245 0.0002 0.0002
23.555298 2.04250747847 2.33964956452 -3.52758953226 1.44169902635 34.7586829936 8.97714780245 0.0002 0.0002
23.891798 2.05207843963 2.37833601978 3.50019843333 -0.368960897343 34.7681140018 8.62410670828 0.0002 0.0002
27.336298 2.20259346535 2.71332197382 2.18737457241 -0.822736262327 15.1772687836 12.7289075748 0.0002 0.0002
27.336298 2.20259346535 2.71332197382 2.18737457241 -0.822736262327 15.1772687836 12.7289075748 0.0002 0.0002
28.003298 2.25117642619 2.7635144888 1.9331566844 -0.910606248811 12.4288744353 13.8850470297 0.0002 0.0002
28.003298 2.25117642619 2.7635144888 1.9331566844 -0.910606248811 12.4288744353 13.8850470297 0.0002 0.0002
28.805298 2.32476680989 2.81833331264 1.62748540077 -1.01626101517 9.57323948296 15.4303945754 0.0002 0.0002
28.855298 2.33003189809 2.82156455936 1.33893424376 -0.578920861897 9.42498918021 15.5101917204 0.0002 0.0002
28.855298 2.33003189809 2.82156455936 1.33893424376 -0.578920861897 9.42498918021 15.5101917204 0.0002 0.0002
29.055298 2.35169933933 2.83446085464 0.245460495365 1.17833911104 9.11050572738 15.3893850452 0.0002 0.0002
29.055298 2.35169933933 2.83446085464 0.245460495365 1.17833911104 9.11050572738 15.3893850452 0.0002 0.0002
29.305298 2.37899264545 2.85122552105 -1.101032978 3.20638805511 9.32188517453 14.2799470277 0.0002 0.0002
32.666098 2.63156295916 3.61577835318 -1.89861941447 0.551411078272 19.4031169352 1.6507357002 0.0002 0.0002
32.716098 2.63412865605 3.64655617499 -1.29271293247 0.461455138698 19.5627675447 1.6001190132 0.0002 0.0002
32.716098 2.63412865605 3.64655617499 -1.29271293247 0.461455138698 19.5627675447 1.6001190132 0.0002 0.0002
32.916098 2.64430311948 3.77727532781 1.17362008437 0.125350127928 19.5867886343 1.4837358791 0.0002 0.0002
32.916098 2.64430311948 3.77727532781 1.17362008437 0.125350127928 19.5867886343 1.4837358791 0.0002 0.0002
33.166098 2.65743598596 3.94552271711 4.06306948166 -0.280667353738 18.2601230354 1.52206246857 0.0002 0.0002
36.526898 3.28789754613 4.88342652806 0.840600517365 -2.66266170903 1.77986890271 11.4140027827 0.0002 0.0002
36.576898 3.31664020394 4.88775960415 0.720633359552 -2.20383382085 1.70186228825 11.6574995375 0.0002 0.0002
36.576898 3.31664020394 4.88775960415 0.720633359552 -2.20383382085 1.70186228825 11.6574995375 0.0002 0.0002
36.776898 3.44279603363 4.90447172214 0.29243112557 -0.222914926922 1.50150808905 12.1484086318 0.0002 0.0002
36.776898 3.44279603363 4.90447172214 0.29243112557 -0.222914926922 1.50150808905 12.1484086318 0.0002 0.0002
37.026898 3.61297693893 4.92532132188 -0.192683526336 2.26322978138 1.47700231019 11.6291296965 0.0002 0.0002
37.333412 3.80993521517 4.95334345734 -0.407912659763 2.1018640703 1.66109344957 10.2911673197 0.0002 0.0002
37.333412 3.80993521517 4.95334345734 -0.407912659763 2.1018640703 1.66109344957 10.2911673197 0.0002 0.0002
40.387698 4.62003966825 5.62129221303 -2.5525824922 0.493921097951 10.7032923453 2.36289702128 0.0002 0.0002
40.437698 4.62465937959 5.64265716849 -2.10854003108 0.366119553188 10.9365186833 2.31992634018 0.0002 0.0002
40.437698 4.62465937959 5.64265716849 -2.10854003108 0.366119553188 10.9365186833 2.31992634018 0.0002 0.0002
40.637698 4.64246655528 5.73039273183 -0.188932967562 -0.123838638145 11.4014542725 2.27202808315 0.0002 0.0002
40.637698 4.64246655528 5.73039273183 -0.188932967562 -0.123838638145 11.4014542725 2.27202808315 0.0002 0.0002
40.887698 4.66470501698 5.83663351661 2.21532726913 -0.769206347334 10.885407082 2.49130367264 0.0002 0.0002
41.194212 4.69472760618 5.94856033709 2.04897748969 -0.965036233478 9.57833797311 3.02287330306 0.0002 0.0002
41.194212 4.69472760618 5.94856033709 2.04897748969 -0.965036233478 9.57833797311 3.02287330306 0.0002 0.0002
44.248498 5.43843837323 0.138238903508 0.391370325134 -2.91640054189 2.12481780715 14.877891306 0.0002 0.0002
44.298498 5.46216715533 0.141569293915 0.275664336662 -2.30620861927 2.09148961543 15.1392063961 0.0002 0.0002
44.298498 5.46216715533 0.141569293915 0.275664336662 -2.30620861927 2.09148961543 15.1392063961 0.0002 0.0002
44.498498 5.5589538151 0.154531222457 -0.173340996173 0.276025237324 2.07125316849 15.5498957036 0.0002 0.0002
44.498498 5.5589538151 0.154531222457 -0.173340996173 0.276025237324 2.07125316849 15.5498957036 0.0002 0.0002
44.748498 5.674657522 0.170971394107 -0.775442760631 3.41097751464 2.3043468506 14.6115131717 0.0002 0.0002
44.854298 5.71896328103 0.178395489968 -0.848964137855 3.31949086319 2.47620910046 13.8994296173 0.0002 0.0002
44.854298 5.71896328103 0.178395489968 -0.848964137855 3.31949086319 2.47620910046 13.8994296173 0.0002 0.0002
45.055012 5.79465659037 0.193561828949 -0.988442112411 3.14593082767 2.84500225858 12.6017289681 0.0002 0.0002
45.055012 5.79465659037 0.193561828949 -0.988442112411 3.14593082767 2.84500225858 12.6017289681 0.0002 0.0002
48.109298 0.0 0.98906797338 -3.1108930874 0.504849554508 15.3655443687 1.45120155772 0.0002 0.0002
48.159298 0.0 1.02409173727 -2.45990950249 0.400105082221 15.6442880208 1.40598682945 0.0002 0.0002
48.159298 0.0 1.02409173727 -2.45990950249 0.400105082221 15.6442880208 1.40598682945 0.0002 0.0002
48.359298 0.00742304561014 1.17199611534 0.299861695447 0.00743573978861 16.0814154512 1.32541756938 0.0002 0.0002
48.359298 0.00742304561014 1.17199611534 0.299861695447 0.00743573978861 16.0814154512 1.32541756938 0.0002 0.0002
48.609298 0.0233332371903 1.35541768368 3.64613339189 -0.488319627763 15.0765089308 1.44349141228 0.0002 0.0002
48.715098 0.030534924319 1.42606179449 3.54582265334 -0.579091661398 14.3155999812 1.55642352667 0.0002 0.0002
48.715098 0.030534924319 1.42606179449 3.54582265334 -0.579091661398 14.3155999812 1.55642352667 0.0002 0.0002
48.915812 0.0452880012082 1.54548798606 3.35552237377 -0.751295989933 12.9304034154 1.82345095372 0.0002 0.0002
48.915812 0.0452880012082 1.54548798606 3.35552237377 -0.751295989933 12.9304034154 1.82345095372 0.0002 0.0002
51.970098 0.895554908879 2.18363609575 0.459703050355 -3.37174732757 1.27761381568 14.4164044358 0.0002 0.0002
52.020098 0.935357664323 2.1870666594 0.359956189086 -2.79017897857 1.23665977784 14.724718562 0.0002 0.0002
52.020098 0.935357664323 2.1870666594 0.359956189086 -2.79017897857 1.23665977784 14.724718562 0.0002 0.0002
52.220098 1.10344740793 2.20029693399 -0.0166126600995 -0.279570303479 1.16875676446 15.345702526 0.0002 0.0002
52.220098 1.10344740793 2.20029693399 -0.0166126600995 -0.279570303479 1.16875676446 15.345702526 0.0002 0.0002
52.470098 1.30993393561 2.2168040105 -0.496511322937 2.8708109352 1.29481944813 14.6862049929 0.0002 0.0002
52.575898 1.38829762451 2.22416005353 -0.598365049212 2.80423440542 1.4106573683 14.0857851958 0.0002 0.0002
52.575898 1.38829762451 2.22416005353 -0.598365049212 2.80423440542 1.4106573683 14.0857851958 0.0002 0.0002
55.830898 2.15807172146 2.80510121601 -3.73195558818 0.755967822928 15.505851043 2.49732694255 0.0002 0.0002
55.880898 2.16126025615 2.82541247103 -3.08571999359 0.618259852655 15.846983814 2.42866565983 0.0002 0.0002
55.880898 2.16126025615 2.82541247103 -3.08571999359 0.618259852655 15.846983814 2.42866565983 0.0002 0.0002
56.080898 2.1735456657 2.91091874811 -0.290529583829 0.110194623129 16.5302304566 2.28465244289 0.0002 0.0002
56.080898 2.1735456657 2.91091874811 -0.290529583829 0.110194623129 16.5302304566 2.28465244289 0.0002 0.0002
56.330898 2.18888173005 3.01925311142 3.21335208983 -0.511009478577 15.7858947843 2.3830671216 0.0002 0.0002
56.436698 2.19573132727 3.06263755497 3.13744560209 -0.566999352088 15.1139803885 2.49712045588 0.0002 0.0002
56.436698 2.19573132727 3.06263755497 3.13744560209 -0.566999352088 15.1139803885 2.49712045588 0.0002 0.0002
59.691698 2.78193377747 3.70583979523 0.802137307253 -2.28956115054 2.29063801859 11.795224892 0.0002 0.0002
59.741698 2.80413115435 3.71004096657 0.672427017517 -1.80725044079 2.21696182078 12.0002102405 0.0002 0.0002
59.741698 2.80413115435 3.71004096657 0.672427017517 -1.80725044079 2.21696182078 12.0002102405 0.0002 0.0002
59.941698 2.89874840802 3.72639839328 0.200278572013 0.232455551147 2.04436633822 12.3187766216 0.0002 0.0002
59.941698 2.89874840802 3.72639839328 0.200278572013 0.232455551147 2.04436633822 12.3187766216 0.0002 0.0002
60.191698 3.02126857404 3.7471553565 -0.358398395281 2.70609155705 2.08321292413 11.5708901633 0.0002 0.0002
60.498212 3.16013401829 3.77568328019 -0.52443305183 2.4856162959 2.35381312231 9.97955902243 0.0002 0.0002
60.498212 3.16013401829 3.77568328019 -0.52443305183 2.4856162959 2.35381312231 9.97955902243 0.0002 0.0002
62.097498 3.62453816219 4.03599435919 -1.39074552609 1.33525122776 5.41673140947 3.86889908397 0.0002 0.0002
62.097498 3.62453816219 4.03599435919 -1.39074552609 1.33525122776 5.41673140947 3.86889908397 0.0002 0.0002
63.552498 3.81765848071 4.68294833835 -2.17890014636 0.288670957477 10.6105658629 1.50609230444 0.0002 0.0002
63.602498 3.82232528168 4.71643765904 -1.86276183093 0.205750075037 10.8127558875 1.48138431658 0.0002 0.0002
63.602498 3.82232528168 4.71643765904 -1.86276183093 0.205750075037 10.8127558875 1.48138431658 0.0002 0.0002
63.802498 3.84035162526 4.85324793408 -0.50116554631 -0.118030657524 11.2895824027 1.4639873717 0.0002 0.0002
63.802498 3.84035162526 4.85324793408 -0.50116554631 -0.118030657524 11.2895824027 1.4639873717 0.0002 0.0002
64.052498 3.86254015328 5.01702450843 1.25502581711 -0.543704852943 11.0985857439 1.62726843233 0.0002 0.0002
68.445984 4.52912341833 5.84727719382 0.235650803648 -4.041754779 4.54931888012 21.7734211288 0.0002 0.0002
68.445984 4.52912341833 5.84727719382 0.235650803648 -4.041754779 4.54931888012 21.7734211288 0.0002 0.0002
68.646698 4.5736770086 5.8561641434 0.189081214841 -4.20156127272 4.46406921776 23.4279700668 0.0002 0.0002
68.646698 4.5736770086 5.8561641434 0.189081214841 -4.20156127272 4.46406921776 23.4279700668 0.0002 0.0002
68.752498 4.59747954799 5.86059599295 0.164533537569 -4.28579818213 4.42665677695 24.3259326972 0.0002 0.0002
68.802498 4.60879006438 5.86263439557 0.0304909936255 -3.63963065388 4.41691005542 24.7223874179 0.0002 0.0002
68.802498 4.60879006438 5.86263439557 0.0304909936255 -3.63963065388 4.41691005542 24.7223874179 0.0002 0.0002
69.002498 4.65376996651 5.87054963205 -0.511436536499 -0.890544059819 4.51239400414 25.6351834359 0.0002 0.0002
69.002498 4.65376996651 5.87054963205 -0.511436536499 -0.890544059819 4.51239400414 25.6351834359 0.0002 0.0002
69.252498 4.70699864635 5.88032988936 -1.25915378618 2.62678619753 4.9499961731 25.1960362166 0.0002 0.0002
69.7 4.78798633318 5.89895770377 -1.49289178831 2.48647570057 6.18154207177 22.9078412907 0.0002 0.0002
69.7 4.78798633318 5.89895770377 -1.49289178831 2.48647570057 6.18154207177 22.9078412907 0.0002 0.0002
70.002498 4.8335588085 5.91261014437 -1.65089170377 2.39162999103 7.13253029056 21.4322240752 0.0002 0.0002
70.002498 4.8335588085 5.91261014437 -1.65089170377 2.39162999103 7.13253029056 21.4322240752 0.0002 0.0002
70.251298 4.86652988954 5.92454976861 -1.78084422896 2.31362083879 7.98634619062 20.2615576687 0.0002 0.0002
70.251298 4.86652988954 5.92454976861 -1.78084422896 2.31362083879 7.98634619062 20.2615576687 0.0002 0.0002
71.491298 4.98837517208 5.99579796526 -2.19319041118 1.92448012396 12.9565711052 15.0015934645 0.0002 0.0002
71.491298 4.98837517208 5.99579796526 -2.19319041118 1.92448012396 12.9565711052 15.0015934645 0.0002 0.0002
71.491298 4.98837517208 5.99579796526 -2.19319041118 1.92448012396 12.9565711052 15.0015934645 0.0002 0.0002
71.491298 4.98837517208 5.99579796526 -2.19319041118 1.92448012396 12.9565711052 15.0015934645 0.0002 0.0002
72.731298 5.06787044412 6.09388102397 -2.40617152372 1.53533940913 18.7088770991 10.7075648282 0.0002 0.0002
72.731298 5.06787044412 6.09388102397 -2.40617152372 1.53533940913 18.7088770991 10.7075648282 0.0002 0.0002
73.630098 5.11090727067 6.18994361378 -2.73235612771 1.25352821125 23.3273857522 8.20093061104 0.0002 0.0002
73.680098 5.11303894638 6.19608515502 -2.24621818795 1.06504403979 23.5764032157 8.08504329389 0.0002 0.0002
73.680098 5.11303894638 6.19608515502 -2.24621818795 1.06504403979 23.5764032157 8.08504329389 0.0002 0.0002
73.880098 5.12141008167 6.22133842822 -0.226986473013 0.34887812745 24.0738839545 7.80386030172 0.0002 0.0002
73.880098 5.12141008167 6.22133842822 -0.226986473013 0.34887812745 24.0738839545 7.80386030172 0.0002 0.0002
74.130098 5.1318630548 6.2534361366 2.30243485535 -0.518139940946 23.5503492728 7.84580274729 0.0002 0.0002
74.436612 5.14527958782 0.00852426691225 2.22042299581 -0.567695546548 22.1640300214 8.1786265259 0.0002 0.0002
74.436612 5.14527958782 0.00852426691225 2.22042299581 -0.567695546548 22.1640300214 8.1786265259 0.0002 0.0002
75.985612 5.22781707021 0.177895210301 1.80596763515 -0.818129892377 15.9271509341 10.3252701308 0.0002 0.0002
75.985612 5.22781707021 0.177895210301 1.80596763515 -0.818129892377 15.9271509341 10.3252701308 0.0002 0.0002
78.030098 5.39339038676 0.346677308915 1.25893846634 -1.14867186395 9.66099331826 14.3463687864 0.0002 0.0002
78.080098 5.39859793798 0.350149785224 1.04947145056 -0.859777020213 9.54561233734 14.4468256391 0.0002 0.0002
78.080098 5.39859793798 0.350149785224 1.04947145056 -0.859777020213 9.54561233734 14.4468256391 0.0002 0.0002
78.280098 5.41989857538 0.363904524114 0.246384435695 0.319069327426 9.28785212783 14.5555637111 0.0002 0.0002
78.280098 5.41989857538 0.363904524114 0.246384435695 0.319069327426 9.28785212783 14.5555637111 0.0002 0.0002
78.530098 5.44675752334 0.381323209903 -0.740636310509 1.75430618772 9.41036785697 14.0327354702 0.0002 0.0002
78.635898 5.45790713422 0.388963633747 -0.758046443818 1.72356314092 9.56892849238 13.6647768952 0.0002 0.0002
78.635898 5.45790713422 0.388963633747 -0.758046443818 1.72356314092 9.56892849238 13.6647768952 0.0002 0.0002
78.836612 5.47855149732 0.4040324313 -0.791075342657 1.66524026858 9.87985892263 12.9845966077 0.0002 0.0002
78.836612 5.47855149732 0.4040324313 -0.791075342657 1.66524026858 9.87985892263 12.9845966077 0.0002 0.0002
83.821298 5.82464252483 1.22053052652 -1.61134044442 0.216805155687 21.8551472626 3.60319112998 0.0002 0.0002
83.871298 5.82692258622 1.23444392901 -1.22584698738 0.138143182471 21.9970489556 3.58544900393 0.0002 0.0002
83.871298 5.82692258622 1.23444392901 -1.22584698738 0.138143182471 21.9970489556 3.58544900393 0.0002 0.0002
84.071298 5.83595692448 1.29033109617 0.345986393308 -0.174354863047 22.1738655835 3.59265697906 0.0002 0.0002
84.071298 5.83595692448 1.29033109617 0.345986393308 -0.174354863047 22.1738655835 3.59265697906 0.0002 0.0002
84.271298 5.84504809478 1.34515100176 1.89810311261 -0.496884111281 21.7228937571 3.72626784047 0.0002 0.0002
84.271298 5.84504809478 1.34515100176 1.89810311261 -0.496884111281 21.7228937571 3.72626784047 0.0002 0.0002
84.321298 5.84736060261 1.35847564624 2.27258862573 -0.581230710023 21.5142969573 3.78015751116 0.0002 0.0002
84.427098 5.85233380175 1.38600892395 2.24227292776 -0.618674208716 21.036624605 3.90710745156 0.0002 0.0002
84.427098 5.85233380175 1.38600892395 2.24227292776 -0.618674208716 21.036624605 3.90710745156 0.0002 0.0002
84.627812 5.86208324763 1.43575694252 2.18476078217 -0.689708560292 20.1480569609 4.16971819066 0.0002 0.0002
84.627812 5.86208324763 1.43575694252 2.18476078217 -0.689708560292 20.1480569609 4.16971819066 0.0002 0.0002
89.612498 0.072819628375 2.01579021437 0.756459881552 -2.45383033465 5.48699549557 19.8392725107 0.0002 0.0002
89.662498 0.0819917022926 2.01829588253 0.623418002767 -2.03157517804 5.41802679618 20.063624756 0.0002 0.0002
89.662498 0.0819917022926 2.01829588253 0.623418002767 -2.03157517804 5.41802679618 20.063624756 0.0002 0.0002
89.862498 0.119532907245 2.02812235752 0.112921375177 -0.272562914717 5.27161375793 20.5271651055 0.0002 0.0002
89.862498 0.119532907245 2.02812235752 0.112921375177 -0.272562914717 5.27161375793 20.5271651055 0.0002 0.0002
90.112498 0.166743889111 2.04037215471 -0.518127451868 1.93830566586 5.37200008237 20.106883804 0.0002 0.0002
90.218298 0.186237190594 2.04568820373 -0.543109329885 1.91327475317 5.48427893388 19.6993865957 0.0002 0.0002
90.218298 0.186237190594 2.04568820373 -0.543109329885 1.91327475317 5.48427893388 19.6993865957 0.0002 0.0002
90.419012 0.222106591801 2.05607924579 -0.590502644293 1.86578841473 5.71181072767 18.940875711 0.0002 0.0002
90.419012 0.222106591801 2.05607924579 -0.590502644293 1.86578841473 5.71181072767 18.940875711 0.0002 0.0002
95.297898 0.738503441152 2.51646334709 -1.74252282303 0.711507039998 17.0943760178 6.36654499906 0.0002 0.0002
95.297898 0.738503441152 2.51646334709 -1.74252282303 0.711507039998 17.0943760178 6.36654499906 0.0002 0.0002
95.403698 0.744626498089 2.53327872285 -1.76750470105 0.686476127317 17.4657369299 6.21863837996 0.0002 0.0002
95.453698 0.747475715711 2.54136096635 -1.44724889454 0.55874305263 17.6265250817 6.15639695635 0.0002 0.0002
95.453698 0.747475715711 2.54136096635 -1.44724889454 0.55874305263 17.6265250817 6.15639695635 0.0002 0.0002
95.653698 0.758693954363 2.57426799112 -0.124069556051 0.064158629981 17.9423766213 6.03243853324 0.0002 0.0002
95.653698 0.758693954363 2.57426799112 -0.124069556051 0.064158629981 17.9423766213 6.03243853324 0.0002 0.0002
95.903698 0.772712479582 2.61547386508 1.5309572469 -0.552069792242 17.5878684584 6.15346807889 0.0002 0.0002
101.194898 1.28146030572 3.14335878628 0.524986920038 -1.67401556857 6.70945668235 17.93213094 0.0002 0.0002
101.244898 1.28893938804 3.14613493153 0.397517634716 -1.36427591292 6.66334506361 18.0840903674 0.0002 0.0002
101.244898 1.28893938804 3.14613493153 0.397517634716 -1.36427591292 6.66334506361 18.0840903674 0.0002 0.0002
101.444898 1.31916322369 3.15708052434 -0.102726777419 -0.0882117030841 6.60466374662 18.375967551 0.0002 0.0002
101.444898 1.31916322369 3.15708052434 -0.102726777419 -0.0882117030841 6.60466374662 18.375967551 0.0002 0.0002
101.694898 1.35657646748 3.17076912661 -0.739603705728 1.50534538195 6.81370617159 18.0190466138 0.0002 0.0002
101.800698 1.37192649097 3.17669298211 -0.763625000329 1.48616847128 6.97274776869 17.7025444482 0.0002 0.0002
101.800698 1.37192649097 3.17669298211 -0.763625000329 1.48616847128 6.97274776869 17.7025444482 0.0002 0.0002
102.001412 1.40008540763 3.18822494165 -0.809195984493 1.44978780542 7.28843495984 17.11325692 0.0002 0.0002
102.001412 1.40008540763 3.18822494165 -0.809195984493 1.44978780542 7.28843495984 17.11325692 0.0002 0.0002
104.444898 1.65792840964 3.3663718586 -1.36397572986 1.00689070953 12.5985496195 11.1103973623 0.0002 0.0002
104.444898 1.65792840964 3.3663718586 -1.36397572986 1.00689070953 12.5985496195 11.1103973623 0.0002 0.0002
106.986098 1.81481395299 3.65521905137 -1.94094088903 0.546282340973 20.9970037314 7.16347400632 0.0002 0.0002
107.036098 1.81718502599 3.66222329945 -1.55344204605 0.403248112634 21.1717777404 7.11601238017 0.0002 0.0002
107.036098 1.81718502599 3.66222329945 -1.55344204605 0.403248112634 21.1717777404 7.11601238017 0.0002 0.0002
107.236098 1.82654102669 3.6905000447 0.0401592494868 -0.159010645488 21.4759635029 7.06740873671 0.0002 0.0002
107.236098 1.82654102669 3.6905000447 0.0401592494868 -0.159010645488 21.4759635029 7.06740873671 0.0002 0.0002
107.486098 1.83827915604 3.7253897326 2.01750736133 -0.879394785929 20.9574717891 7.32499197581 0.0002 0.0002
107.792612 1.85334821698 3.76572763103 1.94335104277 -0.953599926915 19.7434132363 7.88683051722 0.0002 0.0002
107.792612 1.85334821698 3.76572763103 1.94335104277 -0.953599926915 19.7434132363 7.88683051722 0.0002 0.0002
112.046858 2.2083530913 4.10790824796 0.914102063508 -1.98352653456 7.58710478869 20.3820890174 0.0002 0.0002
112.046858 2.2083530913 4.10790824796 0.914102063508 -1.98352653456 7.58710478869 20.3820890174 0.0002 0.0002
112.777298 2.31352750955 4.14135471137 0.737383410094 -2.16036153453 6.38079373935 23.4089506186 0.0002 0.0002
112.827298 2.3214065641 4.14348145739 0.613521893207 -1.75433119499 6.31326840306 23.6047430465 0.0002 0.0002
112.827298 2.3214065641 4.14348145739 0.613521893207 -1.75433119499 6.31326840306 23.6047430465 0.0002 0.0002
113.027298 2.35354802505 4.15186910341 0.135530054427 -0.0827687868552 6.16416148983 23.9739080313 0.0002 0.0002
113.027298 2.35354802505 4.15186910341 0.135530054427 -0.0827687868552 6.16416148983 23.9739080313 0.0002 0.0002
113.227298 2.38597187315 4.16024511985 -0.334745143122 1.59346190746 6.20381741361 23.6703344597 0.0002 0.0002
113.227298 2.38597187315 4.16024511985 -0.334745143122 1.59346190746 6.20381741361 23.6703344597 0.0002 0.0002
113.277298 2.39400720348 4.16236522733 -0.454234017343 2.00209878438 6.24325473243 23.4905033449 0.0002 0.0002
113.383098 2.41082245862 4.16691012703 -0.474676809647 1.97954121446 6.34153349792 23.0692458331 0.0002 0.0002
113.383098 2.41082245862 4.16691012703 -0.474676809647 1.97954121446 6.34153349792 23.0692458331 0.0002 0.0002
113.583812 2.44199458482 4.17576287172 -0.513458989369 1.93674707374 6.53986618669 22.2831919456 0.0002 0.0002
113.583812 2.44199458482 4.17576287172 -0.513458989369 1.93674707374 6.53986618669 22.2831919456 0.0002 0.0002
115.622798 2.70454504265 4.28651995851 -0.907434105714 1.50201579534 9.43704731506 15.2716025982 0.0002 0.0002
115.622798 2.70454504265 4.28651995851 -0.907434105714 1.50201579534 9.43704731506 15.2716025982 0.0002 0.0002
117.267498 2.85390691873 4.41429970694 -1.22522484771 1.15135005581 12.9446314958 10.9076117828 0.0002 0.0002
117.267498 2.85390691873 4.41429970694 -1.22522484771 1.15135005581 12.9446314958 10.9076117828 0.0002 0.0002
118.462698 2.93666550322 4.53904311767 -1.45616270557 0.896522006996 16.1494258994 8.45999509335 0.0002 0.0002
118.462698 2.93666550322 4.53904311767 -1.45616270557 0.896522006996 16.1494258994 8.45999509335 0.0002 0.0002
118.568498 2.94315482105 4.55169016486 -1.47660549788 0.873964437079 16.4597127754 8.27267762756 0.0002 0.0002
118.618498 2.94617991236 4.5577642612 -1.17368821704 0.709046041964 16.5922690711 8.19355193837 0.0002 0.0002
118.618498 2.94617991236 4.5577642612 -1.17368821704 0.709046041964 16.5922690711 8.19355193837 0.0002 0.0002
118.818498 2.95812421109 4.58247240251 0.0705457555887 0.0700112726179 16.8140123114 8.03851829675 0.0002 0.0002
118.818498 2.95812421109 4.58247240251 0.0705457555887 0.0700112726179 16.8140123114 8.03851829675 0.0002 0.0002
119.068498 2.97312528182 4.61338784989 1.61110601047 -0.727297362528 16.3902689792 8.20156239776 0.0002 0.0002
122.440498 3.27165962483 4.91991320713 0.871363775308 -1.35591637087 8.01938086154 15.2261591068 0.0002 0.0002
122.440498 3.27165962483 4.91991320713 0.871363775308 -1.35591637087 8.01938086154 15.2261591068 0.0002 0.0002
124.359698 3.56529502947 5.02714852665 0.450333734466 -1.71369976375 5.48277900078 21.1173663924 0.0002 0.0002
124.409698 3.57444913011 5.02950736686 0.343004516469 -1.34623589048 5.44312379175 21.2704083479 0.0002 0.0002
124.409698 3.57444913011 5.02950736686 0.343004516469 -1.34623589048 5.44312379175 21.2704083479 0.0002 0.0002
124.609698 3.61146785441 5.03883584022 -0.0779061697208 0.158050298082 5.39035309098 21.5091740768 0.0002 0.0002
124.609698 3.61146785441 5.03883584022 -0.0779061697208 0.158050298082 5.39035309098 21.5091740768 0.0002 0.0002
124.859698 3.6573111021 5.05056648914 -0.613095305996 2.01590879432 5.5618399682 20.9616382103 0.0002 0.0002
124.965498 3.67611207448 5.05566564436 -0.639268069723 1.99034975293 5.69434001335 20.537776056 0.0002 0.0002
124.965498 3.67611207448 5.05566564436 -0.639268069723 1.99034975293 5.69434001335 20.537776056 0.0002 0.0002
125.166212 3.71056967605 5.0656321015 -0.688920622642 1.94186149741 5.96092607855 19.7485262071 0.0002 0.0002
125.166212 3.71056967605 5.0656321015 -0.688920622642 1.94186149741 5.96092607855 19.7485262071 0.0002 0.0002
129.341898 4.15196701351 5.41007029286 -1.72190023586 0.933104112613 16.0277569859 7.74357255889 0.0002 0.0002
129.341898 4.15196701351 5.41007029286 -1.72190023586 0.933104112613 16.0277569859 7.74357255889 0.0002 0.0002
130.150898 4.19837248237 5.52531579473 -1.92203034792 0.737666830139 18.9756968282 6.3919188662 0.0002 0.0002
130.200898 4.20099496744 5.53318092621 -1.57362673951 0.606514997177 19.1505345648 6.32473086277 0.0002 0.0002
130.200898 4.20099496744 5.53318092621 -1.57362673951 0.606514997177 19.1505345648 6.32473086277 0.0002 0.0002
130.400898 4.21132038608 5.56524609506 -0.134181846866 0.0999365778426 19.4938220576 6.18414587852 0.0002 0.0002
130.400898 4.21132038608 5.56524609506 -0.134181846866 0.0999365778426 19.4938220576 6.18414587852 0.0002 0.0002
130.650898 4.22422345737 5.60549746935 1.66620309036 -0.528309037248 19.1077826886 6.29040646065 0.0002 0.0002
130.756698 4.22981196898 5.62216705228 1.64529404873 -0.549822731995 18.7574262912 6.40447280184 0.0002 0.0002
130.756698 4.22981196898 5.62216705228 1.64529404873 -0.549822731995 18.7574262912 6.40447280184 0.0002 0.0002
135.061658 4.58309103061 6.07842195051 0.794513445133 -1.42520643084 8.25415262245 14.9068943467 0.0002 0.0002
135.061658 4.58309103061 6.07842195051 0.794513445133 -1.42520643084 8.25415262245 14.9068943467 0.0002 0.0002
135.792098 4.67799122475 6.12419154151 0.65015805412 -1.57373632868 7.19890677254 17.097442096 0.0002 0.0002
135.842098 4.68496604868 6.12710340564 0.513862183749 -1.27851235433 7.14072293254 17.240096637 0.0002 0.0002
135.842098 4.68496604868 6.12710340564 0.513862183749 -1.27851235433 7.14072293254 17.240096637 0.0002 0.0002
136.042098 4.71324049457 6.13858770985 -0.0178581083847 -0.0630185647661 7.04198794245 17.5096770878 0.0002 0.0002
136.042098 4.71324049457 6.13858770985 -0.0178581083847 -0.0630185647661 7.04198794245 17.5096770878 0.0002 0.0002
136.242098 4.74148642372 6.15005541587 -0.550595183224 1.15602956824 7.15514473471 17.2900366793 0.0002 0.0002
136.242098 4.74148642372 6.15005541587 -0.550595183224 1.15602956824 7.15514473471 17.2900366793 0.0002 0.0002
136.292098 4.74844546069 6.15295780614 -0.687467214558 1.45323811009 7.21702959041 17.1595347756 0.0002 0.0002
136.397898 4.76295794392 6.1591791392 -0.709055356875 1.43405116064 7.36478167847 16.8540595707 0.0002 0.0002
136.397898 4.76295794392 6.1591791392 -0.709055356875 1.43405116064 7.36478167847 16.8540595707 0.0002 0.0002
139.002498 5.03851727875 0.0719827802884 -1.24051542756 0.961704010057 12.4426337436 10.6140756531 0.0002 0.0002
139.002498 5.03851727875 0.0719827802884 -1.24051542756 0.961704010057 12.4426337436 10.6140756531 0.0002 0.0002
141.496798 5.19769988853 0.366754172796 -1.74946914571 0.509359888998 19.9005522647 6.94480096971 0.0002 0.0002
141.633298 5.20449800599 0.386544561055 -0.422868894784 0.0266281516472 20.1979817623 6.8718603584 0.0002 0.0002
141.633298 5.20449800599 0.386544561055 -0.422868894784 0.0266281516472 20.1979817623 6.8718603584 0.0002 0.0002
141.833298 5.21442300477 0.415474373776 1.5349588517 -0.683835016604 19.9740997328 7.00244999079 0.0002 0.0002
141.833298 5.21442300477 0.415474373776 1.5349588517 -0.683835016604 19.9740997328 7.00244999079 0.0002 0.0002
142.169798 5.23205103006 0.461153113289 4.48510754948 -2.03156323688 17.9100466137 7.89965553131 0.0002 0.0002
147.464298 1.35370228703 0.737681735087 -1.75718030933 -5.46794355811 3.46703584077 47.6057942574 0.0002 0.0002
147.774298 1.43025693515 0.744022236612 -2.51336797091 -1.49809469542 4.77965405533 49.7840019353 0.0002 0.0002
147.774298 1.43025693515 0.744022236612 -2.51336797091 -1.49809469542 4.77965405533 49.7840019353 0.0002 0.0002
147.974298 1.46797916634 0.748029784488 -3.13390324121 1.17091080423 5.9050887882 49.8496735965 0.0002 0.0002
147.974298 1.46797916634 0.748029784488 -3.13390324121 1.17091080423 5.9050887882 49.8496735965 0.0002 0.0002
148.484298 1.53463435744 0.758634819327 -5.40512544909 7.49073505756 10.1615288697 45.3266249475 0.0002 0.0002
148.795099 1.56087520896 0.765862876331 -6.32929451735 7.09912878533 13.8085983297 40.7920806753 0.0002 0.0002
148.795099 1.56087520896 0.765862876331 -6.32929451735 7.09912878533 13.8085983297 40.7920806753 0.0002 0.0002
149.451742 1.59741082261 0.7840350839 -8.28182732608 6.27176491774 23.4028892103 32.0121769214 0.0002 0.0002
149.761742 1.60947576249 0.794216914222 -5.98807427133 2.57372316504 27.8795871994 29.3020271618 0.0002 0.0002
149.761742 1.60947576249 0.794216914222 -5.98807427133 2.57372316504 27.8795871994 29.3020271618 0.0002 0.0002
149.961742 1.61638651856 0.80112973905 -4.03718872671 0.414209496437 29.8945608205 28.7073627926 0.0002 0.0002
149.961742 1.61638651856 0.80112973905 -4.03718872671 0.414209496437 29.8945608205 28.7073627926 0.0002 0.0002
150.471742 1.63284132235 0.818469933747 1.70804886899 -5.27921606889 31.121932473 31.1120896823 0.0002 0.0002
150.968217 1.64923927655 0.833186616374 1.64555575334 -5.7399145985 29.4569516181 36.5828125804 0.0002 0.0002
150.968217 1.64923927655 0.833186616374 1.64555575334 -5.7399145985 29.4569516181 36.5828125804 0.0002 0.0002
150.968217 1.64923927655 0.833186616374 1.64555575334 -5.7399145985 29.4569516181 36.5828125804 0.0002 0.0002
153.973287 1.77122672169 0.888952209019 1.26729665257 -8.52843633755 20.7036262387 79.4602059278 0.0002 0.0002
154.283287 1.78637331075 0.892755407158 -0.233245872137 -2.77754502698 20.3854422385 82.991460821 0.0002 0.0002
154.283287 1.78637331075 0.892755407158 -0.233245872137 -2.77754502698 20.3854422385 82.991460821 0.0002 0.0002
154.483287 1.79613129096 0.895156681867 -1.20406592499 1.09731375301 20.6720147047 83.3285551564 0.0002 0.0002
154.483287 1.79613129096 0.895156681867 -1.20406592499 1.09731375301 20.6720147047 83.3285551564 0.0002 0.0002
154.993287 1.8196270146 0.90144680308 -3.9733090899 10.4623446548 23.2603886262 77.3110530662 0.0002 0.0002
155.304088 1.83231452446 0.905643426365 -4.19761634493 10.0182777215 25.7999204223 70.945655151 0.0002 0.0002
155.304088 1.83231452446 0.905643426365 -4.19761634493 10.0182777215 25.7999204223 70.945655151 0.0002 0.0002
155.960731 1.85530518913 0.915844584493 -4.67152018972 9.08007789818 31.6237768438 58.4048536219 0.0002 0.0002
156.270731 1.86470876225 0.921401389909 -3.7743279838 6.89939939857 34.2508559402 53.4678551359 0.0002 0.0002
156.270731 1.86470876225 0.921401389909 -3.7743279838 6.89939939857 34.2508559402 53.4678551359 0.0002 0.0002
156.470731 1.87042991204 0.925235505509 -3.11215691748 5.64624634793 35.630089636 50.962242385 0.0002 0.0002
156.470731 1.87042991204 0.925235505509 -3.11215691748 5.64624634793 35.630089636 50.962242385 0.0002 0.0002
156.980731 1.88425337107 0.935740401636 -1.21499247726 2.83656364384 37.8573035523 46.6750722867 0.0002 0.0002
157.477206 1.89716134698 0.946707715671 -1.24746638891 2.7403418502 39.0798528179 43.9062781316 0.0002 0.0002
157.477206 1.89716134698 0.946707715671 -1.24746638891 2.7403418502 39.0798528179 43.9062781316 0.0002 0.0002
157.477206 1.89716134698 0.946707715671 -1.24746638891 2.7403418502 39.0798528179 43.9062781316 0.0002 0.0002
158.548502 1.92366170221 0.972849704544 -1.31753874234 2.53271402877 41.827732555 38.2572744607 0.0002 0.0002
158.548502 1.92366170221 0.972849704544 -1.31753874234 2.53271402877 41.827732555 38.2572744607 0.0002 0.0002
158.813005 1.92993299674 0.979886607533 -1.33483960755 2.48145071625 42.5292945857 36.9310128431 0.0002 0.0002
158.813005 1.92993299674 0.979886607533 -1.33483960755 2.48145071625 42.5292945857 36.9310128431 0.0002 0.0002
165.740498 2.06293945803 1.31738342254 -1.78795969557 1.13883366219 64.1624648984 11.8515181535 0.0002 0.0002
165.740498 2.06293945803 1.31738342254 -1.78795969557 1.13883366219 64.1624648984 11.8515181535 0.0002 0.0002
168.065698 2.09696036957 1.56484802448 -1.94004860113 0.688186772456 72.8308297899 7.60333023885 0.0002 0.0002
168.065698 2.09696036957 1.56484802448 -1.94004860113 0.688186772456 72.8308297899 7.60333023885 0.0002 0.0002
168.277698 2.09985487082 1.59326837658 -1.9539152999 0.647099063603 73.6563501369 7.32024964161 0.0002 0.0002
168.277698 2.09985487082 1.59326837658 -1.9539152999 0.647099063603 73.6563501369 7.32024964161 0.0002 0.0002
