start time: Sun Aug 01 13:10:22 EDT 2021

RTBT_Diag:WS24

Name	X Fit	X RMS	Y Fit	Y RMS	Z Fit	Z RMS
-------	-----	-----	-----	-----	-----	-----
Area	95.37523537733456	79.19370516614583	92.83814289116982	85.79765136718751	93.81511119685308	81.83864413649087
Ampl	1.4446634720142557	1.29814453125	1.8286134613871556	1.8171386718750002	1.7794871411328603	1.6685546875
Mean	105.31689178954909	104.91183529659111	102.3471845283805	101.74696982743339	120.07853391797552	112.20476986843752
Sigma	26.337769752152898	20.695250801559794	20.254176847818705	17.846300962867403	21.03236012886265	15.647075893408823
Offset	-0.061142647633045784	0.009228515625	-0.008461925990680885	0.0038818359375	0.009188407332348356	0.0022705078125
Slope	0.0	0.0	0.0	0.0	0.0	0.0

Position	X Raw	Y Raw	Z Raw
--------	-----	-----	-----
25.0		0.008935546875	0.003662109375	0.0021484375	17.67775	17.67775	25.0
28.0		0.009521484375	0.0041015625	0.002392578125	19.79908	19.79908	28.0
31.0		0.009716796875	0.00458984375	0.002880859375	21.92041	21.92041	31.0
34.0		0.010107421875	0.004736328125	0.003076171875	24.04174	24.04174	34.0
37.0		0.0109375	0.005810546875	0.00302734375	26.16307	26.16307	37.0
40.0		0.0103515625	0.005712890625	0.0029296875	28.2844	28.2844	40.0
43.0		0.01083984375	0.006494140625	0.003369140625	30.405730000000002	30.405730000000002	43.0
46.0		0.011376953125	0.0068359375	0.003466796875	32.52706	32.52706	46.0
49.0		0.012353515625	0.00888671875	0.004833984375	34.64839	34.64839	49.0
52.0		0.012841796875	0.01142578125	0.005908203125	36.76972	36.76972	52.0
55.0		0.013330078125	0.0205078125	0.00517578125	38.89105	38.89105	55.0
58.0		0.0142578125	0.05068359375	0.006640625	41.01238	41.01238	58.0
61.0		0.01484375	0.1240234375	0.00634765625	43.13371	43.13371	61.0
64.0		0.016162109375	0.22685546875	0.0068359375	45.25504	45.25504	64.0
67.0		0.0189453125	0.3638671875	0.0083984375	47.37637	47.37637	67.0
70.0		0.024169921875	0.510302734375	0.009375	49.4977	49.4977	70.0
73.0		0.03369140625	0.663720703125	0.0099609375	51.61903	51.61903	73.0
76.0		0.046484375	0.812353515625	0.0103515625	53.74036	53.74036	76.0
79.0		0.0654296875	0.974658203125	0.011279296875	55.86169	55.86169	79.0
82.0		0.085546875	1.119580078125	0.011328125	57.98302	57.98302	82.0
85.0		0.120166015625	1.26591796875	0.01123046875	60.104350000000004	60.104350000000004	85.0
88.0		0.162744140625	1.403515625	0.0134765625	62.225680000000004	62.225680000000004	88.0
91.0		0.210986328125	1.53544921875	0.01328125	64.34701	64.34701	91.0
94.0		0.272900390625	1.647607421875	0.012744140625	66.46834	66.46834	94.0
97.0		0.37021484375	1.741552734375	0.014599609375	68.58967	68.58967	97.0
100.0		0.477783203125	1.835009765625	0.01591796875	70.711	70.711	100.0
103.0		0.5953125	1.82490234375	0.016650390625	72.83233	72.83233	103.0
106.0		0.7142578125	1.782421875	0.018115234375	74.95366	74.95366	106.0
109.0		0.83857421875	1.710302734375	0.023681640625	77.07499	77.07499	109.0
112.0		0.925048828125	1.592724609375	0.04287109375	79.19632	79.19632	112.0
115.0		1.0119140625	1.4599609375	0.103564453125	81.31765	81.31765	115.0
118.0		1.063427734375	1.322119140625	0.29921875	83.43898	83.43898	118.0
121.0		1.134423828125	1.15458984375	0.571240234375	85.56031	85.56031	121.0
124.0		1.169775390625	1.006689453125	0.92177734375	87.68164	87.68164	124.0
127.0		1.21083984375	0.841064453125	1.186865234375	89.80297	89.80297	127.0
130.0		1.243505859375	0.67177734375	1.367822265625	91.9243	91.9243	130.0
133.0		1.259765625	0.512060546875	1.496826171875	94.04563	94.04563	133.0
136.0		1.287353515625	0.370751953125	1.58291015625	96.16696	96.16696	136.0
139.0		1.30615234375	0.22587890625	1.633447265625	98.28829	98.28829	139.0
142.0		1.315087890625	0.127685546875	1.667822265625	100.40962	100.40962	142.0
145.0		1.313720703125	0.060400390625	1.675341796875	102.53095	102.53095	145.0
148.0		1.3166015625	0.02685546875	1.667919921875	104.65228	104.65228	148.0
151.0		1.323486328125	0.013623046875	1.67734375	106.77361	106.77361	151.0
154.0		1.3138671875	0.01025390625	1.669384765625	108.89494	108.89494	154.0
157.0		1.3080078125	0.00888671875	1.682568359375	111.01627	111.01627	157.0
160.0		1.295263671875	0.0068359375	1.673095703125	113.1376	113.1376	160.0
163.0		1.271875	0.006689453125	1.66982421875	115.25893	115.25893	163.0
166.0		1.23828125	0.007861328125	1.67744140625	117.38026	117.38026	166.0
169.0		1.207763671875	0.005322265625	1.68154296875	119.50159000000001	119.50159000000001	169.0
172.0		1.18291015625	0.00712890625	1.690771484375	121.62292000000001	121.62292000000001	172.0
175.0		1.142333984375	0.0068359375	1.682861328125	123.74425000000001	123.74425000000001	175.0
178.0		1.07880859375	0.005029296875	1.665625	125.86558000000001	125.86558000000001	178.0
181.0		1.008349609375	0.0013671875	1.615625	127.98691000000001	127.98691000000001	181.0
184.0		0.949462890625	0.003125	1.541015625	130.10824	130.10824	184.0
187.0		0.865380859375	0.003515625	1.42216796875	132.22957	132.22957	187.0
190.0		0.765869140625	0.0025390625	1.25693359375	134.3509	134.3509	190.0
193.0		0.651025390625	0.00263671875	0.933251953125	136.47223	136.47223	193.0
196.0		0.5041015625	0.002099609375	0.53701171875	138.59356	138.59356	196.0
199.0		0.375146484375	0.002294921875	0.2416015625	140.71489	140.71489	199.0
202.0		0.285009765625	-6.8359375E-4	0.077783203125	142.83622	142.83622	202.0
205.0		0.221923828125	-3.90625E-4	0.032861328125	144.95755	144.95755	205.0
208.0		0.16416015625	-0.00126953125	0.024560546875	147.07888	147.07888	208.0
211.0		0.13046875	-0.001708984375	0.021728515625	149.20021	149.20021	211.0
214.0		0.100146484375	-0.002197265625	0.0201171875	151.32154	151.32154	214.0
217.0		0.0748046875	-0.00224609375	0.019580078125	153.44287	153.44287	217.0
220.0		0.04814453125	-0.00185546875	0.018994140625	155.5642	155.5642	220.0
223.0		0.031103515625	-0.002978515625	0.017626953125	157.68553	157.68553	223.0
226.0		0.022119140625	-0.00322265625	0.017041015625	159.80686	159.80686	226.0
229.0		0.01806640625	-0.002392578125	0.01689453125	161.92819	161.92819	229.0
232.0		0.0162109375	-0.00361328125	0.015576171875	164.04952	164.04952	232.0
235.0		0.014697265625	-0.003955078125	0.014697265625	166.17085	166.17085	235.0
238.0		0.015380859375	-0.00302734375	0.015185546875	168.29218	168.29218	238.0
241.0		0.014892578125	-0.002978515625	0.015087890625	170.41351	170.41351	241.0
244.0		0.013671875	-0.004052734375	0.013818359375	172.53484	172.53484	244.0
247.0		0.01376953125	-0.003759765625	0.013427734375	174.65617	174.65617	247.0
250.0		0.01337890625	-0.0033203125	0.01357421875	176.7775	176.7775	250.0
253.0		0.012841796875	-0.00380859375	0.0125	178.89883	178.89883	253.0
256.0		0.01181640625	-0.00419921875	0.011767578125	181.02016	181.02016	256.0
259.0		0.01171875	-0.004052734375	0.0115234375	183.14149	183.14149	259.0
262.0		0.010791015625	-0.004638671875	0.010546875	185.26282	185.26282	262.0
265.0		0.0109375	-0.00400390625	0.01103515625	187.38415	187.38415	265.0
268.0		0.010546875	-0.004296875	0.0109375	189.50548	189.50548	268.0
271.0		0.010107421875	-0.004833984375	0.010009765625	191.62681	191.62681	271.0
274.0		0.00927734375	-0.004833984375	0.009521484375	193.74814	193.74814	274.0
277.0		0.009521484375	-0.004248046875	0.009521484375	195.86947	195.86947	277.0
280.0		0.0083984375	-0.005224609375	0.008203125	197.9908	197.9908	280.0
283.0		0.009130859375	-0.004296875	0.008642578125	200.11213	200.11213	283.0
286.0		0.00830078125	-0.0044921875	0.00849609375	202.23346	202.23346	286.0
289.0		0.00830078125	-0.00390625	0.0083984375	204.35479	204.35479	289.0
292.0		0.00732421875	-0.0044921875	0.00751953125	206.47612	206.47612	292.0

Position	X Fit	Y Fit	Z Fit
--------	-----	-----	-----
25.0		-0.05535626032601922	-0.006721647439843618	0.00896716362175907	17.67775	17.67775	25.0
28.0		-0.05362768596736216	-0.005796709348831331	0.008975054480113124	19.79908	19.79908	28.0
31.0		-0.05143798725081325	-0.004268413127248587	0.008987543855367607	21.92041	21.92041	31.0
34.0		-0.04868380963064958	-0.001802045302661896	0.009007102935611997	24.04174	24.04174	34.0
37.0		-0.04524430022285226	0.002084814418511516	0.00903740963436439	26.16307	26.16307	37.0
40.0		-0.040979658269991656	0.008065582495784264	0.009083872070280736	28.2844	28.2844	40.0
43.0		-0.03572997105401848	0.01704912958402103	0.009154345995097556	30.405730000000002	30.405730000000002	43.0
46.0		-0.029314465235873312	0.030218786215351796	0.009260102569540367	32.52706	32.52706	46.0
49.0		-0.021531317878811275	0.04905632562521828	0.009417112542191785	34.64839	34.64839	49.0
52.0		-0.012158181150655464	0.07533874856806358	0.009647721251725621	36.76972	36.76972	52.0
55.0		-9.535780661306947E-4	0.11109425710403639	0.0099827942977438	38.89105	38.89105	55.0
58.0		0.012340678225305601	0.15850449647072956	0.010464414035883909	41.01238	41.01238	58.0
61.0		0.027995903901977204	0.2197438677851172	0.011149199571431718	43.13371	43.13371	61.0
64.0		0.04629169115684158	0.2967540214708272	0.012112304575637348	45.25504	45.25504	64.0
67.0		0.06750970909412102	0.39096241617629846	0.013452114770596699	47.37637	47.37637	67.0
70.0		0.09192613696234264	0.5029670290750742	0.015295617228966479	49.4977	49.4977	70.0
73.0		0.11980277108719628	0.6322228767646249	0.017804344280051426	51.61903	51.61903	73.0
76.0		0.15137692069742717	0.7767770656909709	0.021180704653495978	53.74036	53.74036	76.0
79.0		0.18685028970406073	0.9331044100990189	0.025674404377536833	55.86169	55.86169	79.0
82.0		0.2263771277752212	1.0960924173517967	0.031588533476532496	57.98302	57.98302	82.0
85.0		0.2700520201304022	1.25921109907246	0.03928475868375726	60.104350000000004	60.104350000000004	85.0
88.0		0.3178977659219332	1.4148800806249375	0.04918692805158741	62.225680000000004	62.225680000000004	88.0
91.0		0.3698538638885327	1.555015665364938	0.061782275276864765	64.34701	64.34701	91.0
94.0		0.42576617497873526	1.6717088066034458	0.07761932801123649	66.46834	66.46834	94.0
97.0		0.4853783589236367	1.757957562844116	0.09730159601260355	68.58967	68.58967	97.0
100.0		0.548325680100279	1.8083606962375938	0.1214761628873724	70.711	70.711	100.0
103.0		0.6141317435194801	1.8196771558301084	0.1508164485983901	72.83233	72.83233	103.0
106.0		0.6822086521551016	1.7911709226282573	0.18599866310333515	74.95366	74.95366	106.0
109.0		0.7518609719699929	1.7246902170936613	0.2276718403845221	77.07499	77.07499	109.0
112.0		0.8222937531297542	1.6244692213305498	0.27642182123596026	79.19632	79.19632	112.0
115.0		0.8926246897633584	1.496681882055447	0.3327301230625575	81.31765	81.31765	115.0
118.0		0.9619003133804135	1.3488131464059898	0.3969292609863677	83.43898	83.43898	118.0
121.0		1.0291159159768044	1.188936550714114	0.4691567173334399	85.56031	85.56031	121.0
124.0		1.0932386989008616	1.0249946142646762	0.5493103344090561	87.68164	87.68164	124.0
127.0		1.1532334546602694	0.8641696732296582	0.6370083591272544	89.80297	89.80297	127.0
130.0		1.2080899231836373	0.7124106532526159	0.7315576275229178	91.9243	91.9243	130.0
133.0		1.2568508331039077	0.5741512331261572	0.8319333799053799	94.04563	94.04563	133.0
136.0		1.2986395523504919	0.452223251803086	0.9367738972741475	96.16696	96.16696	136.0
139.0		1.3326862383051852	0.3479418614503087	1.0443925252938613	98.28829	98.28829	139.0
142.0		1.3583514005316115	0.26131991960418205	1.152808713783081	100.40962	100.40962	142.0
145.0		1.3751458696490932	0.19136022755550183	1.259798492633798	102.53095	102.53095	145.0
148.0		1.3827463015716546	0.13637497816846	1.3629634095469232	104.65228	104.65228	148.0
151.0		1.3810055306804636	0.09428997394567305	1.459815481256808	106.77361	106.77361	151.0
154.0		1.369957308832332	0.06290371681130594	1.5478742892675073	108.89494	108.89494	154.0
157.0		1.3498152170165685	0.04008519638351529	1.6247711228285058	111.01627	111.01627	157.0
160.0		1.3209657986862053	0.02390654623786028	1.688354168060504	113.1376	113.1376	160.0
163.0		1.2839562231700152	0.012716078100316138	1.7367882720186145	115.25893	115.25893	163.0
166.0		1.239477029181102	0.005162925213766205	1.7686428461864656	117.38026	117.38026	166.0
169.0		1.1883407085874325	1.868397119222029E-4	1.782962039891571	119.50159000000001	119.50159000000001	169.0
172.0		1.1314570578051615	-0.003013662719278239	1.7793123818395795	121.62292000000001	121.62292000000001	172.0
175.0		1.0698063398824773	-0.005023674899655213	1.7578045766180317	123.74425000000001	123.74425000000001	175.0
178.0		1.0044113595097368	-0.006256492993102613	1.7190879269132369	125.86558000000001	125.86558000000001	178.0
181.0		0.9363095545018664	-0.006995043821333376	1.6643177735633956	127.98691000000001	127.98691000000001	181.0
184.0		0.86652615312052	-0.00742725613370999	1.5950982316267963	130.10824	130.10824	184.0
187.0		0.7960493426745656	-0.00767437023101537	1.5134041824416764	132.22957	132.22957	187.0
190.0		0.7258082497084639	-0.007812416508221948	1.4214878125682686	134.3509	134.3509	190.0
193.0		0.65665435638209	-0.007887772428814437	1.3217758617783204	136.47223	136.47223	193.0
196.0		0.5893467832078743	-0.007927970982533259	1.2167640937564206	138.59356	138.59356	196.0
199.0		0.5245416673211094	-0.007948928283679935	1.1089153280766064	140.71489	140.71489	199.0
202.0		0.4627856695798185	-0.007959607041299417	1.0005667150704232	142.83622	142.83622	202.0
205.0		0.40451346341955297	-0.007964925582661776	0.8938508850923105	144.95755	144.95755	205.0
208.0		0.3500489020644981	-0.007967514835701798	0.7906342807573926	147.07888	147.07888	208.0
211.0		0.2996094346925232	-0.007968747055756202	0.6924745219166658	149.20021	149.20021	211.0
214.0		0.2533132502737765	-0.00796932031855199	0.6005971962150713	151.32154	151.32154	214.0
217.0		0.2111885713851471	-0.007969581047483956	0.5158911371774395	153.44287	153.44287	217.0
220.0		0.1731844983884154	-0.007969696981669664	0.43892014586282335	155.5642	155.5642	220.0
223.0		0.13918281402091692	-0.007969747382324104	0.3699482976022437	157.68553	157.68553	223.0
226.0		0.10901019521591887	-0.007969768805190978	0.30897548305782235	159.80686	159.80686	226.0
229.0		0.08245033732362575	-0.007969777708451675	0.25577965958365645	161.92819	161.92819	229.0
232.0		0.05925556976754852	-0.007969781326405854	0.20996240232482366	164.04952	164.04952	232.0
235.0		0.039157625389745904	-0.00796978276398256	0.17099469080707433	166.17085	166.17085	235.0
238.0		0.021877312490730993	-0.007969783322534696	0.13826037931624094	168.29218	168.29218	238.0
241.0		0.007132923697845767	-0.007969783534747293	0.11109540751528624	170.41351	170.41351	241.0
244.0		-0.005352704960792938	-0.007969783613590216	0.08882144461793252	172.53484	172.53484	244.0
247.0		-0.015846501270253506	-0.007969783642235106	0.07077326887612152	174.65617	174.65617	247.0
250.0		-0.024600787966714832	-0.00796978365241241	0.056319720542054016	176.7775	176.7775	250.0
253.0		-0.03185014897904407	-0.00796978365594853	0.04487850241929228	178.89883	178.89883	253.0
256.0		-0.03780940810521734	-0.007969783657150068	0.035925424075453495	181.02016	181.02016	256.0
259.0		-0.042672575651031636	-0.007969783657549342	0.028998893238686763	183.14149	183.14149	259.0
262.0		-0.046612607644643145	-0.0079697836576791	0.023700560541591646	185.26282	185.26282	262.0
265.0		-0.049781820655434406	-0.007969783657720341	0.019693038256380125	187.38415	187.38415	265.0
268.0		-0.05231281120070072	-0.00796978365773316	0.01669556033904604	189.50548	189.50548	268.0
271.0		-0.05431974036047228	-0.007969783657737057	0.01447835118092504	191.62681	191.62681	271.0
274.0		-0.05589985974314731	-0.007969783657738216	0.012856343788361304	193.74814	193.74814	274.0
277.0		-0.057135172717737034	-0.007969783657738554	0.011682751608724425	195.86947	195.86947	277.0
280.0		-0.05809414344660979	-0.00796978365773865	0.010842865099980618	197.9908	197.9908	280.0
283.0		-0.05883338457593709	-0.007969783657738675	0.010248323659271724	200.11213	200.11213	283.0
286.0		-0.059399271606732834	-0.007969783657738682	0.00983201123579394	202.23346	202.23346	286.0
289.0		-0.05982944738104522	-0.007969783657738686	0.009543642251541614	204.35479	204.35479	289.0
292.0		-0.060154193419646486	-0.007969783657738686	0.009346043290367085	206.47612	206.47612	292.0
RTBT_Diag:WS23

Name	X Fit	X RMS	Y Fit	Y RMS	Z Fit	Z RMS
-------	-----	-----	-----	-----	-----	-----
Area	93.95475087171215	84.24451225419924	96.33289489807977	83.97433919270833	93.45967170325224	83.26917692480468
Ampl	2.2978916927663513	2.2635742187499996	1.695224480719176	1.61025390625	1.2071166843565753	1.1812500000000001
Mean	101.06388843248165	100.33239486190242	100.3487321842493	100.0724686306507	100.47334494461904	114.77117205607425
Sigma	16.311701149929068	13.68966532024966	22.670310159753914	17.943771749469914	30.88766399972227	21.660610364286526
Offset	-0.024180802173273182	-0.007421875	-0.02667056031328556	6.103515625E-4	-0.07032896418924323	-0.0015380859375
Slope	0.0	0.0	0.0	0.0	0.0	0.0

Position	X Raw	Y Raw	Z Raw
--------	-----	-----	-----
25.0		-0.00712890625	8.30078125E-4	-0.00146484375	17.67775	17.67775	25.0
28.0		-0.00771484375	3.90625E-4	-0.001611328125	19.79908	19.79908	28.0
31.0		-0.007080078125	0.00126953125	-0.001318359375	21.92041	21.92041	31.0
34.0		-0.00849609375	-3.90625E-4	-0.0021484375	24.04174	24.04174	34.0
37.0		-0.006982421875	0.0015625	-0.001123046875	26.16307	26.16307	37.0
40.0		-0.006640625	0.002294921875	-0.00107421875	28.2844	28.2844	40.0
43.0		-0.006591796875	0.0021484375	-9.765625E-4	30.405730000000002	30.405730000000002	43.0
46.0		-0.00771484375	8.30078125E-4	-0.001611328125	32.52706	32.52706	46.0
49.0		-0.005615234375	0.00341796875	-6.34765625E-4	34.64839	34.64839	49.0
52.0		-0.005322265625	0.00419921875	0.0	36.76972	36.76972	52.0
55.0		-0.00673828125	0.0107421875	-5.859375E-4	38.89105	38.89105	55.0
58.0		-0.006201171875	0.0494140625	-5.859375E-4	41.01238	41.01238	58.0
61.0		-0.005078125	0.149365234375	-4.39453125E-4	43.13371	43.13371	61.0
64.0		-0.002392578125	0.282373046875	0.0015625	45.25504	45.25504	64.0
67.0		-0.0041015625	0.447265625	-2.44140625E-4	47.37637	47.37637	67.0
70.0		-0.004541015625	0.610498046875	0.001611328125	49.4977	49.4977	70.0
73.0		-0.004052734375	0.79052734375	0.001904296875	51.61903	51.61903	73.0
76.0		-2.9296875E-4	0.969921875	0.006103515625	53.74036	53.74036	76.0
79.0		0.00615234375	1.1212890625	0.008349609375	55.86169	55.86169	79.0
82.0		0.0025390625	1.2724609375	0.006298828125	57.98302	57.98302	82.0
85.0		3.90625E-4	1.395556640625	0.005615234375	60.104350000000004	60.104350000000004	85.0
88.0		0.016259765625	1.490283203125	0.006103515625	62.225680000000004	62.225680000000004	88.0
91.0		0.041455078125	1.5453125	0.0138671875	64.34701	64.34701	91.0
94.0		0.0662109375	1.577099609375	0.00751953125	66.46834	66.46834	94.0
97.0		0.123095703125	1.59951171875	0.032861328125	68.58967	68.58967	97.0
100.0		0.208447265625	1.611474609375	0.082080078125	70.711	70.711	100.0
103.0		0.306640625	1.6072265625	0.148193359375	72.83233	72.83233	103.0
106.0		0.4724609375	1.578759765625	0.282861328125	74.95366	74.95366	106.0
109.0		0.6837890625	1.549365234375	0.455859375	77.07499	77.07499	109.0
112.0		0.91865234375	1.495849609375	0.64248046875	79.19632	79.19632	112.0
115.0		1.1466796875	1.3861328125	0.793603515625	81.31765	81.31765	115.0
118.0		1.320458984375	1.262646484375	0.906396484375	83.43898	83.43898	118.0
121.0		1.503125	1.11767578125	0.987890625	85.56031	85.56031	121.0
124.0		1.67216796875	0.9689453125	1.055517578125	87.68164	87.68164	124.0
127.0		1.81064453125	0.801904296875	1.10751953125	89.80297	89.80297	127.0
130.0		1.955322265625	0.638232421875	1.145166015625	91.9243	91.9243	130.0
133.0		2.04560546875	0.463916015625	1.15390625	94.04563	94.04563	133.0
136.0		2.151025390625	0.29169921875	1.1818359375	96.16696	96.16696	136.0
139.0		2.21328125	0.14931640625	1.193408203125	98.28829	98.28829	139.0
142.0		2.24873046875	0.04873046875	1.18681640625	100.40962	100.40962	142.0
145.0		2.225341796875	0.01015625	1.18466796875	102.53095	102.53095	145.0
148.0		2.209912109375	0.008740234375	1.1953125	104.65228	104.65228	148.0
151.0		2.118359375	0.001806640625	1.181201171875	106.77361	106.77361	151.0
154.0		2.005224609375	0.002734375	1.171142578125	108.89494	108.89494	154.0
157.0		1.894921875	0.002783203125	1.171142578125	111.01627	111.01627	157.0
160.0		1.744921875	0.00654296875	1.178857421875	113.1376	113.1376	160.0
163.0		1.594873046875	0.009619140625	1.178173828125	115.25893	115.25893	163.0
166.0		1.3955078125	0.00458984375	1.163330078125	117.38026	117.38026	166.0
169.0		1.167578125	0.00556640625	1.17431640625	119.50159000000001	119.50159000000001	169.0
172.0		0.886572265625	-2.9296875E-4	1.162060546875	121.62292000000001	121.62292000000001	172.0
175.0		0.6216796875	-0.00283203125	1.16787109375	123.74425000000001	123.74425000000001	175.0
178.0		0.401904296875	-0.01064453125	1.169189453125	125.86558000000001	125.86558000000001	178.0
181.0		0.2724609375	0.001123046875	1.181640625	127.98691000000001	127.98691000000001	181.0
184.0		0.178173828125	-0.001025390625	1.17109375	130.10824	130.10824	184.0
187.0		0.10869140625	0.003662109375	1.167822265625	132.22957	132.22957	187.0
190.0		0.0556640625	0.0033203125	1.176806640625	134.3509	134.3509	190.0
193.0		0.009765625	-8.30078125E-4	1.149267578125	136.47223	136.47223	193.0
196.0		-0.0041015625	-0.00146484375	1.126123046875	138.59356	138.59356	196.0
199.0		-0.008837890625	0.004541015625	1.0908203125	140.71489	140.71489	199.0
202.0		-0.00732421875	4.8828125E-4	1.042041015625	142.83622	142.83622	202.0
205.0		-4.39453125E-4	0.003759765625	0.983349609375	144.95755	144.95755	205.0
208.0		-0.004931640625	0.004248046875	0.900537109375	147.07888	147.07888	208.0
211.0		-0.003271484375	0.00283203125	0.762451171875	149.20021	149.20021	211.0
214.0		-6.34765625E-4	0.00361328125	0.593212890625	151.32154	151.32154	214.0
217.0		-0.00498046875	0.001708984375	0.35087890625	153.44287	153.44287	217.0
220.0		0.002294921875	0.00556640625	0.196435546875	155.5642	155.5642	220.0
223.0		-9.27734375E-4	0.001318359375	0.0900390625	157.68553	157.68553	223.0
226.0		-0.004833984375	-0.00244140625	0.02626953125	159.80686	159.80686	226.0
229.0		-0.006103515625	-0.002783203125	0.0099609375	161.92819	161.92819	229.0
232.0		-0.00634765625	-0.00322265625	0.003857421875	164.04952	164.04952	232.0
235.0		-0.00693359375	-0.002978515625	0.00263671875	166.17085	166.17085	235.0
238.0		-0.004931640625	-0.002099609375	0.00458984375	168.29218	168.29218	238.0
241.0		-0.00732421875	-0.002880859375	0.001708984375	170.41351	170.41351	241.0
244.0		-0.007275390625	-0.002978515625	0.001708984375	172.53484	172.53484	244.0
247.0		-0.00732421875	-0.002880859375	0.001708984375	174.65617	174.65617	247.0
250.0		-0.006640625	-0.002783203125	0.00224609375	176.7775	176.7775	250.0
253.0		-0.004931640625	-0.00244140625	0.00439453125	178.89883	178.89883	253.0
256.0		-0.006396484375	-0.002734375	0.002294921875	181.02016	181.02016	256.0
259.0		-0.004541015625	-7.32421875E-4	0.003759765625	183.14149	183.14149	259.0
262.0		-0.00673828125	-0.0025390625	0.002197265625	185.26282	185.26282	262.0
265.0		-0.00830078125	-0.00234375	9.765625E-5	187.38415	187.38415	265.0
268.0		-0.00693359375	-0.0021484375	0.002197265625	189.50548	189.50548	268.0
271.0		-0.007177734375	-0.00283203125	0.001513671875	191.62681	191.62681	271.0
274.0		-0.008056640625	-0.00322265625	3.90625E-4	193.74814	193.74814	274.0
277.0		-0.00888671875	-0.00361328125	-4.39453125E-4	195.86947	195.86947	277.0
280.0		-0.008203125	-0.003125	8.30078125E-4	197.9908	197.9908	280.0
283.0		-0.007421875	-0.00263671875	0.001513671875	200.11213	200.11213	283.0
286.0		-0.00810546875	-0.003076171875	4.8828125E-5	202.23346	202.23346	286.0
289.0		-0.007373046875	-0.002734375	0.001025390625	204.35479	204.35479	289.0
292.0		-0.008203125	-0.0033203125	9.765625E-5	206.47612	206.47612	292.0

Position	X Fit	Y Fit	Z Fit
--------	-----	-----	-----
25.0		-0.02369237799046264	-0.01950914522431148	-0.03440375071865568	17.67775	17.67775	25.0
28.0		-0.02368778419557725	-0.015852084412815694	-0.027769562733152044	19.79908	19.79908	28.0
31.0		-0.023679246728903623	-0.010504678706500604	-0.020039226138866335	21.92041	21.92041	31.0
34.0		-0.023663656193501366	-0.0028348504088161197	-0.011080364969470624	24.04174	24.04174	34.0
37.0		-0.023635682430212086	0.007954348438786622	-7.543242373239667E-4	26.16307	26.16307	37.0
40.0		-0.02358636726791249	0.022836758726773435	0.01108216398249924	28.2844	28.2844	40.0
43.0		-0.02350095308272291	0.042962195781966195	0.02457488862982468	30.405730000000002	30.405730000000002	43.0
46.0		-0.023355615483578875	0.06963681646860813	0.039869628550908656	32.52706	32.52706	46.0
49.0		-0.0231126744444444	0.10427915740249835	0.0571091821362051	34.64839	34.64839	49.0
52.0		-0.022713766270349715	0.14834737807561987	0.07642997325922225	36.76972	36.76972	52.0
55.0		-0.022070388864471432	0.20323558121092114	0.09795826672865966	38.89105	38.89105	55.0
58.0		-0.021051215035205836	0.27014065249324914	0.12180604569489877	41.01238	41.01238	58.0
61.0		-0.019465643769696495	0.34990567306160014	0.14806662363323297	43.13371	43.13371	61.0
64.0		-0.017043276574896966	0.4428511468876858	0.17681008389403685	45.25504	45.25504	64.0
67.0		-0.013409416688228062	0.5486103199998296	0.20807865947098786	47.37637	47.37637	67.0
70.0		-0.008057336758574046	0.6659888219440722	0.2418821836017026	49.4977	49.4977	70.0
73.0		-3.189659975408217E-4	0.7928707472902862	0.27819375703288135	51.61903	51.61903	73.0
76.0		0.010663210338899665	0.9261922664901042	0.31694578919896943	53.74036	53.74036	76.0
79.0		0.025958949854938088	1.0619994074947332	0.35802657717343495	55.86169	55.86169	79.0
82.0		0.04686236755034483	1.1955988098171655	0.40127758715987016	57.98302	57.98302	82.0
85.0		0.074886930177256	1.321799686194283	0.4464915977744358	60.104350000000004	60.104350000000004	85.0
88.0		0.11173638657658734	1.4352332221810182	0.493411851943353	62.225680000000004	62.225680000000004	88.0
91.0		0.15924506374830522	1.5307239590931843	0.541732344697388	64.34701	64.34701	91.0
94.0		0.21928252331851045	1.6036782876865054	0.5910993476164955	66.46834	66.46834	94.0
97.0		0.2936205337668955	1.6504498034902497	0.641114237644848	68.58967	68.58967	97.0
100.0		0.3837646835441607	1.6686411745423224	0.691337659307231	70.711	70.711	100.0
103.0		0.49075848591721644	1.657307753113938	0.7412950062135774	72.83233	72.83233	103.0
106.0		0.6149739469386704	1.6170388604825872	0.7904831616608053	74.95366	74.95366	106.0
109.0		0.7559084285236013	1.549907008958175	0.8383783909171628	77.07499	77.07499	109.0
112.0		0.9120121757883375	1.4592911511841196	0.8844452313816688	79.19632	79.19632	112.0
115.0		1.0805729768307917	1.349594938851325	0.9281461833270864	81.31765	81.31765	115.0
118.0		1.2576831305467255	1.2258926809694664	0.9689519654319084	83.43898	83.43898	118.0
121.0		1.4383086535537821	1.0935425525338938	1.0063520677433473	85.56031	85.56031	121.0
124.0		1.6164714947464707	0.9578078278009879	1.0398653118229026	87.68164	87.68164	124.0
127.0		1.7855431897989857	0.823522682841059	1.0690501150141654	89.80297	89.80297	127.0
130.0		1.9386343197034717	0.6948304921366854	1.093514154026701	91.9243	91.9243	130.0
133.0		2.0690503123977857	0.5750112138589974	1.1129231328498446	94.04563	94.04563	133.0
136.0		2.170772751622733	0.4664023587400353	1.1270083813630578	96.16696	96.16696	136.0
139.0		2.238918478906342	0.3704069994606795	1.1355730433132925	98.28829	98.28829	139.0
142.0		2.2701278733911625	0.28757371814103644	1.1384966544685076	100.40962	100.40962	142.0
145.0		2.2628393537269136	0.21772812557994126	1.1357379621251362	102.53095	102.53095	145.0
148.0		2.2174188778697927	0.16013378794233724	1.1273358937260543	104.65228	104.65228	148.0
151.0		2.136129489237942	0.11366167057388299	1.113408642798365	106.77361	106.77361	151.0
154.0		2.0229444374750987	0.07695076666234298	1.0941509022124911	108.89494	108.89494	154.0
157.0		1.8832253592303305	0.04854744882614381	1.0698293352921624	111.01627	111.01627	157.0
160.0		1.7233018031324974	0.02701630882808039	1.0407764320304087	113.1376	113.1376	160.0
163.0		1.5499979521232115	0.011020048404421185	1.0073829482460566	115.25893	115.25893	163.0
166.0		1.3701555801691525	-6.301764272512202E-4	0.9700891679179214	117.38026	117.38026	166.0
169.0		1.1901990029829426	-0.008949925715130088	0.9293752615416985	119.50159000000001	119.50159000000001	169.0
172.0		1.0157789959387793	-0.01477671617942943	0.8857510350364493	121.62292000000001	121.62292000000001	172.0
175.0		0.8515200955510042	-0.018779521589271715	0.8397453738857878	123.74425000000001	123.74425000000001	175.0
178.0		0.7008815295312356	-0.021477132987428	0.7918956857845802	125.86558000000001	125.86558000000001	178.0
181.0		0.5661283967310211	-0.023260869219826827	0.7427376325598919	127.98691000000001	127.98691000000001	181.0
184.0		0.4483984449432957	-0.024418229064636896	0.6927954195193539	130.10824	130.10824	184.0
187.0		0.3478420613196429	-0.025155178187214765	0.6425728790455388	132.22957	132.22957	187.0
190.0		0.2638093673725801	-0.02561572953344603	0.5925455469268438	134.3509	134.3509	190.0
193.0		0.19505838867023667	-0.025898234549031816	0.5431538865469867	136.47223	136.47223	193.0
196.0		0.13996141336697399	-0.026068338506928624	0.4947977697176147	138.59356	138.59356	196.0
199.0		0.09669182220759177	-0.02616888625492405	0.447832275710086	140.71489	140.71489	199.0
202.0		0.06337974761696559	-0.026227234363012778	0.4025648239052486	142.83622	142.83622	202.0
205.0		0.038230901404479004	-0.026260477512461956	0.35925361222769503	144.95755	144.95755	205.0
208.0		0.019608049422526926	-0.026279073568400944	0.3181072946936775	147.07888	147.07888	208.0
211.0		0.006078464015705061	-0.02628928774355036	0.27928579819085303	149.20021	149.20021	211.0
214.0		-0.0035668941866050276	-0.026294796687346005	0.24290215188167702	151.32154	151.32154	214.0
217.0		-0.010315629396784685	-0.026297714337960718	0.20902518287402028	153.44287	153.44287	217.0
220.0		-0.014950761154478116	-0.026299231786981014	0.17768291916939416	155.5642	155.5642	220.0
223.0		-0.018076086988453748	-0.026300006829616376	0.1488665351882607	157.68553	157.68553	223.0
226.0		-0.020145148445270305	-0.02630039558948637	0.12253467590253266	159.80686	159.80686	226.0
229.0		-0.02149020991107214	-0.02630058710074989	0.0986180020617247	161.92819	161.92819	229.0
232.0		-0.022348911987578775	-0.026300679757292833	0.07702381029025128	164.04952	164.04952	232.0
235.0		-0.02288731983684601	-0.026300723786184168	0.057640596955453136	166.17085	166.17085	235.0
238.0		-0.02321889499152235	-0.026300744335130875	0.04034245260434356	168.29218	168.29218	238.0
241.0		-0.023419473501013855	-0.026300753754919103	0.024993193393013854	170.41351	170.41351	241.0
244.0		-0.023538665188247064	-0.026300757996243138	0.0114501562930613	172.53484	172.53484	244.0
247.0		-0.023608246334230167	-0.026300759872010297	-4.323949423865464E-4	174.65617	174.65617	247.0
250.0		-0.02364815286431244	-0.026300760686867417	-0.01080028680444032	176.7775	176.7775	250.0
253.0		-0.023670639473002162	-0.02630076103457686	-0.019796892087105236	178.89883	178.89883	253.0
256.0		-0.023683088937877343	-0.026300761180320962	-0.027561025333177974	181.02016	181.02016	256.0
259.0		-0.023689861324293734	-0.02630076124032929	-0.034225264670676984	183.14149	183.14149	259.0
262.0		-0.02369348136397524	-0.026300761264600105	-0.03991467619229177	185.26282	185.26282	262.0
265.0		-0.02369538279462859	-0.026300761274243172	-0.04474590871136678	187.38415	187.38415	265.0
268.0		-0.02369636421960284	-0.026300761278006828	-0.04882662085855964	189.50548	189.50548	268.0
271.0		-0.02369686202095099	-0.02630076127944985	-0.05225519888951357	191.62681	191.62681	271.0
274.0		-0.02369711015671706	-0.026300761279993364	-0.05512072201303923	193.74814	193.74814	274.0
277.0		-0.023697231710412176	-0.02630076128019447	-0.05750313223307762	195.86947	195.86947	277.0
280.0		-0.023697290230217716	-0.026300761280267572	-0.05947356731339553	197.9908	197.9908	280.0
283.0		-0.0236973179189595	-0.026300761280293676	-0.0610948182033553	200.11213	200.11213	283.0
286.0		-0.023697330794880622	-0.026300761280302835	-0.06242187579834641	202.23346	202.23346	286.0
289.0		-0.023697336679747737	-0.02630076128030599	-0.06350253596451093	204.35479	204.35479	289.0
292.0		-0.02369733932329014	-0.026300761280307058	-0.06437803608094883	206.47612	206.47612	292.0
RTBT_Diag:WS21

Name	X Fit	X RMS	Y Fit	Y RMS	Z Fit	Z RMS
-------	-----	-----	-----	-----	-----	-----
Area	94.6820829914408	84.02925630012207	93.95469039555758	82.9312980143229	96.62514353908372	83.92595597669272
Ampl	2.2990912377045976	2.2080566406249997	1.6665611385558599	1.5995117187499999	1.2060998310985072	1.1354980468750002
Mean	97.23739009068991	97.03256844267854	100.81164935970087	99.13461704734716	102.68738159398272	116.20693448988347
Sigma	16.42939848680176	13.293736450648046	22.490923119264842	17.647268420827007	31.960749942638422	22.291564095018117
Offset	-0.017939262259567858	0.0070068359375	-0.02497062319902719	-0.0035888671875	-0.07356179665321026	0.0051025390625
Slope	0.0	0.0	0.0	0.0	0.0	0.0

Position	X Raw	Y Raw	Z Raw
--------	-----	-----	-----
25.0		0.00712890625	-0.0037109375	0.005078125	17.67775	17.67775	25.0
28.0		0.006884765625	-0.003466796875	0.005126953125	19.79908	19.79908	28.0
31.0		0.008056640625	-0.00302734375	0.005126953125	21.92041	21.92041	31.0
34.0		0.0068359375	-0.0041015625	0.0044921875	24.04174	24.04174	34.0
37.0		0.00693359375	-0.003271484375	0.0048828125	26.16307	26.16307	37.0
40.0		0.006494140625	-0.003759765625	0.00478515625	28.2844	28.2844	40.0
43.0		0.00693359375	-0.003564453125	0.00478515625	30.405730000000002	30.405730000000002	43.0
46.0		0.006787109375	-0.004541015625	0.004052734375	32.52706	32.52706	46.0
49.0		0.0080078125	-0.00244140625	0.00546875	34.64839	34.64839	49.0
52.0		0.007421875	-4.8828125E-5	0.005078125	36.76972	36.76972	52.0
55.0		0.006640625	0.019775390625	0.004443359375	38.89105	38.89105	55.0
58.0		0.007763671875	0.07431640625	0.0056640625	41.01238	41.01238	58.0
61.0		0.0076171875	0.164404296875	0.005224609375	43.13371	43.13371	61.0
64.0		0.00673828125	0.298046875	0.004931640625	45.25504	45.25504	64.0
67.0		0.00791015625	0.45146484375	0.00732421875	47.37637	47.37637	67.0
70.0		0.007275390625	0.6255859375	0.005859375	49.4977	49.4977	70.0
73.0		0.007763671875	0.813916015625	0.00595703125	51.61903	51.61903	73.0
76.0		0.007421875	0.992236328125	0.00478515625	53.74036	53.74036	76.0
79.0		0.006982421875	1.152587890625	0.00478515625	55.86169	55.86169	79.0
82.0		0.009912109375	1.319287109375	0.007470703125	57.98302	57.98302	82.0
85.0		0.016064453125	1.4287109375	0.00595703125	60.104350000000004	60.104350000000004	85.0
88.0		0.038330078125	1.509521484375	0.00791015625	62.225680000000004	62.225680000000004	88.0
91.0		0.080859375	1.552099609375	0.010498046875	64.34701	64.34701	91.0
94.0		0.14677734375	1.567138671875	0.021435546875	66.46834	66.46834	94.0
97.0		0.2408203125	1.57890625	0.048681640625	68.58967	68.58967	97.0
100.0		0.371484375	1.592333984375	0.094677734375	70.711	70.711	100.0
103.0		0.56220703125	1.593701171875	0.1845703125	72.83233	72.83233	103.0
106.0		0.794482421875	1.5654296875	0.3021484375	74.95366	74.95366	106.0
109.0		1.072802734375	1.535400390625	0.455859375	77.07499	77.07499	109.0
112.0		1.305322265625	1.479833984375	0.622412109375	79.19632	79.19632	112.0
115.0		1.5234375	1.361572265625	0.752978515625	81.31765	81.31765	115.0
118.0		1.69091796875	1.226123046875	0.856005859375	83.43898	83.43898	118.0
121.0		1.855615234375	1.073291015625	0.96474609375	85.56031	85.56031	121.0
124.0		1.969189453125	0.898486328125	1.025439453125	87.68164	87.68164	124.0
127.0		2.07412109375	0.729150390625	1.07548828125	89.80297	89.80297	127.0
130.0		2.15234375	0.547705078125	1.100244140625	91.9243	91.9243	130.0
133.0		2.201953125	0.3779296875	1.118310546875	94.04563	94.04563	133.0
136.0		2.2220703125	0.21015625	1.143115234375	96.16696	96.16696	136.0
139.0		2.236083984375	0.084375	1.15947265625	98.28829	98.28829	139.0
142.0		2.21005859375	0.02265625	1.1646484375	100.40962	100.40962	142.0
145.0		2.146240234375	5.859375E-4	1.164306640625	102.53095	102.53095	145.0
148.0		2.060107421875	-0.00234375	1.16318359375	104.65228	104.65228	148.0
151.0		1.957763671875	-0.003466796875	1.16591796875	106.77361	106.77361	151.0
154.0		1.84560546875	-0.003857421875	1.1525390625	108.89494	108.89494	154.0
157.0		1.669775390625	-0.005908203125	1.156640625	111.01627	111.01627	157.0
160.0		1.517822265625	-0.005615234375	1.151708984375	113.1376	113.1376	160.0
163.0		1.27734375	-0.003466796875	1.145703125	115.25893	115.25893	163.0
166.0		1.04560546875	-0.00322265625	1.151416015625	117.38026	117.38026	166.0
169.0		0.73681640625	-0.003466796875	1.149072265625	119.50159000000001	119.50159000000001	169.0
172.0		0.477734375	-0.0041015625	1.1513671875	121.62292000000001	121.62292000000001	172.0
175.0		0.3119140625	-0.003662109375	1.154052734375	123.74425000000001	123.74425000000001	175.0
178.0		0.215966796875	-0.003515625	1.15576171875	125.86558000000001	125.86558000000001	178.0
181.0		0.136669921875	-0.0080078125	1.15458984375	127.98691000000001	127.98691000000001	181.0
184.0		0.0798828125	-0.00517578125	1.160595703125	130.10824	130.10824	184.0
187.0		0.0392578125	-0.00458984375	1.1556640625	132.22957	132.22957	187.0
190.0		0.0158203125	-0.00595703125	1.15185546875	134.3509	134.3509	190.0
193.0		0.010546875	-0.0025390625	1.143994140625	136.47223	136.47223	193.0
196.0		0.007421875	-0.0048828125	1.123876953125	138.59356	138.59356	196.0
199.0		0.00625	-0.005615234375	1.0955078125	140.71489	140.71489	199.0
202.0		0.0068359375	-0.00615234375	1.059033203125	142.83622	142.83622	202.0
205.0		0.005859375	-0.005078125	1.0048828125	144.95755	144.95755	205.0
208.0		0.00673828125	-0.006103515625	0.939794921875	147.07888	147.07888	208.0
211.0		0.007080078125	-0.004833984375	0.8525390625	149.20021	149.20021	211.0
214.0		0.007958984375	-0.0033203125	0.76181640625	151.32154	151.32154	214.0
217.0		0.008056640625	-0.0037109375	0.620166015625	153.44287	153.44287	217.0
220.0		0.00791015625	-0.003271484375	0.45966796875	155.5642	155.5642	220.0
223.0		0.006201171875	-0.00498046875	0.292578125	157.68553	157.68553	223.0
226.0		0.0080078125	-0.00361328125	0.158837890625	159.80686	159.80686	226.0
229.0		0.007421875	-0.0041015625	0.076953125	161.92819	161.92819	229.0
232.0		0.006884765625	-0.00400390625	0.04287109375	164.04952	164.04952	232.0
235.0		0.00673828125	-0.0044921875	0.01513671875	166.17085	166.17085	235.0
238.0		0.007666015625	-0.00419921875	0.01162109375	168.29218	168.29218	238.0
241.0		0.007421875	-0.00380859375	0.006884765625	170.41351	170.41351	241.0
244.0		0.0064453125	-0.004248046875	0.00576171875	172.53484	172.53484	244.0
247.0		0.007763671875	-0.00361328125	0.006640625	174.65617	174.65617	247.0
250.0		0.0068359375	-0.004248046875	0.005712890625	176.7775	176.7775	250.0
253.0		0.00693359375	-0.004443359375	0.0060546875	178.89883	178.89883	253.0
256.0		0.0072265625	-0.004052734375	0.005908203125	181.02016	181.02016	256.0
259.0		0.00703125	-0.004052734375	0.005419921875	183.14149	183.14149	259.0
262.0		0.006494140625	-0.004248046875	0.00498046875	185.26282	185.26282	262.0
265.0		0.007373046875	-0.00380859375	0.006298828125	187.38415	187.38415	265.0
268.0		0.006689453125	-0.004150390625	0.004931640625	189.50548	189.50548	268.0
271.0		0.006884765625	-0.00380859375	0.005517578125	191.62681	191.62681	271.0
274.0		0.006640625	-0.004150390625	0.005908203125	193.74814	193.74814	274.0
277.0		0.006884765625	-0.004052734375	0.005859375	195.86947	195.86947	277.0
280.0		0.006494140625	-0.004931640625	0.005224609375	197.9908	197.9908	280.0
283.0		0.0072265625	-0.004541015625	0.004931640625	200.11213	200.11213	283.0
286.0		0.0072265625	-0.00400390625	0.005810546875	202.23346	202.23346	286.0
289.0		0.00693359375	-0.003759765625	0.0056640625	204.35479	204.35479	289.0
292.0		0.00693359375	-0.004150390625	0.00556640625	206.47612	206.47612	292.0

Position	X Fit	Y Fit	Z Fit
--------	-----	-----	-----
25.0		-0.01721336350782086	-0.01866014116713894	-0.03549627084495235	17.67775	17.67775	25.0
28.0		-0.017197181572929748	-0.015510842450604563	-0.028808909373132352	19.79908	19.79908	28.0
31.0		-0.017168305850415594	-0.010860671299091459	-0.021067284438565842	21.92041	21.92041	31.0
34.0		-0.017117666899386517	-0.004127115436078917	-0.012150569094939133	24.04174	24.04174	34.0
37.0		-0.017030396582346775	0.005433180885292533	-0.0019327701094560001	26.16307	26.16307	37.0
40.0		-0.016882602427265043	0.018739892686290886	0.009715794142571649	28.2844	28.2844	40.0
43.0		-0.016636659859462652	0.03689304859009938	0.022926666354723374	30.405730000000002	30.405730000000002	43.0
46.0		-0.01623452606754327	0.06115975782238478	0.037831064768669695	32.52706	32.52706	46.0
49.0		-0.015588514865534659	0.09293765649191701	0.0545573410831767	34.64839	34.64839	49.0
52.0		-0.01456895788015253	0.13368994499524794	0.07322809551331577	36.76972	36.76972	52.0
55.0		-0.012988251990711523	0.18484893542134861	0.0939569762763858	38.89105	38.89105	55.0
58.0		-0.010581002028232492	0.24768838114143998	0.11684520546081556	41.01238	41.01238	58.0
61.0		-0.006980359217146119	0.3231693988617299	0.14197788859127305	43.13371	43.13371	61.0
64.0		-0.001691270021524409	0.4117701107805284	0.16942018069049497	45.25504	45.25504	64.0
67.0		0.005937794295766505	0.513314530931698	0.19921339662173362	47.37637	47.37637	67.0
70.0		0.0167419798135945	0.6268207565675717	0.23137116727352566	49.4977	49.4977	70.0
73.0		0.03176219326743956	0.7503911556669254	0.26587575497809146	51.61903	51.61903	73.0
76.0		0.05225715319055578	0.8811670045510007	0.30267465068502464	53.74036	53.74036	76.0
79.0		0.07969925252428708	1.0153662774268155	0.3416775811208316	55.86169	55.86169	79.0
82.0		0.11574763535480219	1.148415899387424	0.3827540557994631	57.98302	57.98302	82.0
85.0		0.16219220451670213	1.2751792876667323	0.4257315807673512	60.104350000000004	60.104350000000004	85.0
88.0		0.22086369645902476	1.3902676478541471	0.4703946579781356	62.225680000000004	62.225680000000004	88.0
91.0		0.29350768167786917	1.4884110396523145	0.5164846759947388	64.34701	64.34701	91.0
94.0		0.3816243971263081	1.5648547345676038	0.5637007793255578	66.46834	66.46834	94.0
97.0		0.48628147246889375	1.6157398096043945	0.6117017803727766	68.58967	68.58967	97.0
100.0		0.6079123725470308	1.6384257084254472	0.6601091502096413	70.711	70.711	100.0
103.0		0.746118967184238	1.6317172681676684	0.7085110929631179	72.83233	72.83233	103.0
106.0		0.8995010781610079	1.5959690460590445	0.7564676744432727	74.95366	74.95366	106.0
109.0		1.065538101158152	1.533054270823393	0.8035169400168671	77.07499	77.07499	109.0
112.0		1.2405469462681324	1.4462022030962258	0.8491819209138257	79.19632	79.19632	112.0
115.0		1.4197360150007303	1.3397235587677074	0.8929783936275376	81.31765	81.31765	115.0
118.0		1.597366697226679	1.2186564829803832	0.934423225307182	83.43898	83.43898	118.0
121.0		1.767022540494209	1.088373483936358	0.9730431104926371	85.56031	85.56031	121.0
124.0		1.9219730820753673	0.9541917705964562	1.008383482553002	87.68164	87.68164	124.0
127.0		2.0556061268633194	0.8210256528845608	1.0400173679219913	89.80297	89.80297	127.0
130.0		2.1618910462531082	0.6931110857022118	1.0675539435955386	91.9243	91.9243	130.0
133.0		2.235828415388285	0.5738207968749313	1.0906465589852545	94.04563	94.04563	133.0
136.0		2.273839480670518	0.46557578388145776	1.1089999923781222	96.16696	96.16696	136.0
139.0		2.2740532499978015	0.36984726509024507	1.1223767298403455	98.28829	98.28829	139.0
142.0		2.236459142306188	0.2872339805067348	1.1306020799471634	100.40962	100.40962	142.0
145.0		2.1629078556641654	0.21759397598188573	1.133567970382545	102.53095	102.53095	145.0
148.0		2.056960354757635	0.16020790225300924	1.1312353110635422	104.65228	104.65228	148.0
151.0		1.9236021346763266	0.11395203146040479	1.1236348515538233	106.77361	106.77361	151.0
154.0		1.7688546814670911	0.07746282038478433	1.1108665064754346	108.89494	108.89494	154.0
157.0		1.5993262541273645	0.04927990451951239	1.0930971696073755	111.01627	111.01627	157.0
160.0		1.421748482293958	0.027959871798179707	1.070557083524495	113.1376	113.1376	160.0
163.0		1.242543514972173	0.012158197355915085	1.0435348751701927	115.25893	115.25893	163.0
166.0		1.0674592518243957	6.807523239760853E-4	1.012371406986739	117.38026	117.38026	166.0
169.0		0.9012990145699009	-0.007490941307003934	0.9774526266684853	119.50159000000001	119.50159000000001	169.0
172.0		0.7477588197239506	-0.013195060838142455	0.939201625049777	121.62292000000001	121.62292000000001	172.0
175.0		0.6093722406463393	-0.01709941354138609	0.8980701302111462	123.74425000000001	123.74425000000001	175.0
178.0		0.4875514871576372	-0.019720362361064447	0.8545296760653247	125.86558000000001	125.86558000000001	178.0
181.0		0.3827050571057426	-0.021446099679327753	0.8090626853260273	127.98691000000001	127.98691000000001	181.0
184.0		0.29440774605959447	-0.022560775568731487	0.7621537000962988	130.10824	130.10824	184.0
187.0		0.22159790824863584	-0.023267135198116615	0.7142809789165613	132.22957	132.22957	187.0
190.0		0.1627790796541438	-0.023706319991769517	0.6659086578701581	134.3509	134.3509	190.0
193.0		0.11620749400977791	-0.023974267409168637	0.61747964639365	136.47223	136.47223	193.0
196.0		0.08005260402663476	-0.024134690109102797	0.5694093971057188	138.59356	138.59356	196.0
199.0		0.05252348350820274	-0.024228949799294346	0.522080654693474	140.71489	140.71489	199.0
202.0		0.031959151592295613	-0.024283307034815186	0.4758392531618646	142.83622	142.83622	202.0
205.0		0.016884922604350705	-0.024314074001670453	0.4309909950149833	144.95755	144.95755	205.0
208.0		0.0060396220530005255	-0.02433116748734076	0.3877996115564578	147.07888	147.07888	208.0
211.0		-0.0016200572810765763	-0.02434048963462617	0.3464857716771559	149.20021	149.20021	211.0
214.0		-0.0069314602355904364	-0.02434548031462679	0.307227078252685	151.32154	151.32154	214.0
217.0		-0.01054802980380538	-0.024348103200915103	0.27015896738253553	153.44287	153.44287	217.0
220.0		-0.012966417024326167	-0.02434945649241898	0.23537640670273882	155.5642	155.5642	220.0
223.0		-0.014554755639245201	-0.024350141996993396	0.2029362751796728	157.68553	157.68553	223.0
226.0		-0.015579440820440667	-0.024350482915298743	0.17286029818770612	159.80686	159.80686	226.0
229.0		-0.016228830718052485	-0.024350649380745815	0.1451384081099271	161.92819	161.92819	229.0
232.0		-0.01663314791663355	-0.024350729188235363	0.11973240180943556	164.04952	164.04952	232.0
235.0		-0.016880474722780443	-0.02435076675641009	0.09657977157270348	166.17085	166.17085	235.0
238.0		-0.017029129985098656	-0.024350784120971535	0.07559759488457019	168.29218	168.29218	238.0
241.0		-0.017116926010067195	-0.024350792002029498	0.05668637994045697	170.41351	170.41351	241.0
244.0		-0.017167879979659604	-0.024350795514326853	0.03973377738569886	172.53484	172.53484	244.0
247.0		-0.017196941008020758	-0.024350797051393105	0.024618083649069672	174.65617	174.65617	247.0
250.0		-0.017213229960448048	-0.024350797711929016	0.011211476699516096	176.7775	176.7775	250.0
253.0		-0.01722220305892985	-0.024350797990676087	-6.170595416749303E-4	178.89883	178.89883	253.0
256.0		-0.017227061257951804	-0.024350798106191854	-0.010999151114692442	181.02016	181.02016	256.0
259.0		-0.017229646534408373	-0.024350798153202468	-0.020064805531871746	183.14149	183.14149	259.0
262.0		-0.017230998767637267	-0.02435079817199047	-0.0279405418738971	185.26282	185.26282	262.0
265.0		-0.017231693987580416	-0.024350798179364436	-0.034747871851534044	187.38415	187.38415	265.0
268.0		-0.017232045330335375	-0.024350798182206694	-0.04060211541980847	189.50548	189.50548	268.0
271.0		-0.017232219868041052	-0.024350798183282594	-0.0456115276018096	191.62681	191.62681	271.0
274.0		-0.01723230510099816	-0.02435079818368257	-0.04987670807830061	193.74814	193.74814	274.0
277.0		-0.0172323460172402	-0.0243507981838286	-0.053490261724278995	195.86947	195.86947	277.0
280.0		-0.017232365326384586	-0.024350798183880962	-0.05653667646881379	197.9908	197.9908	280.0
283.0		-0.017232374284529114	-0.024350798183899406	-0.05909238442659972	200.11213	200.11213	283.0
286.0		-0.01723237837025235	-0.024350798183905783	-0.061225972982530685	202.23346	202.23346	286.0
289.0		-0.0172323802022431	-0.024350798183907948	-0.0629985141784609	204.35479	204.35479	289.0
292.0		-0.017232381009828046	-0.024350798183908673	-0.06446398313043175	206.47612	206.47612	292.0
RTBT_Diag:WS20

Name	X Fit	X RMS	Y Fit	Y RMS	Z Fit	Z RMS
-------	-----	-----	-----	-----	-----	-----
Area	101.826863564278	86.81979904811197	91.13232168248551	86.0470222981771	94.74867983080702	81.96555449913737
Ampl	1.6129557247748008	1.5193359375	1.9051690302860282	1.8894042968750002	1.7905030243450695	1.67568359375
Mean	89.79478994512121	90.08328656919977	102.1921972031308	102.27858579209767	135.3496685716521	126.67373474857322
Sigma	25.185465746203526	20.308407746089312	19.083102681355992	17.29443019648365	21.110969310176735	14.919494840803564
Offset	-0.061234089372356554	7.32421875E-5	0.0016086460971877332	0.0046142578125	0.008894579854671309	-6.347656249999999E-4
Slope	0.0	0.0	0.0	0.0	0.0	0.0

Position	X Raw	Y Raw	Z Raw
--------	-----	-----	-----
25.0		2.44140625E-4	0.004541015625	-6.8359375E-4	17.67775	17.67775	25.0
28.0		-9.765625E-5	0.0046875	-5.859375E-4	19.79908	19.79908	28.0
31.0		1.953125E-4	0.005078125	-9.765625E-5	21.92041	21.92041	31.0
34.0		2.9296875E-4	0.00478515625	-4.8828125E-5	24.04174	24.04174	34.0
37.0		2.44140625E-4	0.00537109375	-6.8359375E-4	26.16307	26.16307	37.0
40.0		5.859375E-4	0.005029296875	-5.859375E-4	28.2844	28.2844	40.0
43.0		0.00107421875	0.00498046875	-0.001025390625	30.405730000000002	30.405730000000002	43.0
46.0		0.00458984375	0.004833984375	-5.37109375E-4	32.52706	32.52706	46.0
49.0		0.012353515625	0.005224609375	4.8828125E-5	34.64839	34.64839	49.0
52.0		0.021142578125	0.0068359375	6.8359375E-4	36.76972	36.76972	52.0
55.0		0.03662109375	0.015283203125	-2.9296875E-4	38.89105	38.89105	55.0
58.0		0.0552734375	0.04033203125	6.34765625E-4	41.01238	41.01238	58.0
61.0		0.085302734375	0.093505859375	6.34765625E-4	43.13371	43.13371	61.0
64.0		0.119921875	0.184619140625	7.8125E-4	45.25504	45.25504	64.0
67.0		0.1734375	0.299462890625	0.001025390625	47.37637	47.37637	67.0
70.0		0.241357421875	0.4416015625	-8.30078125E-4	49.4977	49.4977	70.0
73.0		0.308642578125	0.59716796875	5.37109375E-4	51.61903	51.61903	73.0
76.0		0.4123046875	0.748876953125	-4.39453125E-4	53.74036	53.74036	76.0
79.0		0.509326171875	0.92109375	0.001416015625	55.86169	55.86169	79.0
82.0		0.62509765625	1.085498046875	-0.001220703125	57.98302	57.98302	82.0
85.0		0.751708984375	1.251220703125	0.001171875	60.104350000000004	60.104350000000004	85.0
88.0		0.8435546875	1.405126953125	0.003564453125	62.225680000000004	62.225680000000004	88.0
91.0		0.9421875	1.57724609375	0.002294921875	64.34701	64.34701	91.0
94.0		1.035986328125	1.70927734375	0.002880859375	66.46834	66.46834	94.0
97.0		1.11513671875	1.814697265625	0.00185546875	68.58967	68.58967	97.0
100.0		1.1828125	1.9154296875	0.002294921875	70.711	70.711	100.0
103.0		1.253515625	1.8986328125	0.0052734375	72.83233	72.83233	103.0
106.0		1.311572265625	1.838232421875	0.00205078125	74.95366	74.95366	106.0
109.0		1.36103515625	1.755859375	0.003369140625	77.07499	77.07499	109.0
112.0		1.404150390625	1.626806640625	0.00302734375	79.19632	79.19632	112.0
115.0		1.451611328125	1.49150390625	0.003515625	81.31765	81.31765	115.0
118.0		1.491357421875	1.343701171875	0.004638671875	83.43898	83.43898	118.0
121.0		1.502197265625	1.177734375	0.0060546875	85.56031	85.56031	121.0
124.0		1.523388671875	1.01767578125	0.004150390625	87.68164	87.68164	124.0
127.0		1.519482421875	0.85693359375	0.004052734375	89.80297	89.80297	127.0
130.0		1.51787109375	0.694091796875	0.007666015625	91.9243	91.9243	130.0
133.0		1.502197265625	0.537646484375	0.021435546875	94.04563	94.04563	133.0
136.0		1.480419921875	0.382568359375	0.098388671875	96.16696	96.16696	136.0
139.0		1.45068359375	0.23388671875	0.297216796875	98.28829	98.28829	139.0
142.0		1.40615234375	0.115625	0.607275390625	100.40962	100.40962	142.0
145.0		1.366552734375	0.044775390625	0.978955078125	102.53095	102.53095	145.0
148.0		1.315771484375	0.018994140625	1.270751953125	104.65228	104.65228	148.0
151.0		1.251904296875	0.00830078125	1.420654296875	106.77361	106.77361	151.0
154.0		1.20546875	0.006201171875	1.55263671875	108.89494	108.89494	154.0
157.0		1.110009765625	0.00498046875	1.600927734375	111.01627	111.01627	157.0
160.0		1.04609375	0.0048828125	1.66123046875	113.1376	113.1376	160.0
163.0		0.9515625	0.008056640625	1.682958984375	115.25893	115.25893	163.0
166.0		0.886669921875	0.007666015625	1.67626953125	117.38026	117.38026	166.0
169.0		0.780029296875	0.007275390625	1.67392578125	119.50159000000001	119.50159000000001	169.0
172.0		0.66953125	0.013720703125	1.678369140625	121.62292000000001	121.62292000000001	172.0
175.0		0.535693359375	0.015283203125	1.666259765625	123.74425000000001	123.74425000000001	175.0
178.0		0.438232421875	0.010205078125	1.6744140625	125.86558000000001	125.86558000000001	178.0
181.0		0.32373046875	0.01083984375	1.6705078125	127.98691000000001	127.98691000000001	181.0
184.0		0.243896484375	0.009765625	1.6830078125	130.10824	130.10824	184.0
187.0		0.187744140625	0.006884765625	1.6953125	132.22957	132.22957	187.0
190.0		0.1376953125	0.007958984375	1.6966796875	134.3509	134.3509	190.0
193.0		0.1046875	0.013720703125	1.7251953125	136.47223	136.47223	193.0
196.0		0.06728515625	0.005615234375	1.70205078125	138.59356	138.59356	196.0
199.0		0.04833984375	0.007666015625	1.689599609375	140.71489	140.71489	199.0
202.0		0.031103515625	0.005419921875	1.647412109375	142.83622	142.83622	202.0
205.0		0.017431640625	0.00556640625	1.556884765625	144.95755	144.95755	205.0
208.0		0.007861328125	0.003955078125	1.421044921875	147.07888	147.07888	208.0
211.0		0.005517578125	0.005078125	1.221826171875	149.20021	149.20021	211.0
214.0		0.0052734375	0.007861328125	0.926708984375	151.32154	151.32154	214.0
217.0		4.8828125E-4	0.00458984375	0.49052734375	153.44287	153.44287	217.0
220.0		3.90625E-4	0.00439453125	0.20068359375	155.5642	155.5642	220.0
223.0		-1.953125E-4	0.003955078125	0.05556640625	157.68553	157.68553	223.0
226.0		0.0	0.004052734375	0.009765625	159.80686	159.80686	226.0
229.0		5.859375E-4	0.003857421875	0.0029296875	161.92819	161.92819	229.0
232.0		-4.8828125E-5	0.004052734375	0.0013671875	164.04952	164.04952	232.0
235.0		3.90625E-4	0.00419921875	8.7890625E-4	166.17085	166.17085	235.0
238.0		4.39453125E-4	0.004150390625	0.0015625	168.29218	168.29218	238.0
241.0		4.39453125E-4	0.00439453125	0.001416015625	170.41351	170.41351	241.0
244.0		-1.46484375E-4	0.00419921875	0.001025390625	172.53484	172.53484	244.0
247.0		3.90625E-4	0.004345703125	0.001171875	174.65617	174.65617	247.0
250.0		1.46484375E-4	0.004248046875	0.001220703125	176.7775	176.7775	250.0
253.0		-3.41796875E-4	0.003515625	6.34765625E-4	178.89883	178.89883	253.0
256.0		3.41796875E-4	0.00400390625	7.32421875E-4	181.02016	181.02016	256.0
259.0		-2.44140625E-4	0.00400390625	0.001025390625	183.14149	183.14149	259.0
262.0		-4.8828125E-4	0.00400390625	3.41796875E-4	185.26282	185.26282	262.0
265.0		-2.44140625E-4	0.003759765625	7.32421875E-4	187.38415	187.38415	265.0
268.0		-9.765625E-4	0.003271484375	-9.765625E-5	189.50548	189.50548	268.0
271.0		-7.8125E-4	0.003955078125	1.953125E-4	191.62681	191.62681	271.0
274.0		-9.765625E-5	0.003759765625	4.8828125E-4	193.74814	193.74814	274.0
277.0		-2.44140625E-4	0.004345703125	3.90625E-4	195.86947	195.86947	277.0
280.0		-0.001025390625	0.003466796875	-1.46484375E-4	197.9908	197.9908	280.0
283.0		-1.46484375E-4	0.004296875	2.9296875E-4	200.11213	200.11213	283.0
286.0		-4.8828125E-5	0.00419921875	4.8828125E-4	202.23346	202.23346	286.0
289.0		3.90625E-4	0.004052734375	1.953125E-4	204.35479	204.35479	289.0
292.0		-4.39453125E-4	0.003857421875	5.859375E-4	206.47612	206.47612	292.0

Position	X Fit	Y Fit	Z Fit
--------	-----	-----	-----
25.0		-0.0341386176135938	0.0021418195993002445	0.008678646562677141	17.67775	17.67775	25.0
28.0		-0.026954177248562958	0.002603306479970398	0.008678883339130306	19.79908	19.79908	28.0
31.0		-0.018148143969273042	0.0034189350139776286	0.00867928601718977	21.92041	21.92041	31.0
34.0		-0.007440879544628735	0.004822956204677907	0.00867996373757658	24.04174	24.04174	34.0
37.0		0.0054731270708358246	0.0071765850454458945	0.008681092520903863	26.16307	26.16307	37.0
40.0		0.020922061791681053	0.011018176820586215	0.008682953031169782	28.2844	28.2844	40.0
43.0		0.0392519109548461	0.01712209193907103	0.008685987681405308	30.405730000000002	30.405730000000002	43.0
46.0		0.060819736911038084	0.02656122240754099	0.008690885848038033	32.52706	32.52706	46.0
49.0		0.08598499064515483	0.04076383470279699	0.008698709322047136	34.64839	34.64839	49.0
52.0		0.11509882991305662	0.06155048433761066	0.008711074469267667	36.76972	36.76972	52.0
55.0		0.1484915129923612	0.09113225962786571	0.008730413040687127	38.89105	38.89105	55.0
58.0		0.18645805717092442	0.13204899728479305	0.00876034025487979	41.01238	41.01238	58.0
61.0		0.22924248291688093	0.18702717211650113	0.008806166658347901	43.13371	43.13371	61.0
64.0		0.2770211027328936	0.2587435891306038	0.008875599185513146	45.25504	45.25504	64.0
67.0		0.3298854496695873	0.3494937892353969	0.008979686385750729	47.37637	47.37637	67.0
70.0		0.3878255646244769	0.4607828427514257	0.009134072242913661	49.4977	49.4977	70.0
73.0		0.4507144632953937	0.5928786906054703	0.009360631269099971	51.61903	51.61903	73.0
76.0		0.518294672285261	0.744390162785237	0.009689563028349498	53.74036	53.74036	76.0
79.0		0.5901677494143692	0.9119475623775058	0.010162024851914628	55.86169	55.86169	79.0
82.0		0.6657876775315025	1.090067305428221	0.010833374669750526	57.98302	57.98302	82.0
85.0		0.7444589384078626	1.2712690565330087	0.011777078634395467	60.104350000000004	60.104350000000004	85.0
88.0		0.8253399315065859	1.4464828133339451	0.013089307393397882	62.225680000000004	62.225680000000004	88.0
91.0		0.9074522035276541	1.6057376237867793	0.01489419745240151	64.34701	64.34701	91.0
94.0		0.9896957051004276	1.7390707912514536	0.01734968764391409	66.46834	66.46834	94.0
97.0		1.0708700017948958	1.8375475617838106	0.02065375405507732	68.58967	68.58967	97.0
100.0		1.1497010528137876	1.8942482043900066	0.02505076053499379	70.711	70.711	100.0
103.0		1.2248728506883735	1.9050715087058694	0.03083751936335888	72.83233	72.83233	103.0
106.0		1.2950629095569384	1.8692251887893991	0.0383685243305455	74.95366	74.95366	106.0
109.0		1.3589803193719068	1.7893217582479781	0.048059686566116824	77.07499	77.07499	109.0
112.0		1.4154048689226317	1.6710637654724336	0.060389785973136975	79.19632	79.19632	112.0
115.0		1.4632255995019023	1.5225710541991424	0.07589876551308151	81.31765	81.31765	115.0
118.0		1.5014770968012279	1.3534602526394788	0.09518196169186896	83.43898	83.43898	118.0
121.0		1.5293718690930733	1.1738212104051744	0.11887940300622611	85.56031	85.56031	121.0
124.0		1.5463272964297845	0.9932406434562598	0.14765943778833449	87.68164	87.68164	124.0
127.0		1.5519858631302548	0.8200008827623181	0.18219618829664044	89.80297	89.80297	127.0
130.0		1.5462276922700005	0.6605386440443929	0.22314067582795236	91.9243	91.9243	130.0
133.0		1.5291747683784467	0.5191962505822229	0.2710859181119551	94.04563	94.04563	133.0
136.0		1.5011866405890195	0.3982475086334053	0.32652684809762983	96.16696	96.16696	136.0
139.0		1.4628478176403772	0.2981419457582611	0.3898165106226973	98.28829	98.28829	139.0
142.0		1.4149474719392254	0.2178897042606366	0.4611206141056901	100.40962	100.40962	142.0
145.0		1.3584524369415716	0.15550570156548016	0.5403730897695641	102.53095	102.53095	145.0
148.0		1.294474787933834	0.1084425121130632	0.6272357744512785	104.65228	104.65228	148.0
151.0		1.2242355230848985	0.07396128703941406	0.7210656165076238	106.77361	106.77361	151.0
154.0		1.1490259974841335	0.049412910583149235	0.8208928455201423	108.89494	108.89494	154.0
157.0		1.070168802509458	0.032422477532035664	0.925413297911098	111.01627	111.01627	157.0
160.0		0.9889797278247754	0.02098587071856719	1.0329975275929408	113.1376	113.1376	160.0
163.0		0.9067323015403043	0.013496521760873584	1.1417184584122266	115.25893	115.25893	163.0
166.0		0.8246261890415452	0.008723790914372883	1.2493981921178632	117.38026	117.38026	166.0
169.0		0.7437604603588487	0.005763254000185779	1.3536732446150899	119.50159000000001	119.50159000000001	169.0
172.0		0.6651124299887241	0.003975345772549965	1.4520760472176786	121.62292000000001	121.62292000000001	172.0
175.0		0.5895224530063862	0.0029239407931812783	1.5421291432661464	123.74425000000001	123.74425000000001	175.0
178.0		0.5176847476396377	0.0023217778852251637	1.6214472686551709	125.86558000000001	125.86558000000001	178.0
181.0		0.45014402556004324	0.001985856213808612	1.687841557959122	127.98691000000001	127.98691000000001	181.0
184.0		0.38729746202123194	0.001803300251670289	1.7394195768363085	130.10824	130.10824	184.0
187.0		0.32940133955885365	0.0017066426574500935	1.774674823473165	132.22957	132.22957	187.0
190.0		0.27658155768974524	0.0016567770873253487	1.7925597996642966	134.3509	134.3509	190.0
193.0		0.22884711885299075	0.0016317085539470863	1.7925377076256617	136.47223	136.47223	193.0
196.0		0.18610567554816543	0.0016194269508686579	1.7746092126459931	138.59356	138.59356	196.0
199.0		0.14818024960070142	0.0016135627273783577	1.7393124098072288	140.71489	140.71489	199.0
202.0		0.11482630344645553	0.0016108336006281075	1.687695997096802	142.83622	142.83622	202.0
205.0		0.08574844531291853	0.0016095956010925845	1.6212675211189498	144.95755	144.95755	205.0
208.0		0.06061617447425068	0.001609048176357775	1.5419202591372396	147.07888	147.07888	208.0
211.0		0.03907820878835456	0.001608812206203041	1.4518436842598126	149.20021	149.20021	211.0
214.0		0.020775074762140265	0.0016087130458096717	1.3534234149228983	151.32154	151.32154	214.0
217.0		0.005349772125161738	0.0016086724214912477	1.2491370063974518	153.44287	153.44287	217.0
220.0		-0.00754355621724366	0.0016086561952709723	1.1414518828784381	155.5642	155.5642	220.0
223.0		-0.018232916536658296	0.0016086498762827584	1.0327311666006875	157.68553	157.68553	223.0
226.0		-0.02702360531139386	0.0016086474769475341	0.9251522126999712	159.80686	159.80686	226.0
229.0		-0.034195025036649014	0.0016086465886452391	0.8206414161448059	161.92819	161.92819	229.0
232.0		-0.039998961109960096	0.0016086462679670477	0.7208274504830848	164.04952	164.04952	232.0
235.0		-0.04465908497605915	0.0016086461550841077	0.6270136621861524	166.17085	166.17085	235.0
238.0		-0.048371443716279376	0.0016086461163362122	0.5401690037754616	168.29218	168.29218	238.0
241.0		-0.051305704315876506	0.0016086461033662468	0.4609357464747949	170.41351	170.41351	241.0
244.0		-0.05360693870419305	0.0016086460991326477	0.38965134149585895	172.53484	172.53484	244.0
247.0		-0.055397760191704316	0.0016086460977850212	0.32638123685449105	174.65617	174.65617	247.0
250.0		-0.05678065026226891	0.0016086460973666842	0.2709592087763082	176.7775	176.7775	250.0
253.0		-0.05784034437041858	0.0016086460972400392	0.22303180860392652	178.89883	178.89883	253.0
256.0		-0.05864617447947967	0.0016086460972026485	0.18210381009619586	181.02016	181.02016	256.0
259.0		-0.05925429309764723	0.0016086460971918826	0.14758200591434145	183.14149	183.14149	259.0
262.0		-0.059709727547611675	0.0016086460971888594	0.11881527764971003	185.26282	185.26282	262.0
265.0		-0.0600482335911089	0.0016086460971880313	0.0951294844311053	187.38415	187.38415	265.0
268.0		-0.060297934130601735	0.0016086460971878101	0.07585632243618169	189.50548	189.50548	268.0
271.0		-0.06048074161280953	0.0016086460971877527	0.060355855288309085	191.62681	191.62681	271.0
274.0		-0.0606135722497895	0.001608646097187738	0.048032871555048845	193.74814	193.74814	274.0
277.0		-0.060709366667404736	0.0016086460971877342	0.038347573215264566	195.86947	195.86947	277.0
280.0		-0.06077793556872567	0.0016086460971877334	0.030821334100144995	197.9908	197.9908	280.0
283.0		-0.06082665095763114	0.0016086460971877332	0.02503839674788865	200.11213	200.11213	283.0
286.0		-0.06086100388098755	0.0016086460971877332	0.02064441431854399	202.23346	202.23346	286.0
289.0		-0.06088504894563509	0.0016086460971877332	0.017342710168909765	204.35479	204.35479	289.0
292.0		-0.06090175441780621	0.0016086460971877332	0.014889041972992782	206.47612	206.47612	292.0

PVLoggerID = 48843399