start time: Sun Aug 01 13:16:17 EDT 2021

RTBT_Diag:WS24

Name	X Fit	X RMS	Y Fit	Y RMS	Z Fit	Z RMS
-------	-----	-----	-----	-----	-----	-----
Area	94.5949228912035	79.48440057307943	93.0694602004582	86.28777425130208	92.98603643749932	82.13302701158855
Ampl	1.476560569423161	1.3425781250000002	1.8600498599853919	1.8399902343749999	1.7763257259539964	1.6774414062500003
Mean	104.33129730692235	104.85011570763798	102.66424470445588	101.75076068973682	106.74199600400564	112.1697541665378
Sigma	25.55798592627816	20.296025865689902	19.961477101690583	17.63300248879566	20.883591832203987	15.70168872682834
Offset	-0.06170855506465762	0.008642578125	-0.0074264056101580956	0.0030029296875	-0.06906301557745455	0.0015625
Slope	0.0	0.0	0.0	0.0	0.0	0.0

Position	X Raw	Y Raw	Z Raw
--------	-----	-----	-----
25.0		0.008544921875	0.00263671875	0.001513671875	17.67775	17.67775	25.0
28.0		0.008740234375	0.003369140625	0.001611328125	19.79908	19.79908	28.0
31.0		0.00986328125	0.0044921875	0.0029296875	21.92041	21.92041	31.0
34.0		0.009521484375	0.00439453125	0.00234375	24.04174	24.04174	34.0
37.0		0.010107421875	0.005615234375	0.002880859375	26.16307	26.16307	37.0
40.0		0.011181640625	0.00673828125	0.003759765625	28.2844	28.2844	40.0
43.0		0.010986328125	0.00634765625	0.0029296875	30.405730000000002	30.405730000000002	43.0
46.0		0.01171875	0.007666015625	0.004150390625	32.52706	32.52706	46.0
49.0		0.011767578125	0.007861328125	0.003955078125	34.64839	34.64839	49.0
52.0		0.012890625	0.0107421875	0.005078125	36.76972	36.76972	52.0
55.0		0.0140625	0.01767578125	0.006103515625	38.89105	38.89105	55.0
58.0		0.014599609375	0.03994140625	0.006591796875	41.01238	41.01238	58.0
61.0		0.01533203125	0.09970703125	0.007177734375	43.13371	43.13371	61.0
64.0		0.01640625	0.208349609375	0.007373046875	45.25504	45.25504	64.0
67.0		0.0169921875	0.3447265625	0.006982421875	47.37637	47.37637	67.0
70.0		0.020654296875	0.4919921875	0.009033203125	49.4977	49.4977	70.0
73.0		0.026318359375	0.6546875	0.00859375	51.61903	51.61903	73.0
76.0		0.038134765625	0.817333984375	0.009619140625	53.74036	53.74036	76.0
79.0		0.05634765625	0.96982421875	0.010888671875	55.86169	55.86169	79.0
82.0		0.07822265625	1.1326171875	0.01015625	57.98302	57.98302	82.0
85.0		0.10751953125	1.28857421875	0.012060546875	60.104350000000004	60.104350000000004	85.0
88.0		0.142626953125	1.422607421875	0.012646484375	62.225680000000004	62.225680000000004	88.0
91.0		0.186572265625	1.56064453125	0.014111328125	64.34701	64.34701	91.0
94.0		0.251318359375	1.679248046875	0.013916015625	66.46834	66.46834	94.0
97.0		0.3373046875	1.783251953125	0.015380859375	68.58967	68.58967	97.0
100.0		0.435888671875	1.83525390625	0.0166015625	70.711	70.711	100.0
103.0		0.554931640625	1.84599609375	0.017724609375	72.83233	72.83233	103.0
106.0		0.699658203125	1.83828125	0.0177734375	74.95366	74.95366	106.0
109.0		0.81220703125	1.7375	0.02275390625	77.07499	77.07499	109.0
112.0		0.92294921875	1.62236328125	0.03798828125	79.19632	79.19632	112.0
115.0		1.015283203125	1.484521484375	0.10625	81.31765	81.31765	115.0
118.0		1.083544921875	1.326171875	0.303271484375	83.43898	83.43898	118.0
121.0		1.164892578125	1.159814453125	0.5732421875	85.56031	85.56031	121.0
124.0		1.211767578125	0.995556640625	0.899365234375	87.68164	87.68164	124.0
127.0		1.253515625	0.825439453125	1.18974609375	89.80297	89.80297	127.0
130.0		1.284716796875	0.65810546875	1.3734375	91.9243	91.9243	130.0
133.0		1.30419921875	0.501416015625	1.522509765625	94.04563	94.04563	133.0
136.0		1.321533203125	0.3626953125	1.59736328125	96.16696	96.16696	136.0
139.0		1.34228515625	0.22509765625	1.64765625	98.28829	98.28829	139.0
142.0		1.356640625	0.11220703125	1.672412109375	100.40962	100.40962	142.0
145.0		1.36181640625	0.052978515625	1.6966796875	102.53095	102.53095	145.0
148.0		1.35986328125	0.023779296875	1.685595703125	104.65228	104.65228	148.0
151.0		1.356640625	0.013232421875	1.686572265625	106.77361	106.77361	151.0
154.0		1.35732421875	0.00908203125	1.6890625	108.89494	108.89494	154.0
157.0		1.33974609375	0.009423828125	1.674951171875	111.01627	111.01627	157.0
160.0		1.320068359375	0.00712890625	1.68056640625	113.1376	113.1376	160.0
163.0		1.298193359375	0.004736328125	1.68046875	115.25893	115.25893	163.0
166.0		1.26259765625	0.006201171875	1.682568359375	117.38026	117.38026	166.0
169.0		1.228759765625	0.0048828125	1.68505859375	119.50159000000001	119.50159000000001	169.0
172.0		1.1828125	0.005078125	1.69609375	121.62292000000001	121.62292000000001	172.0
175.0		1.145166015625	0.004833984375	1.683740234375	123.74425000000001	123.74425000000001	175.0
178.0		1.088671875	9.765625E-4	1.666943359375	125.86558000000001	125.86558000000001	178.0
181.0		1.001318359375	0.003271484375	1.605224609375	127.98691000000001	127.98691000000001	181.0
184.0		0.962548828125	0.0037109375	1.5560546875	130.10824	130.10824	184.0
187.0		0.851708984375	-1.46484375E-4	1.433837890625	132.22957	132.22957	187.0
190.0		0.7359375	0.002197265625	1.213525390625	134.3509	134.3509	190.0
193.0		0.595703125	2.44140625E-4	0.921923828125	136.47223	136.47223	193.0
196.0		0.4650390625	0.001904296875	0.52783203125	138.59356	138.59356	196.0
199.0		0.342431640625	4.8828125E-5	0.23525390625	140.71489	140.71489	199.0
202.0		0.2564453125	6.8359375E-4	0.071875	142.83622	142.83622	202.0
205.0		0.193115234375	6.34765625E-4	0.03193359375	144.95755	144.95755	205.0
208.0		0.15166015625	-9.765625E-4	0.0240234375	147.07888	147.07888	208.0
211.0		0.118115234375	-0.001611328125	0.021728515625	149.20021	149.20021	211.0
214.0		0.08857421875	-0.001708984375	0.02080078125	151.32154	151.32154	214.0
217.0		0.05966796875	-0.002783203125	0.018603515625	153.44287	153.44287	217.0
220.0		0.040966796875	-0.001806640625	0.019140625	155.5642	155.5642	220.0
223.0		0.02802734375	-0.00322265625	0.01748046875	157.68553	157.68553	223.0
226.0		0.02001953125	-0.0029296875	0.01689453125	159.80686	159.80686	226.0
229.0		0.017431640625	-0.003173828125	0.01708984375	161.92819	161.92819	229.0
232.0		0.016796875	-0.003076171875	0.016650390625	164.04952	164.04952	232.0
235.0		0.015771484375	-0.00283203125	0.015771484375	166.17085	166.17085	235.0
238.0		0.015478515625	-0.002978515625	0.0154296875	168.29218	168.29218	238.0
241.0		0.014892578125	-0.003076171875	0.01474609375	170.41351	170.41351	241.0
244.0		0.014306640625	-0.00302734375	0.014404296875	172.53484	172.53484	244.0
247.0		0.0134765625	-0.003564453125	0.013330078125	174.65617	174.65617	247.0
250.0		0.0130859375	-0.00380859375	0.013427734375	176.7775	176.7775	250.0
253.0		0.012646484375	-0.004052734375	0.012353515625	178.89883	178.89883	253.0
256.0		0.0125	-0.0037109375	0.0125	181.02016	181.02016	256.0
259.0		0.01220703125	-0.00361328125	0.011865234375	183.14149	183.14149	259.0
262.0		0.01142578125	-0.004296875	0.011376953125	185.26282	185.26282	262.0
265.0		0.011328125	-0.0037109375	0.0111328125	187.38415	187.38415	265.0
268.0		0.010546875	-0.004052734375	0.010498046875	189.50548	189.50548	268.0
271.0		0.009619140625	-0.0046875	0.0095703125	191.62681	191.62681	271.0
274.0		0.00947265625	-0.00439453125	0.009375	193.74814	193.74814	274.0
277.0		0.00908203125	-0.004541015625	0.009033203125	195.86947	195.86947	277.0
280.0		0.009619140625	-0.004296875	0.00908203125	197.9908	197.9908	280.0
283.0		0.00888671875	-0.00419921875	0.00908203125	200.11213	200.11213	283.0
286.0		0.008203125	-0.00439453125	0.008544921875	202.23346	202.23346	286.0
289.0		0.00859375	-0.004443359375	0.008251953125	204.35479	204.35479	289.0
292.0		0.0080078125	-0.0044921875	0.007275390625	206.47612	206.47612	292.0

Position	X Fit	Y Fit	Z Fit
--------	-----	-----	-----
25.0		-0.05706664000077823	-0.00604378921845167	-0.06654306913288677	17.67775	17.67775	25.0
28.0		-0.05555408096353892	-0.005299165053583025	-0.06643485984904683	19.79908	19.79908	28.0
31.0		-0.05361360040469742	-0.0040457563287655575	-0.06627385115960537	21.92041	21.92041	31.0
34.0		-0.05114280442430983	-0.0019864076805887927	-0.06603687902878277	24.04174	24.04174	34.0
37.0		-0.048020463830631174	0.001315650863480248	-0.06569189834191823	26.16307	26.16307	37.0
40.0		-0.044104637464198	0.006482012089606301	-0.0651951606111186	28.2844	28.2844	40.0
43.0		-0.03923104781836907	0.014367831418435572	-0.06448773873153693	30.405730000000002	30.405730000000002	43.0
46.0		-0.033211858587505846	0.026108027127646153	-0.06349134362020889	32.52706	32.52706	46.0
49.0		-0.025835024942099397	0.043151555768676325	-0.062103412985165224	34.64839	34.64839	49.0
52.0		-0.016864403906010177	0.06727114793107888	-0.0601915063959835	36.76972	36.76972	52.0
55.0		-0.0060408217645112824	0.10053360006205579	-0.057587115780351396	38.89105	38.89105	55.0
58.0		0.006915704591870513	0.14521545535724537	-0.05407909753624855	41.01238	41.01238	58.0
61.0		0.022302407581257948	0.2036517907423121	-0.04940705048264671	43.13371	43.13371	61.0
64.0		0.040428711684322084	0.27801269742868506	-0.04325509870303412	45.25504	45.25504	64.0
67.0		0.06160956297550247	0.37001307787023374	-0.03524668206825093	47.37637	47.37637	67.0
70.0		0.08615708855610615	0.48057574824535826	-0.024941097785900132	49.4977	49.4977	70.0
73.0		0.11437060482608166	0.6094834980794883	-0.011832657441729975	51.61903	51.61903	73.0
76.0		0.14652508446251844	0.7550695868744965	0.0046465942305451285	53.74036	53.74036	76.0
79.0		0.18285829505934015	0.9140044036200363	0.025119632440084458	55.86169	55.86169	79.0
82.0		0.22355693314064135	1.0812351416402446	0.05025177482578305	57.98302	57.98302	82.0
85.0		0.2687421897476802	1.250123048261466	0.08073183893314444	60.104350000000004	60.104350000000004	85.0
88.0		0.3184552908201819	1.4127989890364447	0.11724668654480618	62.225680000000004	62.225680000000004	88.0
91.0		0.372643649049101	1.560725370032806	0.1604491158315598	64.34701	64.34701	91.0
94.0		0.4311483352703123	1.6854161989674714	0.21091958603778432	66.46834	66.46834	94.0
97.0		0.4936936185136179	1.7792343328325824	0.26912287428417403	68.58967	68.58967	97.0
100.0		0.5598793271553839	1.836163108151127	0.33536143010263364	70.711	70.711	100.0
103.0		0.6291767435347956	1.8524443550588114	0.40972785496438463	72.83233	72.83233	103.0
106.0		0.7009286575218481	1.8269888244157246	0.4920595233479983	74.95366	74.95366	106.0
109.0		0.774354070450144	1.7614967399411134	0.5818988039897941	77.07499	77.07499	109.0
112.0		0.8485578624868173	1.6602699347376848	0.678462560893401	79.19632	79.19632	112.0
115.0		0.9225455203775248	1.529744418155281	0.7806245495317612	81.31765	81.31765	115.0
118.0		0.9952427784768992	1.3778139527164106	0.8869139302500784	83.43898	83.43898	118.0
121.0		1.0655197669706082	1.2130433537730165	0.9955323825079694	85.56031	85.56031	121.0
124.0		1.1322190024336816	1.0438799884351495	1.1043912397506932	87.68164	87.68164	124.0
127.0		1.1941863138958346	0.8779627202474451	1.21116873302961	89.80297	89.80297	127.0
130.0		1.2503035890919303	0.7216027088625829	1.3133859264003342	91.9243	91.9243	130.0
133.0		1.299522066123244	0.5794763089569972	1.4084983733691994	94.04563	94.04563	133.0
136.0		1.3408947984843425	0.45453426973116967	1.493999065270503	96.16696	96.16696	136.0
139.0		1.3736068958817722	0.34810032963931187	1.5675270279671027	98.28829	98.28829	139.0
142.0		1.39700219453231	0.26011090083315735	1.6269750888390442	100.40962	100.40962	142.0
145.0		1.4106051386126945	0.18943786711289648	1.6705899886435902	102.53095	102.53095	145.0
148.0		1.4141368538527868	0.13423791885262754	1.6970582158251446	104.65228	104.65228	148.0
151.0		1.4075246544440765	0.0922816552394286	1.705571703900922	106.77361	106.77361	151.0
154.0		1.3909045305680472	0.06123022954058792	1.6958688077752673	108.89494	108.89494	154.0
157.0		1.3646164976335238	0.038842924987036204	1.6682476598734581	111.01627	111.01627	157.0
160.0		1.3291930293884218	0.023112811342953215	1.6235509548456628	113.1376	113.1376	160.0
163.0		1.2853411245337314	0.012337778947383585	1.5631232462621933	115.25893	115.25893	163.0
166.0		1.2339188504278031	0.005140191882320135	1.488743774541042	117.38026	117.38026	166.0
169.0		1.1759074505290168	4.5050269624747567E-4	1.4025395076425715	119.50159000000001	119.50159000000001	169.0
172.0		1.1123802807314846	-0.002530638883492884	1.306884320342495	121.62292000000001	121.62292000000001	172.0
175.0		1.0444699447230734	-0.004379835690179598	1.2042909651197677	123.74425000000001	123.74425000000001	175.0
178.0		0.9733350261646704	-0.005499315346236278	1.0973026537490604	125.86558000000001	125.86558000000001	178.0
181.0		0.9001277673835507	-0.006160836787098657	0.9883906869478936	127.98691000000001	127.98691000000001	181.0
184.0		0.8259639268929864	-0.006542448116035254	0.8798637064483855	130.10824	130.10824	184.0
187.0		0.7518958721559504	-0.006757378139750114	0.7737929090176444	132.22957	132.22957	187.0
190.0		0.6788897436105907	-0.006875577482888736	0.6719560927391703	134.3509	134.3509	190.0
193.0		0.607807277110996	-0.006939054182810266	0.5758018510280793	136.47223	136.47223	193.0
196.0		0.5393926113901663	-0.006972345437551884	0.48643373257871514	138.59356	138.59356	196.0
199.0		0.47426415118153487	-0.006989398185652264	0.4046128687942669	140.71489	140.71489	199.0
202.0		0.4129113198522427	-0.006997929890877001	0.3307765263599764	142.83622	142.83622	202.0
205.0		0.35569582986680603	-0.00700209936039414	0.2650693266429328	144.95755	144.95755	205.0
208.0		0.3028569340009469	-0.007004089819190388	0.207383502561922	147.07888	147.07888	208.0
211.0		0.2545200003567016	-0.007005018090421489	0.15740451970468805	149.20021	149.20021	211.0
214.0		0.21070768177710264	-0.0070054410179570155	0.11465862599711686	151.32154	151.32154	214.0
217.0		0.17135292385399375	-0.007005629272228536	0.07855934827777149	153.44287	153.44287	217.0
220.0		0.13631307122097014	-0.007005711142928652	0.04845055040448565	155.5642	155.5642	220.0
223.0		0.10538438293440416	-0.007005745931182573	0.023644331421356857	157.68553	157.68553	223.0
226.0		0.07831634674839816	-0.007005760374658402	0.003452706538405209	159.80686	159.80686	226.0
229.0		0.054825280563644836	-0.00700576623414013	-0.01278737637639446	161.92819	161.92819	229.0
232.0		0.03460681883750518	-0.007005768556917378	-0.02569561530720485	164.04952	164.04952	232.0
235.0		0.017346994413503937	-0.00700576945668094	-0.035836056958987506	166.17085	166.17085	235.0
238.0		0.002731735217436422	-0.00700576979727144	-0.04371017507272018	168.29218	168.29218	238.0
241.0		-0.009545304938784312	-0.007005769923259688	-0.049754414545890226	170.41351	170.41351	241.0
244.0		-0.019776575627272752	-0.007005769968803603	-0.054341233933102286	172.53484	172.53484	244.0
247.0		-0.028236042478557724	-0.0070057699848930935	-0.057782703807516565	174.65617	174.65617	247.0
250.0		-0.035176052555073695	-0.007005769990447968	-0.06033580347487069	176.7775	176.7775	250.0
253.0		-0.04082548435396492	-0.007005769992322244	-0.0622086814971659	178.89883	178.89883	253.0
256.0		-0.04538899253452636	-0.0070057699929403005	-0.06356728670509781	181.02016	181.02016	256.0
259.0		-0.04904714929186478	-0.007005769993139489	-0.0645419198505155	183.14149	183.14149	259.0
262.0		-0.051957287458582364	-0.00700576999320223	-0.06523338997997352	185.26282	185.26282	262.0
265.0		-0.05425486237342246	-0.007005769993221544	-0.06571857636175636	187.38415	187.38415	265.0
268.0		-0.05605516777585077	-0.0070057699932273565	-0.06605529242285688	189.50548	189.50548	268.0
271.0		-0.05745526310518648	-0.007005769993229065	-0.06628642167644277	191.62681	191.62681	271.0
274.0		-0.05853599352869449	-0.007005769993229556	-0.06644334824358429	193.74814	193.74814	274.0
277.0		-0.05936400808319574	-0.007005769993229694	-0.06654873888673382	195.86947	195.86947	277.0
280.0		-0.05999370416861631	-0.007005769993229732	-0.06661875278192349	197.9908	197.9908	280.0
283.0		-0.06046904734470201	-0.007005769993229743	-0.06666476304694896	200.11213	200.11213	283.0
286.0		-0.06082523337335375	-0.007005769993229745	-0.06669467360018938	202.23346	202.23346	286.0
289.0		-0.06109017444331709	-0.007005769993229746	-0.06671390910346348	204.35479	204.35479	289.0
292.0		-0.06128580348247863	-0.007005769993229746	-0.0667261468533768	206.47612	206.47612	292.0
RTBT_Diag:WS23

Name	X Fit	X RMS	Y Fit	Y RMS	Z Fit	Z RMS
-------	-----	-----	-----	-----	-----	-----
Area	94.5236588576587	84.53925363314615	96.40399876519263	84.646474609375	94.42135583303771	83.26344086321615
Ampl	2.2952949596833236	2.24501953125	1.6941114740408985	1.6044921875	1.2262368546979618	1.1674316406250003
Mean	101.31297288122678	100.3499606097794	100.11126433599094	100.28254407491453	101.42394357698291	114.81835456827174
Sigma	16.42903621492034	13.691313004915404	22.7019483053654	18.20180259497686	30.718919326483196	21.652323419572078
Offset	-0.02288585163173814	-0.0081787109375	-0.029693035988848517	-7.32421875E-5	-0.07520835721937634	-0.0019775390625
Slope	0.0	0.0	0.0	0.0	0.0	0.0

Position	X Raw	Y Raw	Z Raw
--------	-----	-----	-----
25.0		-0.0083984375	-2.44140625E-4	-0.001904296875	17.67775	17.67775	25.0
28.0		-0.007958984375	9.765625E-5	-0.00205078125	19.79908	19.79908	28.0
31.0		-0.00810546875	2.44140625E-4	-0.0017578125	21.92041	21.92041	31.0
34.0		-0.007275390625	0.001171875	-0.001318359375	24.04174	24.04174	34.0
37.0		-0.00693359375	0.00126953125	-0.0013671875	26.16307	26.16307	37.0
40.0		-0.005810546875	0.002734375	-9.765625E-5	28.2844	28.2844	40.0
43.0		-0.00751953125	0.001220703125	-0.00166015625	30.405730000000002	30.405730000000002	43.0
46.0		-0.0068359375	0.00224609375	-8.30078125E-4	32.52706	32.52706	46.0
49.0		-0.00673828125	0.002001953125	-0.001220703125	34.64839	34.64839	49.0
52.0		-0.00751953125	0.002783203125	-8.7890625E-4	36.76972	36.76972	52.0
55.0		-0.00673828125	0.011767578125	-0.001318359375	38.89105	38.89105	55.0
58.0		-0.0068359375	0.052587890625	-5.37109375E-4	41.01238	41.01238	58.0
61.0		-0.005908203125	0.155224609375	-0.001025390625	43.13371	43.13371	61.0
64.0		-0.00576171875	0.29716796875	-0.00126953125	45.25504	45.25504	64.0
67.0		-0.006884765625	0.444140625	-9.765625E-4	47.37637	47.37637	67.0
70.0		-0.003076171875	0.60615234375	0.001220703125	49.4977	49.4977	70.0
73.0		-0.00146484375	0.776171875	0.005419921875	51.61903	51.61903	73.0
76.0		-0.001171875	0.9546875	0.001171875	53.74036	53.74036	76.0
79.0		-3.90625E-4	1.131787109375	0.004248046875	55.86169	55.86169	79.0
82.0		0.001806640625	1.2841796875	0.005078125	57.98302	57.98302	82.0
85.0		0.002880859375	1.4095703125	0.007666015625	60.104350000000004	60.104350000000004	85.0
88.0		0.009375	1.48603515625	0.0025390625	62.225680000000004	62.225680000000004	88.0
91.0		0.034912109375	1.541748046875	0.0083984375	64.34701	64.34701	91.0
94.0		0.071435546875	1.57744140625	0.014697265625	66.46834	66.46834	94.0
97.0		0.115283203125	1.59853515625	0.0267578125	68.58967	68.58967	97.0
100.0		0.194384765625	1.604345703125	0.07265625	70.711	70.711	100.0
103.0		0.31298828125	1.605224609375	0.152685546875	72.83233	72.83233	103.0
106.0		0.461865234375	1.572509765625	0.267578125	74.95366	74.95366	106.0
109.0		0.67578125	1.541552734375	0.43173828125	77.07499	77.07499	109.0
112.0		0.924169921875	1.4974609375	0.634765625	79.19632	79.19632	112.0
115.0		1.14921875	1.404052734375	0.784619140625	81.31765	81.31765	115.0
118.0		1.3498046875	1.2947265625	0.89892578125	83.43898	83.43898	118.0
121.0		1.545263671875	1.1453125	0.993896484375	85.56031	85.56031	121.0
124.0		1.70263671875	0.985205078125	1.066357421875	87.68164	87.68164	124.0
127.0		1.830615234375	0.816357421875	1.106982421875	89.80297	89.80297	127.0
130.0		1.973095703125	0.6466796875	1.1484375	91.9243	91.9243	130.0
133.0		2.054931640625	0.470068359375	1.167919921875	94.04563	94.04563	133.0
136.0		2.129296875	0.317724609375	1.187060546875	96.16696	96.16696	136.0
139.0		2.1853515625	0.16298828125	1.19296875	98.28829	98.28829	139.0
142.0		2.228662109375	0.047900390625	1.18857421875	100.40962	100.40962	142.0
145.0		2.2220703125	0.021826171875	1.204638671875	102.53095	102.53095	145.0
148.0		2.187939453125	0.0107421875	1.189111328125	104.65228	104.65228	148.0
151.0		2.116357421875	0.01025390625	1.1837890625	106.77361	106.77361	151.0
154.0		2.04443359375	0.006787109375	1.185400390625	108.89494	108.89494	154.0
157.0		1.903759765625	0.0041015625	1.17607421875	111.01627	111.01627	157.0
160.0		1.761083984375	0.010107421875	1.18076171875	113.1376	113.1376	160.0
163.0		1.585693359375	0.001220703125	1.1634765625	115.25893	115.25893	163.0
166.0		1.36982421875	0.0037109375	1.1689453125	117.38026	117.38026	166.0
169.0		1.186572265625	0.003759765625	1.16591796875	119.50159000000001	119.50159000000001	169.0
172.0		0.90908203125	0.00126953125	1.1740234375	121.62292000000001	121.62292000000001	172.0
175.0		0.638720703125	0.004052734375	1.175244140625	123.74425000000001	123.74425000000001	175.0
178.0		0.413134765625	-0.01064453125	1.162060546875	125.86558000000001	125.86558000000001	178.0
181.0		0.28447265625	0.00546875	1.1802734375	127.98691000000001	127.98691000000001	181.0
184.0		0.178271484375	0.003076171875	1.170849609375	130.10824	130.10824	184.0
187.0		0.08876953125	-0.00263671875	1.169189453125	132.22957	132.22957	187.0
190.0		0.04443359375	0.002587890625	1.171923828125	134.3509	134.3509	190.0
193.0		0.01396484375	5.859375E-4	1.151171875	136.47223	136.47223	193.0
196.0		-0.001220703125	0.00107421875	1.1171875	138.59356	138.59356	196.0
199.0		-0.006982421875	-4.8828125E-5	1.090625	140.71489	140.71489	199.0
202.0		-0.001953125	0.005908203125	1.045751953125	142.83622	142.83622	202.0
205.0		-0.004931640625	0.002978515625	0.979443359375	144.95755	144.95755	205.0
208.0		-0.002587890625	0.003271484375	0.8955078125	147.07888	147.07888	208.0
211.0		-0.00380859375	9.27734375E-4	0.759423828125	149.20021	149.20021	211.0
214.0		0.002734375	0.005712890625	0.5703125	151.32154	151.32154	214.0
217.0		1.953125E-4	0.005712890625	0.3611328125	153.44287	153.44287	217.0
220.0		-0.00234375	0.002880859375	0.196728515625	155.5642	155.5642	220.0
223.0		-9.27734375E-4	0.002783203125	0.080810546875	157.68553	157.68553	223.0
226.0		-0.004052734375	-0.001416015625	0.027880859375	159.80686	159.80686	226.0
229.0		-0.002490234375	-9.27734375E-4	0.012646484375	161.92819	161.92819	229.0
232.0		-0.005322265625	-0.003076171875	0.004150390625	164.04952	164.04952	232.0
235.0		-0.005322265625	-0.00263671875	0.004345703125	166.17085	166.17085	235.0
238.0		-0.003857421875	-0.0017578125	0.00537109375	168.29218	168.29218	238.0
241.0		-0.004931640625	-0.00224609375	0.0048828125	170.41351	170.41351	241.0
244.0		-0.005712890625	-0.002490234375	0.003515625	172.53484	172.53484	244.0
247.0		-0.006640625	-0.002978515625	0.002099609375	174.65617	174.65617	247.0
250.0		-0.006494140625	-0.0025390625	0.002587890625	176.7775	176.7775	250.0
253.0		-0.006005859375	-0.00244140625	0.003173828125	178.89883	178.89883	253.0
256.0		-0.007275390625	-0.002783203125	0.001416015625	181.02016	181.02016	256.0
259.0		-0.0072265625	-0.00283203125	0.002099609375	183.14149	183.14149	259.0
262.0		-0.006201171875	-0.0025390625	0.002001953125	185.26282	185.26282	262.0
265.0		-0.005126953125	-0.0015625	0.00322265625	187.38415	187.38415	265.0
268.0		-0.005712890625	-0.002197265625	0.00341796875	189.50548	189.50548	268.0
271.0		-0.00810546875	-0.003271484375	8.30078125E-4	191.62681	191.62681	271.0
274.0		-0.00732421875	-0.00244140625	9.27734375E-4	193.74814	193.74814	274.0
277.0		-0.0064453125	-0.002294921875	0.00244140625	195.86947	195.86947	277.0
280.0		-0.007763671875	-0.003076171875	9.765625E-4	197.9908	197.9908	280.0
283.0		-0.007568359375	-0.0025390625	0.001318359375	200.11213	200.11213	283.0
286.0		-0.007568359375	-0.0025390625	3.41796875E-4	202.23346	202.23346	286.0
289.0		-0.00771484375	-0.002880859375	6.34765625E-4	204.35479	204.35479	289.0
292.0		-0.0083984375	-0.00341796875	-5.859375E-4	206.47612	206.47612	292.0

Position	X Fit	Y Fit	Z Fit
--------	-----	-----	-----
25.0		-0.022461164038733092	-0.022382426238521297	-0.0425659385152757	17.67775	17.67775	25.0
28.0		-0.022456130380568012	-0.018568783759567005	-0.03646350457225437	19.79908	19.79908	28.0
31.0		-0.022446842030538757	-0.013007375787338626	-0.02932133151615037	21.92041	21.92041	31.0
34.0		-0.022429996905045005	-0.005051707306789208	-0.021007787479024258	24.04174	24.04174	34.0
37.0		-0.022399972515847636	0.006110356572969832	-0.011383822197339202	26.16307	26.16307	37.0
40.0		-0.022347380430788575	0.021467372200963262	-3.044291204667843E-4	28.2844	28.2844	40.0
43.0		-0.02225685026158362	0.04218166154007699	0.012379461036857747	30.405730000000002	30.405730000000002	43.0
46.0		-0.02210371623166301	0.06956748266679971	0.026818633579659065	32.52706	32.52706	46.0
49.0		-0.02184919016988759	0.10504454059594012	0.043162780625652694	34.64839	34.64839	49.0
52.0		-0.021433519408114436	0.15006260587741607	0.06155723508925959	36.76972	36.76972	52.0
55.0		-0.020766566205947946	0.2059954498894071	0.082139270949499	38.89105	38.89105	55.0
58.0		-0.01971523623267481	0.27400595470752886	0.10503401230981155	41.01238	41.01238	58.0
61.0		-0.01808726620377426	0.3548888978402288	0.13035001461924964	43.13371	43.13371	61.0
64.0		-0.015611101212350556	0.44890306227808013	0.1581746030067558	45.25504	45.25504	64.0
67.0		-0.011911998350878838	0.5556092352537277	0.18856907410662901	47.37637	47.37637	67.0
70.0		-0.00648512414956039	0.6737344077210009	0.22156388802076107	49.4977	49.4977	70.0
73.0		0.0013327142470632679	0.8010841043136754	0.2571539950796484	51.61903	51.61903	73.0
76.0		0.01238997367763519	0.934523446765562	0.2952944566961473	53.74036	53.74036	76.0
79.0		0.027741956710535358	1.0700428293693305	0.33589652973589335	55.86169	55.86169	79.0
82.0		0.048661897286312934	1.2029160467871451	0.3788243884186251	57.98302	57.98302	82.0
85.0		0.07663540064779059	1.32794807795013	0.4238926559252473	60.104350000000004	60.104350000000004	85.0
88.0		0.11333163556905496	1.439797816057951	0.4708649089409227	62.225680000000004	62.225680000000004	88.0
91.0		0.16054506187863316	1.5333496068517516	0.5194533019166053	64.34701	64.34701	91.0
94.0		0.22010298482392893	1.604098434607839	0.5693194338121613	66.46834	66.46834	94.0
97.0		0.29373704669897427	1.6485086943068676	0.6200765487949097	68.58967	68.58967	97.0
100.0		0.38292090376733107	1.664306865147584	0.6712931244999234	70.711	70.711	100.0
103.0		0.48868155428801513	1.6506743754254525	0.7224978580953453	72.83233	72.83233	103.0
106.0		0.6113975581473012	1.6083178850650397	0.7731860129875953	74.95366	74.95366	106.0
109.0		0.7506029255725782	1.5394085860469255	0.8228270393188337	77.07499	77.07499	109.0
112.0		0.9048197634919793	1.4473977782570995	0.8708733314747915	79.19632	79.19632	112.0
115.0		1.071444815345552	1.3367305262847282	0.916769937818763	81.31765	81.31765	115.0
118.0		1.24671392019132	1.2124904548260016	0.9599649940361304	83.43898	83.43898	118.0
121.0		1.4257636138637784	1.0800151154388777	0.9999206139909552	85.56031	85.56031	121.0
124.0		1.60280060644541	0.9445221483310433	1.0361239428580393	87.68164	87.68164	124.0
127.0		1.7713783582491278	0.8107819212834703	1.0680980581981747	89.80297	89.80297	127.0
130.0		1.9247667507960218	0.6828635558232593	1.0954123968848057	91.9243	91.9243	130.0
133.0		2.0563877249765823	0.5639699352639221	1.1176923901693534	94.04563	94.04563	133.0
136.0		2.1602787855629506	0.4563653472288814	1.134628005938307	96.16696	96.16696	136.0
139.0		2.2315393779346677	0.36138863038170427	1.1459809260289726	98.28829	98.28829	139.0
142.0		2.2667137621274804	0.2795364323980995	1.151590126406009	100.40962	100.40962	142.0
145.0		2.2640687664449515	0.21059620659167663	1.1513756775768285	102.53095	102.53095	145.0
148.0		2.223735339864612	0.15380700654910437	1.1453406398715398	104.65228	104.65228	148.0
151.0		2.1476978063952843	0.10802756290074586	1.1335709907700582	106.77361	106.77361	151.0
154.0		2.0396320491161126	0.07189474990602082	1.116233586688591	108.89494	108.89494	154.0
157.0		1.9046109968364633	0.043960409633369044	1.0935722267645347	111.01627	111.01627	157.0
160.0		1.7487102639979126	0.022799662489004963	1.065901948432749	113.1376	113.1376	160.0
163.0		1.5785565872216987	0.007088532802649452	1.0336017413462617	115.25893	115.25893	163.0
166.0		1.4008656044720462	-0.004347548915534245	0.9971059151234828	117.38026	117.38026	166.0
169.0		1.2220133177422334	-0.012510272876443507	0.9568943955658812	119.50159000000001	119.50159000000001	169.0
172.0		1.0476780192793962	-0.01822457538848573	0.913482251942952	121.62292000000001	121.62292000000001	172.0
175.0		0.8825780672701499	-0.022148616371304178	0.8674087738011287	123.74425000000001	123.74425000000001	175.0
178.0		0.7303176377283273	-0.024792298957434036	0.8192264192247812	125.86558000000001	125.86558000000001	178.0
181.0		0.5933394922738133	-0.026539916996616952	0.7694899478510893	127.98691000000001	127.98691000000001	181.0
184.0		0.4729726450231914	-0.027673608502373465	0.7187460320573452	130.10824	130.10824	184.0
187.0		0.36955481118959155	-0.028395378499174662	0.6675236099257454	132.22957	132.22957	187.0
190.0		0.28260524354952654	-0.02884640089499893	0.6163252055704698	134.3509	134.3509	190.0
193.0		0.2110229340286299	-0.02912304953885053	0.565619398198292	136.47223	136.47223	193.0
196.0		0.15328757843414711	-0.029289629391017456	0.5158345730534631	138.59356	138.59356	196.0
199.0		0.10764524662230318	-0.029388100580506824	0.4673540374088876	140.71489	140.71489	199.0
202.0		0.07226632634676158	-0.02944525045864427	0.4205125351839486	142.83622	142.83622	202.0
205.0		0.04536904823292392	-0.029477816511252877	0.3755941466015107	144.95755	144.95755	205.0
208.0		0.025306991719797153	-0.029496037872052128	0.33283151629231145	147.07888	147.07888	208.0
211.0		0.010622934263969631	-0.02950604899298714	0.29240631583871957	149.20021	149.20021	211.0
214.0		7.403754168203505E-5	-0.029511450183606028	0.2544508159760642	151.32154	151.32154	214.0
217.0		-0.0073652974450256065	-0.02951431184605529	0.2190504202013234	153.44287	153.44287	217.0
220.0		-0.012516324257409705	-0.02951580081379296	0.18624699564911115	155.5642	155.5642	220.0
223.0		-0.01601855559266819	-0.0295165616739455	0.1560428286898014	157.68553	157.68553	223.0
226.0		-0.018357065649643345	-0.029516943522077857	0.12840503136373735	159.80686	159.80686	226.0
229.0		-0.019890705724799222	-0.029517131737590525	0.10327022979541023	161.92819	161.92819	229.0
232.0		-0.020878664842846437	-0.029517222856984767	0.08054937622899927	164.04952	164.04952	232.0
235.0		-0.021503870828268094	-0.029517266184905237	0.060132541245947746	166.17085	166.17085	235.0
238.0		-0.021892566365027753	-0.029517286421465568	0.04189356094551441	168.29218	168.29218	238.0
241.0		-0.022129992596856475	-0.0295172957052901	0.0256944342582391	170.41351	170.41351	241.0
244.0		-0.022272490411809	-0.02951729988886419	0.011389387032896645	172.53484	172.53484	244.0
247.0		-0.02235652793357194	-0.02951730174071799	-0.0011714589050558777	174.65617	174.65617	247.0
250.0		-0.02240522993142318	-0.029517302545934147	-0.012138852747699914	176.7775	176.7775	250.0
253.0		-0.022432966317153042	-0.02951730288986585	-0.021661639490860467	178.89883	178.89883	253.0
256.0		-0.022448490252481683	-0.02951730303417465	-0.029884447006952856	181.02016	181.02016	256.0
259.0		-0.02245702951602415	-0.02951730309365601	-0.03694582507310214	183.14149	183.14149	259.0
262.0		-0.022461646113741327	-0.029517303117740784	-0.04297681383213971	185.26282	185.26282	262.0
265.0		-0.022464099250805777	-0.029517303127321187	-0.048099909676455145	187.38415	187.38415	265.0
268.0		-0.02246538050052991	-0.029517303131064963	-0.052428389700602596	189.50548	189.50548	268.0
271.0		-0.02246603826582186	-0.02951730313250219	-0.056065951503206646	191.62681	191.62681	271.0
274.0		-0.022466370194985236	-0.02951730313304424	-0.05910662298726179	193.74814	193.74814	274.0
277.0		-0.022466534847518056	-0.02951730313324508	-0.06163489661055724	195.86947	195.86947	277.0
280.0		-0.02246661513548586	-0.029517303133318188	-0.06372604394350766	197.9908	197.9908	280.0
283.0		-0.022466653621361025	-0.029517303133344334	-0.06544656905871929	200.11213	200.11213	283.0
286.0		-0.022466671756892737	-0.029517303133353517	-0.06685476287147935	202.23346	202.23346	286.0
289.0		-0.022466680158180072	-0.02951730313335669	-0.06800132476133756	204.35479	204.35479	289.0
292.0		-0.02246668398427785	-0.029517303133357764	-0.06893002235289644	206.47612	206.47612	292.0
RTBT_Diag:WS21

Name	X Fit	X RMS	Y Fit	Y RMS	Z Fit	Z RMS
-------	-----	-----	-----	-----	-----	-----
Area	94.86318557656132	84.51113668839518	96.23254686641727	83.57337565104167	95.38773758043756	83.94910508238934
Ampl	2.3773978849692243	2.276611328125	1.694321092856392	1.58740234375	1.1814754745152518	1.123193359375
Mean	97.65728581462972	97.05187572834868	100.13615693637128	99.13676512900867	101.79028144209656	116.17315433410243
Sigma	15.918637691791998	12.936758417819497	22.658769850408888	17.72219585088947	32.20904908608998	22.54891652651602
Offset	-0.012229938117391917	0.00693359375	-0.029108250748719675	-0.003857421875	-0.0680043523252118	0.0048583984375
Slope	0.0	0.0	0.0	0.0	0.0	0.0

Position	X Raw	Y Raw	Z Raw
--------	-----	-----	-----
25.0		0.006591796875	-0.00380859375	0.004638671875	17.67775	17.67775	25.0
28.0		0.007275390625	-0.00390625	0.005078125	19.79908	19.79908	28.0
31.0		0.0072265625	-0.003955078125	0.00498046875	21.92041	21.92041	31.0
34.0		0.007080078125	-0.003955078125	0.0048828125	24.04174	24.04174	34.0
37.0		0.0072265625	-0.003466796875	0.004833984375	26.16307	26.16307	37.0
40.0		0.00751953125	-0.003662109375	0.005078125	28.2844	28.2844	40.0
43.0		0.006396484375	-0.00439453125	0.00458984375	30.405730000000002	30.405730000000002	43.0
46.0		0.0080078125	-0.002490234375	0.00546875	32.52706	32.52706	46.0
49.0		0.007470703125	-0.00302734375	0.005126953125	34.64839	34.64839	49.0
52.0		0.007373046875	-2.44140625E-4	0.004931640625	36.76972	36.76972	52.0
55.0		0.00771484375	0.0189453125	0.004931640625	38.89105	38.89105	55.0
58.0		0.007666015625	0.074072265625	0.0052734375	41.01238	41.01238	58.0
61.0		0.0072265625	0.167822265625	0.00517578125	43.13371	43.13371	61.0
64.0		0.007373046875	0.31162109375	0.0048828125	45.25504	45.25504	64.0
67.0		0.006494140625	0.46416015625	0.0044921875	47.37637	47.37637	67.0
70.0		0.00830078125	0.635302734375	0.006787109375	49.4977	49.4977	70.0
73.0		0.008203125	0.812744140625	0.006201171875	51.61903	51.61903	73.0
76.0		0.006982421875	1.003369140625	0.004443359375	53.74036	53.74036	76.0
79.0		0.007470703125	1.2005859375	0.00615234375	55.86169	55.86169	79.0
82.0		0.010595703125	1.35107421875	0.008642578125	57.98302	57.98302	82.0
85.0		0.012451171875	1.44697265625	0.009130859375	60.104350000000004	60.104350000000004	85.0
88.0		0.024365234375	1.5013671875	0.00849609375	62.225680000000004	62.225680000000004	88.0
91.0		0.060302734375	1.530810546875	0.013037109375	64.34701	64.34701	91.0
94.0		0.12744140625	1.55654296875	0.02822265625	66.46834	66.46834	94.0
97.0		0.207275390625	1.574609375	0.050732421875	68.58967	68.58967	97.0
100.0		0.3369140625	1.5796875	0.11259765625	70.711	70.711	100.0
103.0		0.519384765625	1.5876953125	0.205419921875	72.83233	72.83233	103.0
106.0		0.72568359375	1.555078125	0.32822265625	74.95366	74.95366	106.0
109.0		0.999951171875	1.52783203125	0.476513671875	77.07499	77.07499	109.0
112.0		1.3130859375	1.483251953125	0.641650390625	79.19632	79.19632	112.0
115.0		1.52587890625	1.376611328125	0.763427734375	81.31765	81.31765	115.0
118.0		1.71357421875	1.24482421875	0.867333984375	83.43898	83.43898	118.0
121.0		1.921142578125	1.096630859375	0.96484375	85.56031	85.56031	121.0
124.0		2.010498046875	0.914990234375	1.019775390625	87.68164	87.68164	124.0
127.0		2.13896484375	0.7505859375	1.064501953125	89.80297	89.80297	127.0
130.0		2.21044921875	0.56845703125	1.09580078125	91.9243	91.9243	130.0
133.0		2.2640625	0.381689453125	1.12412109375	94.04563	94.04563	133.0
136.0		2.290478515625	0.231494140625	1.140625	96.16696	96.16696	136.0
139.0		2.29140625	0.09189453125	1.148193359375	98.28829	98.28829	139.0
142.0		2.280419921875	0.01474609375	1.155029296875	100.40962	100.40962	142.0
145.0		2.21220703125	0.004931640625	1.1595703125	102.53095	102.53095	145.0
148.0		2.12451171875	-0.001171875	1.14853515625	104.65228	104.65228	148.0
151.0		2.02490234375	-0.00244140625	1.1439453125	106.77361	106.77361	151.0
154.0		1.89521484375	-0.00537109375	1.146826171875	108.89494	108.89494	154.0
157.0		1.734716796875	-0.004638671875	1.13505859375	111.01627	111.01627	157.0
160.0		1.529248046875	-0.005029296875	1.136962890625	113.1376	113.1376	160.0
163.0		1.272265625	-0.005078125	1.13291015625	115.25893	115.25893	163.0
166.0		0.98203125	-0.005029296875	1.1375	117.38026	117.38026	166.0
169.0		0.659130859375	-0.0033203125	1.13388671875	119.50159000000001	119.50159000000001	169.0
172.0		0.439794921875	-0.005126953125	1.145263671875	121.62292000000001	121.62292000000001	172.0
175.0		0.277685546875	-0.00771484375	1.14912109375	123.74425000000001	123.74425000000001	175.0
178.0		0.182373046875	-0.007958984375	1.137646484375	125.86558000000001	125.86558000000001	178.0
181.0		0.11884765625	-0.00576171875	1.149169921875	127.98691000000001	127.98691000000001	181.0
184.0		0.0625	-0.00634765625	1.138916015625	130.10824	130.10824	184.0
187.0		0.023779296875	-0.009033203125	1.149072265625	132.22957	132.22957	187.0
190.0		0.011083984375	-0.0041015625	1.149658203125	134.3509	134.3509	190.0
193.0		0.005712890625	-0.00908203125	1.124951171875	136.47223	136.47223	193.0
196.0		0.00751953125	-0.00380859375	1.111181640625	138.59356	138.59356	196.0
199.0		0.00712890625	-0.004931640625	1.090185546875	140.71489	140.71489	199.0
202.0		0.008251953125	-0.005419921875	1.042333984375	142.83622	142.83622	202.0
205.0		0.008837890625	-0.00224609375	1.0025390625	144.95755	144.95755	205.0
208.0		0.0078125	-0.0037109375	0.9458984375	147.07888	147.07888	208.0
211.0		0.007373046875	-0.003173828125	0.880859375	149.20021	149.20021	211.0
214.0		0.005908203125	-0.003857421875	0.764697265625	151.32154	151.32154	214.0
217.0		0.00791015625	-0.00322265625	0.633837890625	153.44287	153.44287	217.0
220.0		0.008203125	-0.003173828125	0.4705078125	155.5642	155.5642	220.0
223.0		0.00888671875	-0.002490234375	0.307275390625	157.68553	157.68553	223.0
226.0		0.00703125	-0.004150390625	0.1849609375	159.80686	159.80686	226.0
229.0		0.008544921875	-0.003564453125	0.096533203125	161.92819	161.92819	229.0
232.0		0.00673828125	-0.004296875	0.04384765625	164.04952	164.04952	232.0
235.0		0.007568359375	-0.00380859375	0.020361328125	166.17085	166.17085	235.0
238.0		0.00703125	-0.0041015625	0.01005859375	168.29218	168.29218	238.0
241.0		0.00771484375	-0.003955078125	0.008447265625	170.41351	170.41351	241.0
244.0		0.00771484375	-0.0041015625	0.006884765625	172.53484	172.53484	244.0
247.0		0.006396484375	-0.004150390625	0.005224609375	174.65617	174.65617	247.0
250.0		0.00810546875	-0.0033203125	0.006640625	176.7775	176.7775	250.0
253.0		0.007763671875	-0.0037109375	0.00625	178.89883	178.89883	253.0
256.0		0.007470703125	-0.004443359375	0.005810546875	181.02016	181.02016	256.0
259.0		0.00712890625	-0.00380859375	0.006494140625	183.14149	183.14149	259.0
262.0		0.006689453125	-0.004541015625	0.00537109375	185.26282	185.26282	262.0
265.0		0.00703125	-0.0041015625	0.0060546875	187.38415	187.38415	265.0
268.0		0.007421875	-0.00400390625	0.00615234375	189.50548	189.50548	268.0
271.0		0.00712890625	-0.00419921875	0.005517578125	191.62681	191.62681	271.0
274.0		0.006640625	-0.0044921875	0.00517578125	193.74814	193.74814	274.0
277.0		0.007470703125	-0.003759765625	0.006201171875	195.86947	195.86947	277.0
280.0		0.0072265625	-0.004296875	0.005615234375	197.9908	197.9908	280.0
283.0		0.00771484375	-0.0037109375	0.00546875	200.11213	200.11213	283.0
286.0		0.00751953125	-0.003759765625	0.0056640625	202.23346	202.23346	286.0
289.0		0.006982421875	-0.00400390625	0.00537109375	204.35479	204.35479	289.0
292.0		0.006884765625	-0.0044921875	0.005029296875	206.47612	206.47612	292.0

Position	X Fit	Y Fit	Z Fit
--------	-----	-----	-----
25.0		-0.011712070485670174	-0.021788306428537865	-0.02614570812173702	17.67775	17.67775	25.0
28.0		-0.011704572835255628	-0.01804862700809563	-0.018911998479180944	19.79908	19.79908	28.0
31.0		-0.011690604257433264	-0.01258544686436944	-0.010577586436120494	21.92041	21.92041	31.0
34.0		-0.011665055877520196	-0.004756994488874115	-0.0010231055087648322	24.04174	24.04174	34.0
37.0		-0.011619184728535209	0.006244568817440049	0.00987475271239674	26.16307	26.16307	37.0
40.0		-0.011538338426669596	0.021404585720289086	0.022241612928494595	28.2844	28.2844	40.0
43.0		-0.011398475604875	0.041884035569373146	0.03620345683558643	30.405730000000002	30.405730000000002	43.0
46.0		-0.011160987889531135	0.06899855971587783	0.05188432861328213	32.52706	32.52706	46.0
49.0		-0.010765211877120276	0.10417278701147815	0.06940371433287837	34.64839	34.64839	49.0
52.0		-0.010117924400399513	0.14886558648090764	0.08887361651909467	36.76972	36.76972	52.0
55.0		-0.009079078386182816	0.20446429626815954	0.11039535833528227	38.89105	38.89105	55.0
58.0		-0.007443111110453511	0.2721496318194806	0.13405616585912064	41.01238	41.01238	58.0
61.0		-0.004915404888141165	0.3527376551909293	0.1599255912068324	43.13371	43.13371	61.0
64.0		-0.0010839700369426417	0.44651040806965364	0.1880518532982048	45.25504	45.25504	64.0
67.0		0.004612789853918409	0.553051823932729	0.21845818621399707	47.37637	47.37637	67.0
70.0		0.01292025019230445	0.6711093998219892	0.2511392967177456	49.4977	49.4977	70.0
73.0		0.02480027003629287	0.7985038389751229	0.2860580419131067	51.61903	51.61903	73.0
76.0		0.04145740016367301	0.9321076341979493	0.32314244451671537	53.74036	53.74036	76.0
79.0		0.06435195055720205	1.0679088718746934	0.362283166224864	55.86169	55.86169	79.0
82.0		0.09519198198105265	1.2011684647916814	0.4033315586057066	57.98302	57.98302	82.0
85.0		0.13589572238112865	1.326668279064905	0.4460984054453564	60.104350000000004	60.104350000000004	85.0
88.0		0.1885165144567994	1.4390355377609434	0.49035346026132587	62.225680000000004	62.225680000000004	88.0
91.0		0.2551245730108779	1.533117249630017	0.53582586770186	64.34701	64.34701	91.0
94.0		0.33764381184504394	1.6043691815162318	0.5822055379155755	66.46834	66.46834	94.0
97.0		0.43764775949405804	1.6492188247229302	0.6291455190656899	68.58967	68.58967	97.0
100.0		0.5561257192716959	1.6653620905791438	0.6762653855656476	70.711	70.711	100.0
103.0		0.6932380235084923	1.6519594513334126	0.7231556291329678	72.83233	72.83233	103.0
106.0		0.8480862875258993	1.6097082854302507	0.7693830073952169	74.95366	74.95366	106.0
109.0		1.0185295505712266	1.5407827494649091	0.8144967716966736	77.07499	77.07499	109.0
112.0		1.2010786638292894	1.4486483929424612	0.8580356632230675	79.19632	79.19632	112.0
115.0		1.390898120951002	1.3377735187283566	0.8995355359229475	81.31765	81.31765	115.0
118.0		1.581936215577577	1.2132707405073364	0.9385374372962928	83.43898	83.43898	118.0
121.0		1.7671913111840827	1.080508682918995	0.974595955217512	85.56031	85.56031	121.0
124.0		1.9391054498016536	0.944734585840497	1.0072876217041251	87.68164	87.68164	124.0
127.0		2.090058712986114	0.8107439657570581	1.0362191538845658	89.80297	89.80297	127.0
130.0		2.212921457437015	0.6826245769224946	1.0610353090613514	91.9243	91.9243	130.0
133.0		2.301609649139785	0.5635904224600419	1.081426135119698	94.04563	94.04563	133.0
136.0		2.3515834153258086	0.4559094440649976	1.0971334096837468	96.16696	96.16696	136.0
139.0		2.360232030844143	0.36091758635928883	1.107956081121921	98.28829	98.28829	139.0
142.0		2.3270999075412	0.2791035712107907	1.1137545511626306	100.40962	100.40962	142.0
145.0		2.25392635894809	0.2102436999665269	1.1144536715984388	102.53095	102.53095	145.0
148.0		2.144494309572602	0.15356445183511275	1.1100443651484466	104.65228	104.65228	148.0
151.0		2.0043062652193915	0.10791213190028563	1.100583821605132	106.77361	106.77361	151.0
154.0		1.840126173309819	0.07191252939829457	1.0861942633403698	108.89494	108.89494	154.0
157.0		1.659440228487058	0.044108494466652826	1.067060317423651	111.01627	111.01627	157.0
160.0		1.469896257080364	0.02306857827649354	1.043425073340527	113.1376	113.1376	160.0
163.0		1.2787794920489797	0.007464635634963929	1.0155849439861748	115.25893	115.25893	163.0
166.0		1.092573207668904	-0.0038799486798971917	0.9838834817864365	117.38026	117.38026	166.0
169.0		0.9166378693003665	-0.01196720978743122	0.9487043302163206	119.50159000000001	119.50159000000001	169.0
172.0		0.7550249139940534	-0.01762120349911436	0.9104635126599799	121.62292000000001	121.62292000000001	172.0
175.0		0.6104238928733062	-0.021498438969588182	0.8696012748105192	123.74425000000001	123.74425000000001	175.0
178.0		0.4842269652497161	-0.02410678610809402	0.8265737032988523	125.86558000000001	125.86558000000001	178.0
181.0		0.37668435094921837	-0.025828420731593714	0.7818443419638051	127.98691000000001	127.98691000000001	181.0
184.0		0.2871190774068824	-0.026943482072225102	0.7358760184552013	130.10824	130.10824	184.0
187.0		0.21416902707389263	-0.027652215869985976	0.6891230783244479	132.22957	132.22957	187.0
190.0		0.15602798941896107	-0.028094329572251657	0.6420242022909052	134.3509	134.3509	190.0
193.0		0.11066380258610645	-0.028365028847925692	0.5949959560734686	136.47223	136.47223	193.0
196.0		0.07599926376351296	-0.028527724094367577	0.5484271922897042	138.59356	138.59356	196.0
199.0		0.05004897633299778	-0.028623714230979307	0.5026743917768726	140.71489	140.71489	199.0
202.0		0.03101170117630809	-0.02867931348729172	0.4580579986248775	142.83622	142.83622	202.0
205.0		0.017322516946218357	-0.02871093089631323	0.41485977052973866	144.95755	144.95755	205.0
208.0		0.007671995773703083	-0.028728583984987278	0.37332113497475916	147.07888	147.07888	208.0
211.0		0.0010008104565011715	-0.028738261695149606	0.333642513272534	149.20021	149.20021	211.0
214.0		-0.003521945800193455	-0.028743471251048026	0.2959835495150819	151.32154	151.32154	214.0
217.0		-0.0065294900617844966	-0.02874622498637124	0.260464160630814	153.44287	153.44287	217.0
220.0		-0.008491419258117567	-0.02874765438375349	0.22716630746087638	155.5642	155.5642	220.0
223.0		-0.009747058749563295	-0.028748383014947445	0.19613637524423475	157.68553	157.68553	223.0
226.0		-0.01053555518000858	-0.028748747769018475	0.16738804512760513	159.80686	159.80686	226.0
229.0		-0.011021431837982496	-0.028748927094823344	0.14090553608640632	161.92819	161.92819	229.0
232.0		-0.011315249894379561	-0.02874901368077655	0.1166470985841544	164.04952	164.04952	232.0
235.0		-0.01148962655356552	-0.028749054741355043	0.0945486469056512	166.17085	166.17085	235.0
238.0		-0.011591200897225571	-0.02874907386566948	0.07452742577346277	168.29218	168.29218	238.0
241.0		-0.01164927617732746	-0.02874908261428704	0.05648561793826064	170.41351	170.41351	241.0
244.0		-0.0116818698855788	-0.028749086545211296	0.040313812239521005	172.53484	172.53484	244.0
247.0		-0.011699826851503073	-0.02874908828005353	0.025894265491923682	174.65617	174.65617	247.0
250.0		-0.011709538850650974	-0.0287490890320975	0.013103905831507084	176.7775	176.7775	250.0
253.0		-0.011714695635137645	-0.028749089352319974	0.0018170392832553978	178.89883	178.89883	253.0
256.0		-0.011717383830004932	-0.02874908948625454	-0.008092265203075572	181.02016	181.02016	256.0
259.0		-0.01171875967466836	-0.0287490895412811	-0.016748124560034182	183.14149	183.14149	259.0
262.0		-0.011719451058576294	-0.028749089563488466	-0.02427112546885503	185.26282	185.26282	262.0
265.0		-0.011719792191481726	-0.028749089572292316	-0.030776934962015973	187.38415	187.38415	265.0
268.0		-0.01171995746176605	-0.028749089575720817	-0.036375221570488794	189.50548	189.50548	268.0
271.0		-0.011720036083791265	-0.028749089577032406	-0.041168864659459965	191.62681	191.62681	271.0
274.0		-0.011720072810555555	-0.028749089577525307	-0.04525342509503559	193.74814	193.74814	274.0
277.0		-0.011720089657458943	-0.028749089577707273	-0.048716847446814815	195.86947	195.86947	277.0
280.0		-0.011720097246131577	-0.028749089577773265	-0.05163936241135365	197.9908	197.9908	280.0
283.0		-0.011720100602955889	-0.028749089577796778	-0.05409355786123538	200.11213	200.11213	283.0
286.0		-0.011720102061154456	-0.028749089577805007	-0.05614458768620026	202.23346	202.23346	286.0
289.0		-0.011720102683222202	-0.028749089577807835	-0.057850489191492896	204.35479	204.35479	289.0
292.0		-0.011720102943836897	-0.028749089577808792	-0.05926258205178751	206.47612	206.47612	292.0
RTBT_Diag:WS20

Name	X Fit	X RMS	Y Fit	Y RMS	Z Fit	Z RMS
-------	-----	-----	-----	-----	-----	-----
Area	100.82824548854597	87.1195082661133	91.38421041418289	86.35397379557291	94.49259914174883	82.2362249053467
Ampl	1.6748823037762992	1.598291015625	1.9383950565086678	1.9097167968750002	1.7708204218016534	1.645849609375
Mean	89.70200824596027	90.09561093160735	102.16258716693712	102.32891793532823	135.779934079396	126.58299073905577
Sigma	24.016404074114863	19.61646520349014	18.80784062717478	17.000399412363137	21.28792536982055	15.065266892947799
Offset	-0.056388961008869934	-1.46484375E-4	-0.0023269397883507155	0.004809570312500001	0.012891155852656579	-6.591796875E-4
Slope	0.0	0.0	0.0	0.0	0.0	0.0

Position	X Raw	Y Raw	Z Raw
--------	-----	-----	-----
25.0		-4.8828125E-4	0.004541015625	-8.30078125E-4	17.67775	17.67775	25.0
28.0		1.953125E-4	0.005078125	-4.8828125E-4	19.79908	19.79908	28.0
31.0		-2.9296875E-4	0.004638671875	-5.37109375E-4	21.92041	21.92041	31.0
34.0		4.8828125E-5	0.0048828125	-4.8828125E-4	24.04174	24.04174	34.0
37.0		5.859375E-4	0.005029296875	-3.41796875E-4	26.16307	26.16307	37.0
40.0		6.8359375E-4	0.00517578125	-1.953125E-4	28.2844	28.2844	40.0
43.0		6.8359375E-4	0.005322265625	-8.30078125E-4	30.405730000000002	30.405730000000002	43.0
46.0		0.00244140625	0.005078125	-4.8828125E-5	32.52706	32.52706	46.0
49.0		0.005908203125	0.0048828125	-5.37109375E-4	34.64839	34.64839	49.0
52.0		0.01416015625	0.005859375	1.46484375E-4	36.76972	36.76972	52.0
55.0		0.02509765625	0.01171875	7.8125E-4	38.89105	38.89105	55.0
58.0		0.043310546875	0.0322265625	0.001123046875	41.01238	41.01238	58.0
61.0		0.06494140625	0.08046875	0.00107421875	43.13371	43.13371	61.0
64.0		0.09560546875	0.158642578125	7.8125E-4	45.25504	45.25504	64.0
67.0		0.13740234375	0.273486328125	8.30078125E-4	47.37637	47.37637	67.0
70.0		0.190087890625	0.42548828125	5.859375E-4	49.4977	49.4977	70.0
73.0		0.275927734375	0.57607421875	-9.765625E-5	51.61903	51.61903	73.0
76.0		0.35859375	0.744921875	-4.8828125E-5	53.74036	53.74036	76.0
79.0		0.469189453125	0.906982421875	0.001123046875	55.86169	55.86169	79.0
82.0		0.59345703125	1.092041015625	9.765625E-4	57.98302	57.98302	82.0
85.0		0.7201171875	1.261669921875	0.00234375	60.104350000000004	60.104350000000004	85.0
88.0		0.832080078125	1.434765625	0.001123046875	62.225680000000004	62.225680000000004	88.0
91.0		0.93486328125	1.60087890625	8.30078125E-4	64.34701	64.34701	91.0
94.0		1.036328125	1.73583984375	0.002490234375	66.46834	66.46834	94.0
97.0		1.1119140625	1.8619140625	0.002783203125	68.58967	68.58967	97.0
100.0		1.19296875	1.912890625	0.00185546875	70.711	70.711	100.0
103.0		1.259716796875	1.9193359375	0.0046875	72.83233	72.83233	103.0
106.0		1.336376953125	1.890625	0.002099609375	74.95366	74.95366	106.0
109.0		1.399560546875	1.790234375	0.003515625	77.07499	77.07499	109.0
112.0		1.458740234375	1.657958984375	0.004833984375	79.19632	79.19632	112.0
115.0		1.50654296875	1.517333984375	0.00380859375	81.31765	81.31765	115.0
118.0		1.542431640625	1.361181640625	0.003173828125	83.43898	83.43898	118.0
121.0		1.563623046875	1.18759765625	0.0029296875	85.56031	85.56031	121.0
124.0		1.585400390625	1.019140625	0.00458984375	87.68164	87.68164	124.0
127.0		1.597998046875	0.85263671875	0.00498046875	89.80297	89.80297	127.0
130.0		1.585546875	0.6849609375	0.00791015625	91.9243	91.9243	130.0
133.0		1.5587890625	0.520361328125	0.025244140625	94.04563	94.04563	133.0
136.0		1.54521484375	0.3734375	0.1150390625	96.16696	96.16696	136.0
139.0		1.513916015625	0.2177734375	0.333984375	98.28829	98.28829	139.0
142.0		1.464404296875	0.093115234375	0.668994140625	100.40962	100.40962	142.0
145.0		1.4205078125	0.04208984375	1.02158203125	102.53095	102.53095	145.0
148.0		1.358251953125	0.01435546875	1.30078125	104.65228	104.65228	148.0
151.0		1.299658203125	0.00859375	1.456396484375	106.77361	106.77361	151.0
154.0		1.219287109375	0.00400390625	1.544482421875	108.89494	108.89494	154.0
157.0		1.153271484375	0.005517578125	1.61787109375	111.01627	111.01627	157.0
160.0		1.05283203125	0.005322265625	1.64423828125	113.1376	113.1376	160.0
163.0		0.954736328125	0.00478515625	1.66640625	115.25893	115.25893	163.0
166.0		0.841943359375	0.00791015625	1.6689453125	117.38026	117.38026	166.0
169.0		0.73759765625	0.00751953125	1.665087890625	119.50159000000001	119.50159000000001	169.0
172.0		0.62431640625	0.005224609375	1.66494140625	121.62292000000001	121.62292000000001	172.0
175.0		0.495556640625	0.00791015625	1.660595703125	123.74425000000001	123.74425000000001	175.0
178.0		0.360888671875	0.0078125	1.64453125	125.86558000000001	125.86558000000001	178.0
181.0		0.278515625	0.009912109375	1.674267578125	127.98691000000001	127.98691000000001	181.0
184.0		0.2052734375	0.00947265625	1.663916015625	130.10824	130.10824	184.0
187.0		0.152685546875	0.00400390625	1.67685546875	132.22957	132.22957	187.0
190.0		0.117724609375	0.009619140625	1.701220703125	134.3509	134.3509	190.0
193.0		0.0833984375	0.009814453125	1.691796875	136.47223	136.47223	193.0
196.0		0.05634765625	0.003759765625	1.695703125	138.59356	138.59356	196.0
199.0		0.03515625	0.006494140625	1.680615234375	140.71489	140.71489	199.0
202.0		0.023095703125	0.007666015625	1.62109375	142.83622	142.83622	202.0
205.0		0.0130859375	0.009033203125	1.55029296875	144.95755	144.95755	205.0
208.0		0.00478515625	0.006689453125	1.43525390625	147.07888	147.07888	208.0
211.0		0.003515625	0.00625	1.257177734375	149.20021	149.20021	211.0
214.0		0.0013671875	0.00625	0.9291015625	151.32154	151.32154	214.0
217.0		-0.001318359375	0.005615234375	0.521923828125	153.44287	153.44287	217.0
220.0		-0.001171875	0.004150390625	0.210498046875	155.5642	155.5642	220.0
223.0		6.34765625E-4	0.00419921875	0.060009765625	157.68553	157.68553	223.0
226.0		-2.44140625E-4	0.00400390625	0.01044921875	159.80686	159.80686	226.0
229.0		4.8828125E-4	0.00419921875	0.00390625	161.92819	161.92819	229.0
232.0		4.39453125E-4	0.004248046875	0.00146484375	164.04952	164.04952	232.0
235.0		2.44140625E-4	0.00419921875	0.0017578125	166.17085	166.17085	235.0
238.0		7.8125E-4	0.004638671875	0.00146484375	168.29218	168.29218	238.0
241.0		5.37109375E-4	0.004345703125	0.001123046875	170.41351	170.41351	241.0
244.0		1.953125E-4	0.0041015625	0.001513671875	172.53484	172.53484	244.0
247.0		-9.765625E-5	0.00390625	9.765625E-4	174.65617	174.65617	247.0
250.0		9.765625E-5	0.0041015625	0.00107421875	176.7775	176.7775	250.0
253.0		9.765625E-5	0.004150390625	7.32421875E-4	178.89883	178.89883	253.0
256.0		-2.9296875E-4	0.00419921875	4.39453125E-4	181.02016	181.02016	256.0
259.0		-1.46484375E-4	0.00419921875	7.8125E-4	183.14149	183.14149	259.0
262.0		-4.8828125E-5	0.004248046875	6.34765625E-4	185.26282	185.26282	262.0
265.0		-1.46484375E-4	0.004443359375	7.32421875E-4	187.38415	187.38415	265.0
268.0		4.8828125E-4	0.004443359375	0.001025390625	189.50548	189.50548	268.0
271.0		-9.765625E-5	0.0041015625	2.9296875E-4	191.62681	191.62681	271.0
274.0		-2.9296875E-4	0.003662109375	5.859375E-4	193.74814	193.74814	274.0
277.0		-9.765625E-5	0.003955078125	5.859375E-4	195.86947	195.86947	277.0
280.0		-4.39453125E-4	0.00400390625	4.8828125E-5	197.9908	197.9908	280.0
283.0		4.8828125E-5	0.0044921875	7.8125E-4	200.11213	200.11213	283.0
286.0		2.9296875E-4	0.004248046875	8.30078125E-4	202.23346	202.23346	286.0
289.0		-1.46484375E-4	0.004248046875	2.44140625E-4	204.35479	204.35479	289.0
292.0		-3.41796875E-4	0.004248046875	2.44140625E-4	206.47612	206.47612	292.0

Position	X Fit	Y Fit	Z Fit
--------	-----	-----	-----
25.0		-0.03743642461874662	-0.0018979764121571467	0.012587876469021207	17.67775	17.67775	25.0
28.0		-0.0318592486531048	-0.0015120437794434714	0.012588142143792874	19.79908	19.79908	28.0
31.0		-0.02486485015445849	-8.17782498466757E-4	0.012588590850586934	21.92041	21.92041	31.0
34.0		-0.016169450788196572	3.977506026445186E-4	0.012589340953824326	24.04174	24.04174	34.0
37.0		-0.005454130333134015	0.002468739738971884	0.012590582091302116	26.16307	26.16307	37.0
40.0		0.007633708086520273	0.005901802973326463	0.012592614697570483	28.2844	28.2844	40.0
43.0		0.023477000429875584	0.01143777312139389	0.012595909389904784	30.405730000000002	30.405730000000002	43.0
46.0		0.042483486898719745	0.020119691279584427	0.01260119503548009	32.52706	32.52706	46.0
49.0		0.06507770356776993	0.03335804521106025	0.012609587619600246	34.64839	34.64839	49.0
52.0		0.09169030453728597	0.052978800211544205	0.012622776269403948	36.76972	36.76972	52.0
55.0		0.12274463233168684	0.08123436944745094	0.012643288077001427	38.89105	38.89105	55.0
58.0		0.15864060057393617	0.12075394320508079	0.012674859776766988	41.01238	41.01238	58.0
61.0		0.19973612820906625	0.17440958445866686	0.012722951830403884	43.13371	43.13371	61.0
64.0		0.24632656172361908	0.24508027229068874	0.012795448871372217	45.25504	45.25504	64.0
67.0		0.29862273051119803	0.3353090553427632	0.012903599344890045	47.37637	47.37637	67.0
70.0		0.3567284872224589	0.44686862982250297	0.013063255840997094	49.4977	49.4977	70.0
73.0		0.42061877353677857	0.5802758062190525	0.01329648497576054	51.61903	51.61903	73.0
76.0		0.4901194046946675	0.7343209167540683	0.013633620219759706	53.74036	53.74036	76.0
79.0		0.5648898655308512	0.9056977780929644	0.014115830835626111	55.86169	55.86169	79.0
82.0		0.6444104402466907	1.08882631230156	0.014798272664641177	57.98302	57.98302	82.0
85.0		0.7279749444921383	1.2759476946089965	0.015753869155712592	60.104350000000004	60.104350000000004	85.0
88.0		0.8146901830654636	1.4575388442995973	0.017077740875340322	62.225680000000004	62.225680000000004	88.0
91.0		0.9034830175817629	1.6230422674594438	0.01889225605836039	64.34701	64.34701	91.0
94.0		0.9931156011080516	1.7618472534405183	0.02135261143867454	66.46834	66.46834	94.0
97.0		1.0822089342101948	1.8644019168955228	0.02465277066081809	68.58967	68.58967	97.0
100.0		1.1692744399859263	1.9232964672322699	0.02903148780479919	70.711	70.711	100.0
103.0		1.252752772046841	1.9341476869651861	0.0347780291503475	72.83233	72.83233	103.0
106.0		1.3310585915909798	1.896138102177608	0.04223708342960483	74.95366	74.95366	106.0
109.0		1.4026296127589426	1.8121177636822146	0.05181222899704992	77.07499	77.07499	109.0
112.0		1.4659778541568635	1.6882510451934634	0.06396721854133083	79.19632	79.19632	112.0
115.0		1.5197407801299598	1.533269230277882	0.07922426419300213	81.31765	81.31765	115.0
118.0		1.5627298930673506	1.3574546924165476	0.0981584762952966	83.43898	83.43898	118.0
121.0		1.5939743637315162	1.171520507384221	0.12138764645112883	85.56031	85.56031	121.0
124.0		1.6127574654989794	0.9855537317547969	0.14955668696135782	87.68164	87.68164	124.0
127.0		1.6186439038246498	0.8081630510948292	0.18331625752499553	89.80297	89.80297	127.0
130.0		1.611496585851239	0.6459210260824347	0.223295432211908	91.9243	91.9243	130.0
133.0		1.5914819280371095	0.5031309833577842	0.2700686816546176	94.04563	94.04563	133.0
136.0		1.5590634148629146	0.38189237541743937	0.3241179515945974	96.16696	96.16696	136.0
139.0		1.5149837567575368	0.28239682517936743	0.38579118059784234	98.28829	98.28829	139.0
142.0		1.4602366063338814	0.20336561916943396	0.45525917508917146	100.40962	100.40962	142.0
145.0		1.3960293368607144	0.14253816456768015	0.5324732958211601	102.53095	102.53095	145.0
148.0		1.32373882918962	0.09713554970904349	0.6171268460529091	104.65228	104.65228	148.0
151.0		1.2448625252006922	0.06424714517918088	0.7086233257697682	106.77361	106.77361	151.0
154.0		1.1609671699757353	0.04111422143603217	0.806054771024548	108.89494	108.89494	154.0
157.0		1.0736376758634678	0.025307329469671663	0.9081931884749482	111.01627	111.01627	157.0
160.0		0.9844284056426432	0.014810458216412307	1.013497598187366	113.1376	113.1376	160.0
163.0		0.8948189061000938	0.00803383229931836	1.1201384149171585	115.25893	115.25893	163.0
166.0		0.8061757532488032	0.0037795227452592974	1.2260398617473158	117.38026	117.38026	166.0
169.0		0.7197217279509464	0.0011816905346898636	1.3289398834518573	119.50159000000001	119.50159000000001	169.0
172.0		0.6365130608130646	-3.616080524030136E-4	1.4264657013114952	121.62292000000001	121.62292000000001	172.0
175.0		0.5574250028401457	-0.0012537304053614746	1.5162218382463943	123.74425000000001	123.74425000000001	175.0
178.0		0.48314552561850743	-0.0017556145703250372	1.5958862654516952	125.86558000000001	125.86558000000001	178.0
181.0		0.41417655873773296	-0.002030434348078322	1.6633093994366073	127.98691000000001	127.98691000000001	181.0
184.0		0.35084185292624376	-0.002176925620415275	1.716610115852329	130.10824	130.10824	184.0
187.0		0.2933003273917836	-0.0022529482208419804	1.7542628194272718	132.22957	132.22957	187.0
190.0		0.2415636236769916	-0.0022913617075161945	1.7751699543597528	134.3509	134.3509	190.0
193.0		0.19551654319137116	-0.0023102622039862086	1.7787151479797485	136.47223	136.47223	193.0
196.0		0.15493908249919355	-0.002319318399609259	1.7647933972006973	138.59356	138.59356	196.0
199.0		0.11952888578264223	-0.0023235444315320725	1.7338162348397645	140.71489	140.71489	199.0
202.0		0.08892309104891269	-0.0023254651447611337	1.6866915211076636	142.83622	142.83622	202.0
205.0		0.06271873775747033	-0.0023263154226280365	1.6247792449991232	144.95755	144.95755	205.0
208.0		0.04049111109656287	-0.0023266820723537463	1.5498263381497126	147.07888	147.07888	208.0
211.0		0.021809606269890557	-0.0023268360847011364	1.4638848601687933	149.20021	149.20021	211.0
214.0		0.00625089160378535	-0.0023268991068427104	1.369218897437756	151.32154	151.32154	214.0
217.0		-0.006590678023814522	-0.0023269242304718735	1.2682060537746909	153.44287	153.44287	217.0
220.0		-0.017095302677322885	-0.002326933988002507	1.1632394735409135	155.5642	155.5642	220.0
223.0		-0.02561242859828763	-0.002326937680168787	1.0566359444854974	157.68553	157.68553	223.0
226.0		-0.03245760686390457	-0.0023269390413647446	0.9505548398114186	159.80686	159.80686	226.0
229.0		-0.03791119138404122	-0.0023269395303225325	0.8469315707999684	161.92819	161.92819	229.0
232.0		-0.04221853006249763	-0.0023269397014602385	0.747427948285846	164.04952	164.04952	232.0
235.0		-0.045591307731679236	-0.0023269397598255906	0.6534005164715011	166.17085	166.17085	235.0
238.0		-0.04820972180050562	-0.002326939779221504	0.565886643567041	168.29218	168.29218	238.0
241.0		-0.05022520610176474	-0.002326939785502392	0.4856070310876423	170.41351	170.41351	241.0
244.0		-0.051763460248514866	-0.002326939787484361	0.4129824124614362	172.53484	172.53484	244.0
247.0		-0.05292758663943302	-0.0023269397880938225	0.348161596921818	174.65617	174.65617	247.0
250.0		-0.053801181645862325	-0.0023269397882764546	0.29105769056984726	176.7775	176.7775	250.0
253.0		-0.0544512689030337	-0.0023269397883297883	0.24138927880105357	178.89883	178.89883	253.0
256.0		-0.05493099929688172	-0.0023269397883449662	0.19872354587982385	181.02016	181.02016	256.0
259.0		-0.05528207322578689	-0.0023269397883491755	0.1625186853418229	183.14149	183.14149	259.0
262.0		-0.055536865693024365	-0.0023269397883503135	0.132163457981081	185.26282	185.26282	262.0
265.0		-0.055720253906170206	-0.002326939788350613	0.10701232048210156	187.38415	187.38415	265.0
268.0		-0.0558511608220693	-0.00232693978835069	0.08641512070133453	189.50548	189.50548	268.0
271.0		-0.055943837189387696	-0.0023269397883507095	0.06974088848761738	191.62681	191.62681	271.0
274.0		-0.056008909914898465	-0.0023269397883507142	0.056395709591340853	193.74814	193.74814	274.0
277.0		-0.0560542268375828	-0.002326939788350715	0.04583503383218565	195.86947	195.86947	277.0
280.0		-0.05608552801023234	-0.0023269397883507155	0.03757102907058374	197.9908	197.9908	280.0
283.0		-0.056106972045902107	-0.0023269397883507155	0.031175752165830246	200.11213	200.11213	283.0
286.0		-0.05612154356003814	-0.0023269397883507155	0.026280977626294007	202.23346	202.23346	286.0
289.0		-0.05613136468538282	-0.0023269397883507155	0.02257551995007681	204.35479	204.35479	289.0
292.0		-0.056137930400838976	-0.0023269397883507155	0.019800825135338793	206.47612	206.47612	292.0

PVLoggerID = 48843427